100
97600
98400
98500
98700
98800
98900
99000
99000
99000
99100
99100
99200
99200
99200
99300
99300
99300
99300
99300
99400
99400
99400
99500
99500
99500
99500
99600
99600
99600
99600
99600
99600
99700
99700
99700
99700
99800
99800
99800
99800
99800
99800
99800
99800
99800
99800
99800
99800
99900
99900
99900
99900
99900
99900
99900
99900
99900
99900
99900
99900
100000
100000
100000
100000
100000
100000
100000
100000
100000
100000
100100
100100
100100
100100
100100
100100
100100
100200
100200
100200
100200
100200
100200
100200
100200
100200
100200
100300
100300
100300
100300
100300
100300
100300
100300
100300
100300
100300
100300
100300
100300
100400
100400
100400
100400
100400
100400
100400
100400
100400
100400
100400
100400
100400
100400
100500
100500
100500
100500
100500
100500
100500
100500
100500
100500
100500
100500
100500
100500
100500
100500
100600
100600
100600
100600
100600
100600
100600
100600
100600
100600
100600
100600
100700
100700
100700
100700
100700
100700
100700
100700
100700
100700
100700
100700
100700
100700
100700
100700
100700
100700
100800
100800
100800
100800
100800
100800
100800
100800
100800
100800
100800
100800
100800
100800
100800
100800
100800
100800
100800
100800
100800
100800
100900
100900
100900
100900
100900
100900
100900
100900
100900
100900
100900
100900
100900
100900
100900
100900
100900
101000
101000
101000
101000
101000
101000
101000
101000
101000
101000
101000
101000
101000
101000
101000
101100
101100
101100
101100
101100
101100
101100
101100
101100
101100
101100
101100
101100
101100
101100
101100
101200
101200
101200
101200
101200
101200
101200
101200
101200
101200
101200
101200
101200
101200
101200
101200
101200
101200
101200
101200
101200
101200
101300
101300
101300
101300
101300
101300
101300
101300
101300
101300
101300
101300
101300
101300
101300
101300
101300
101300
101300
101300
101300
101300
101300
101300
101300
101300
101300
101400
101400
101400
101400
101400
101400
101400
101400
101400
101400
101400
101400
101400
101400
101400
101400
101400
101400
101400
101400
101500
101500
101500
101500
101500
101500
101500
101500
101500
101500
101500
101500
101500
101500
101500
101500
101500
101500
101500
101500
101500
101500
101500
101500
101600
101600
101600
101600
101600
101600
101600
101600
101600
101600
101600
101600
101600
101600
101600
101600
101600
101600
101600
101600
101600
101600
101700
101700
101700
101700
101700
101700
101700
101700
101700
101700
101700
101700
101700
101700
101700
101700
101700
101700
101700
101700
101700
101700
101800
101800
101800
101800
101800
101800
101800
101800
101800
101800
101800
101800
101800
101800
101800
101800
101900
101900
101900
101900
101900
101900
101900
101900
101900
101900
101900
101900
101900
101900
101900
101900
101900
101900
101900
101900
101900
101900
101900
101900
102000
102000
102000
102000
102000
102000
102000
102000
102000
102000
102000
102000
102100
102100
102100
102100
102100
102100
102100
102100
102100
102100
102100
102100
102100
102100
102100
102100
102100
102100
102100
102100
102100
102100
102100
102100
102100
102100
102100
102100
102200
102200
102200
102200
102200
102200
102200
102200
102200
102200
102200
102200
102200
102200
102200
102200
102200
102200
102200
102200
102200
102300
102300
102300
102300
102300
102300
102300
102300
102300
102300
102300
102300
102300
102300
102300
102300
102300
102300
102300
102300
102300
102400
102400
102400
102400
102400
102400
102400
102400
102400
102400
102400
102400
102400
102400
102400
102400
102400
102400
102400
102400
102500
102500
102500
102500
102500
102500
102500
102500
102500
102500
102500
102500
102500
102500
102500
102500
102500
102500
102500
102500
102500
102500
102500
102500
102500
102500
102500
102500
102500
102600
102600
102600
102600
102600
102600
102600
102600
102600
102600
102600
102600
102600
102600
102600
102600
102600
102600
102600
102600
102600
102600
102600
102600
102600
102600
102600
102600
102600
102600
102700
102700
102700
102700
102700
102700
102700
102700
102700
102700
102700
102700
102700
102700
102700
102700
102700
102700
102700
102700
102700
102700
102700
102800
102800
102800
102800
102800
102800
102800
102800
102800
102800
102800
102800
102800
102800
102800
102800
102800
102800
102800
102900
102900
102900
102900
102900
102900
102900
102900
102900
102900
102900
102900
102900
102900
102900
102900
102900
102900
102900
103000
103000
103000
103000
103000
103000
103000
103000
103000
103000
103000
103000
103000
103000
103000
103000
103000
103000
103000
103000
103000
103000
103000
103000
103000
103100
103100
103100
103100
103100
103100
103100
103100
103100
103100
103100
103100
103100
103100
103200
103200
103200
103200
103200
103200
103200
103200
103200
103200
103200
103200
103200
103200
103200
103200
103200
103200
103200
103200
103200
103300
103300
103300
103300
103300
103300
103300
103300
103300
103300
103300
103300
103300
103300
103300
103300
103300
103300
103300
103300
103300
103300
103300
103300
103300
103300
103300
103300
103300
103300
103300
103300
103300
103300
103300
103300
103400
103400
103400
103400
103400
103400
103400
103400
103400
103400
103400
103400
103400
103400
103400
103400
103400
103400
103400
103400
103400
103400
103400
103400
103400
103400
103400
103400
103500
103500
103500
103500
103500
103500
103500
103500
103500
103500
103500
103500
103500
103500
103500
103500
103500
103500
103500
103500
103500
103600
103600
103600
103600
103600
103600
103600
103600
103600
103600
103600
103600
103600
103600
103600
103600
103700
103700
103700
103700
103700
103700
103700
103700
103700
103700
103700
103700
103700
103700
103700
103700
103700
103700
103700
103700
103700
103700
103700
103700
103700
103700
103700
103700
103700
103700
103800
103800
103800
103800
103800
103800
103800
103800
103800
103800
103800
103800
103800
103800
103800
103800
103800
103800
103800
103800
103800
103800
103800
103800
103800
103800
103800
103800
103800
103800
103900
103900
103900
103900
103900
103900
103900
103900
103900
103900
103900
103900
103900
103900
103900
103900
103900
103900
103900
103900
103900
103900
103900
103900
103900
103900
103900
103900
103900
104000
104000
104000
104000
104000
104000
104000
104000
104000
104000
104000
104000
104000
104000
104000
104000
104000
104000
104000
104000
104100
104100
104100
104100
104100
104100
104100
104100
104100
104100
104100
104100
104100
104100
104100
104100
104100
104100
104100
104100
104100
104100
104100
104100
104200
104200
104200
104200
104200
104200
104200
104200
104200
104200
104200
104200
104200
104200
104200
104200
104200
104200
104200
104200
104200
104200
104200
104200
104200
104200
104200
104200
104200
104200
104300
104300
104300
104300
104300
104300
104300
104300
104300
104300
104300
104300
104300
104300
104300
104300
104300
104300
104300
104300
104300
104300
104300
104300
104300
104400
104400
104400
104400
104400
104400
104400
104400
104400
104400
104400
104400
104400
104400
104400
104400
104400
104400
104400
104400
104400
104400
104400
104400
104400
104400
104400
104400
104400
104400
104400
104500
104500
104500
104500
104500
104500
104500
104500
104500
104500
104500
104500
104500
104500
104500
104500
104500
104500
104500
104500
104500
104500
104500
104500
104500
104500
104500
104500
104600
104600
104600
104600
104600
104600
104600
104600
104600
104600
104600
104600
104600
104600
104600
104600
104600
104600
104600
104600
104600
104600
104600
104600
104600
104600
104600
104700
104700
104700
104700
104700
104700
104700
104700
104700
104700
104700
104700
104700
104700
104700
104700
104700
104700
104700
104700
104700
104700
104700
104700
104700
104700
104700
104700
104700
104700
104700
104700
104700
104700
104700
104700
104800
104800
104800
104800
104800
104800
104800
104800
104800
104800
104800
104800
104800
104800
104800
104800
104800
104800
104800
104800
104900
104900
104900
104900
104900
104900
104900
104900
104900
104900
104900
104900
104900
104900
104900
104900
104900
104900
104900
104900
104900
104900
104900
105000
105000
105000
105000
105000
105000
105000
105000
105000
105000
105000
105000
105000
105000
105000
105000
105000
105000
105000
105000
105000
105000
105000
105100
105100
105100
105100
105100
105100
105100
105100
105100
105100
105100
105100
105100
105100
105100
105100
105100
105100
105100
105100
105100
105100
105100
105100
105100
105100
105100
105100
105100
105100
105200
105200
105200
105200
105200
105200
105200
105200
105200
105200
105200
105200
105200
105200
105200
105200
105200
105200
105200
105200
105200
105200
105200
105200
105300
105300
105300
105300
105300
105300
105300
105300
105300
105300
105300
105300
105300
105300
105300
105300
105300
105300
105300
105300
105300
105300
105300
105300
105300
105300
105300
105300
105300
105300
105400
105400
105400
105400
105400
105400
105400
105400
105400
105400
105400
105400
105400
105400
105400
105400
105400
105400
105400
105400
105400
105400
105400
105400
105400
105400
105400
105400
105400
105400
105400
105400
105400
105500
105500
105500
105500
105500
105500
105500
105500
105500
105500
105500
105500
105500
105500
105500
105500
105500
105500
105500
105500
105500
105500
105500
105500
105500
105500
105500
105500
105500
105500
105500
105500
105500
105600
105600
105600
105600
105600
105600
105600
105600
105600
105600
105600
105600
105600
105600
105600
105600
105600
105600
105600
105600
105600
105600
105600
105600
105600
105600
105600
105600
105600
105600
105600
105600
105600
105600
105600
105600
105600
105600
105600
105600
105600
105600
105600
105600
105700
105700
105700
105700
105700
105700
105700
105700
105700
105700
105700
105700
105700
105700
105700
105700
105700
105700
105700
105700
105700
105700
105700
105700
105700
105700
105700
105700
105700
105700
105700
105700
105700
105700
105700
105700
105700
105700
105700
105700
105800
105800
105800
105800
105800
105800
105800
105800
105800
105800
105800
105800
105800
105800
105800
105800
105800
105800
105800
105800
105800
105800
105800
105800
105800
105800
105800
105800
105800
105800
105800
105800
105900
105900
105900
105900
105900
105900
105900
105900
105900
105900
105900
105900
105900
105900
105900
105900
105900
105900
105900
105900
105900
105900
105900
105900
105900
105900
105900
105900
105900
105900
105900
105900
105900
105900
105900
105900
105900
105900
105900
105900
105900
105900
106000
106000
106000
106000
106000
106000
106000
106000
106000
106000
106000
106000
106000
106000
106000
106000
106000
106000
106000
106000
106000
106000
106000
106000
106000
106000
106000
106000
106000
106100
106100
106100
106100
106100
106100
106100
106100
106100
106100
106100
106100
106100
106100
106100
106100
106100
106100
106100
106100
106100
106100
106100
106100
106100
106100
106100
106100
106100
106100
106200
106200
106200
106200
106200
106200
106200
106200
106200
106200
106200
106200
106200
106200
106200
106200
106200
106200
106200
106200
106200
106200
106200
106200
106200
106200
106200
106200
106200
106200
106200
106300
106300
106300
106300
106300
106300
106300
106300
106300
106300
106300
106300
106300
106300
106300
106300
106300
106300
106300
106300
106300
106300
106300
106300
106300
106300
106300
106300
106300
106300
106300
106300
106400
106400
106400
106400
106400
106400
106400
106400
106400
106400
106400
106400
106400
106400
106400
106400
106400
106400
106400
106400
106400
106400
106400
106400
106400
106400
106400
106400
106400
106400
106400
106400
106400
106400
106400
106400
106400
106500
106500
106500
106500
106500
106500
106500
106500
106500
106500
106500
106500
106500
106500
106500
106500
106500
106500
106500
106500
106500
106500
106500
106500
106500
106500
106500
106500
106500
106500
106500
106500
106500
106500
106500
106500
106500
106500
106600
106600
106600
106600
106600
106600
106600
106600
106600
106600
106600
106600
106600
106600
106600
106600
106600
106600
106600
106600
106600
106600
106600
106600
106600
106600
106600
106600
106600
106600
106600
106600
106600
106600
106600
106600
106600
106600
106700
106700
106700
106700
106700
106700
106700
106700
106700
106700
106700
106700
106700
106700
106700
106700
106700
106700
106700
106700
106700
106700
106700
106700
106700
106700
106700
106700
106700
106700
106700
106700
106700
106700
106700
106700
106700
106800
106800
106800
106800
106800
106800
106800
106800
106800
106800
106800
106800
106800
106800
106800
106800
106800
106800
106800
106800
106800
106800
106800
106800
106800
106800
106800
106800
106800
106900
106900
106900
106900
106900
106900
106900
106900
106900
106900
106900
106900
106900
106900
106900
106900
106900
106900
106900
106900
106900
106900
106900
106900
106900
106900
106900
106900
106900
106900
106900
106900
106900
106900
106900
106900
106900
107000
107000
107000
107000
107000
107000
107000
107000
107000
107000
107000
107000
107000
107000
107000
107000
107000
107000
107000
107000
107000
107000
107000
107000
107000
107000
107000
107000
107100
107100
107100
107100
107100
107100
107100
107100
107100
107100
107100
107100
107100
107100
107100
107100
107100
107100
107100
107100
107100
107100
107100
107100
107100
107100
107100
107100
107100
107100
107100
107100
107200
107200
107200
107200
107200
107200
107200
107200
107200
107200
107200
107200
107200
107200
107200
107200
107200
107200
107200
107200
107200
107200
107200
107200
107200
107200
107200
107200
107200
107200
107200
107200
107200
107200
107300
107300
107300
107300
107300
107300
107300
107300
107300
107300
107300
107300
107300
107300
107300
107300
107300
107300
107300
107300
107300
107300
107300
107300
107300
107300
107300
107300
107300
107300
107300
107300
107300
107300
107300
107300
107300
107300
107400
107400
107400
107400
107400
107400
107400
107400
107400
107400
107400
107400
107400
107400
107400
107400
107400
107400
107400
107400
107400
107400
107400
107400
107400
107400
107400
107400
107400
107400
107400
107400
107400
107400
107400
107400
107400
107400
107400
107400
107400
107400
107400
107400
107500
107500
107500
107500
107500
107500
107500
107500
107500
107500
107500
107500
107500
107500
107500
107500
107500
107500
107500
107500
107500
107500
107500
107500
107500
107500
107500
107500
107500
107500
107500
107500
107500
107500
107500
107600
107600
107600
107600
107600
107600
107600
107600
107600
107600
107600
107600
107600
107600
107600
107600
107600
107600
107600
107600
107600
107600
107600
107600
107600
107600
107600
107600
107600
107600
107600
107600
107600
107600
107600
107600
107600
107600
107700
107700
107700
107700
107700
107700
107700
107700
107700
107700
107700
107700
107700
107700
107700
107700
107700
107700
107700
107700
107700
107700
107700
107700
107700
107700
107700
107700
107700
107700
107700
107700
107700
107700
107700
107800
107800
107800
107800
107800
107800
107800
107800
107800
107800
107800
107800
107800
107800
107800
107800
107800
107800
107800
107800
107800
107800
107800
107800
107800
107800
107800
107800
107900
107900
107900
107900
107900
107900
107900
107900
107900
107900
107900
107900
107900
107900
107900
107900
107900
107900
107900
107900
107900
107900
107900
107900
107900
107900
107900
107900
107900
107900
107900
108000
108000
108000
108000
108000
108000
108000
108000
108000
108000
108000
108000
108000
108000
108000
108000
108000
108000
108000
108000
108000
108000
108000
108000
108000
108100
108100
108100
108100
108100
108100
108100
108100
108100
108100
108100
108100
108100
108100
108100
108100
108100
108100
108100
108100
108100
108100
108100
108100
108100
108100
108100
108100
108100
108100
108100
108100
108200
108200
108200
108200
108200
108200
108200
108200
108200
108200
108200
108200
108200
108200
108200
108200
108200
108200
108200
108200
108200
108200
108200
108200
108200
108200
108200
108200
108200
108200
108200
108200
108200
108200
108200
108200
108200
108300
108300
108300
108300
108300
108300
108300
108300
108300
108300
108300
108300
108300
108300
108300
108300
108300
108300
108300
108300
108300
108300
108300
108300
108300
108300
108300
108300
108300
108300
108300
108300
108300
108300
108300
108300
108400
108400
108400
108400
108400
108400
108400
108400
108400
108400
108400
108400
108400
108400
108400
108400
108400
108400
108400
108400
108400
108400
108400
108400
108400
108400
108400
108400
108400
108400
108400
108400
108400
108400
108400
108400
108400
108400
108400
108400
108400
108400
108400
108500
108500
108500
108500
108500
108500
108500
108500
108500
108500
108500
108500
108500
108500
108500
108500
108500
108500
108500
108500
108500
108500
108500
108500
108500
108500
108500
108500
108500
108500
108500
108500
108500
108500
108500
108500
108500
108500
108500
108500
108500
108500
108500
108500
108500
108500
108600
108600
108600
108600
108600
108600
108600
108600
108600
108600
108600
108600
108600
108600
108600
108600
108600
108600
108600
108600
108600
108600
108600
108600
108600
108600
108600
108600
108600
108600
108600
108600
108600
108600
108600
108600
108600
108600
108700
108700
108700
108700
108700
108700
108700
108700
108700
108700
108700
108700
108700
108700
108700
108700
108700
108700
108700
108700
108700
108700
108700
108700
108700
108700
108700
108700
108700
108700
108700
108700
108700
108700
108700
108700
108700
108700
108700
108700
108700
108800
108800
108800
108800
108800
108800
108800
108800
108800
108800
108800
108800
108800
108800
108800
108800
108800
108800
108800
108800
108800
108800
108800
108800
108800
108800
108800
108800
108800
108800
108800
108800
108800
108800
108800
108800
108800
108800
108800
108800
108800
108800
108800
108800
108800
108800
108800
108800
108800
108800
108800
108800
108900
108900
108900
108900
108900
108900
108900
108900
108900
108900
108900
108900
108900
108900
108900
108900
108900
108900
108900
108900
108900
108900
108900
108900
108900
108900
108900
108900
108900
108900
109000
109000
109000
109000
109000
109000
109000
109000
109000
109000
109000
109000
109000
109000
109000
109000
109000
109000
109000
109000
109000
109000
109000
109000
109000
109000
109000
109000
109000
109000
109000
109000
109000
109000
109000
109000
109000
109000
109000
109000
109000
109000
109000
109000
109100
109100
109100
109100
109100
109100
109100
109100
109100
109100
109100
109100
109100
109100
109100
109100
109100
109100
109100
109100
109100
109100
109100
109100
109100
109100
109100
109100
109100
109100
109100
109100
109100
109100
109100
109100
109100
109200
109200
109200
109200
109200
109200
109200
109200
109200
109200
109200
109200
109200
109200
109200
109200
109200
109200
109200
109200
109200
109200
109200
109200
109200
109200
109200
109200
109200
109200
109200
109200
109200
109200
109200
109200
109200
109200
109200
109200
109200
109200
109200
109200
109200
109200
109200
109200
109200
109200
109200
109200
109200
109200
109300
109300
109300
109300
109300
109300
109300
109300
109300
109300
109300
109300
109300
109300
109300
109300
109300
109300
109300
109300
109300
109300
109300
109300
109300
109300
109300
109300
109300
109300
109300
109300
109300
109300
109300
109300
109400
109400
109400
109400
109400
109400
109400
109400
109400
109400
109400
109400
109400
109400
109400
109400
109400
109400
109400
109400
109400
109400
109400
109400
109400
109400
109400
109400
109400
109400
109400
109400
109400
109400
109400
109400
109400
109500
109500
109500
109500
109500
109500
109500
109500
109500
109500
109500
109500
109500
109500
109500
109500
109500
109500
109500
109500
109500
109500
109500
109500
109500
109500
109500
109500
109500
109500
109500
109500
109500
109500
109500
109500
109500
109500
109500
109500
109500
109500
109500
109600
109600
109600
109600
109600
109600
109600
109600
109600
109600
109600
109600
109600
109600
109600
109600
109600
109600
109600
109600
109600
109600
109600
109600
109600
109600
109600
109600
109600
109600
109600
109600
109600
109600
109600
109700
109700
109700
109700
109700
109700
109700
109700
109700
109700
109700
109700
109700
109700
109700
109700
109700
109700
109800
109800
109800
109800
109800
109800
109800
109800
109800
109800
109800
109800
109800
109800
109800
109800
109800
109800
109800
109800
109800
109800
109800
109800
109800
109800
109800
109800
109800
109800
109800
109800
109800
109800
109800
109800
109800
109800
109800
109900
109900
109900
109900
109900
109900
109900
109900
109900
109900
109900
109900
109900
109900
109900
109900
109900
109900
109900
109900
109900
109900
109900
109900
109900
109900
109900
109900
109900
109900
109900
109900
109900
109900
109900
109900
109900
109900
109900
110000
110000
110000
110000
110000
110000
110000
110000
110000
110000
110000
110000
110000
110000
110000
110000
110000
110000
110000
110000
110000
110000
110000
110000
110000
110000
110000
110000
110000
110000
110000
110000
110000
110000
110000
110000
110000
110000
110000
110100
110100
110100
110100
110100
110100
110100
110100
110100
110100
110100
110100
110100
110100
110100
110100
110100
110100
110100
110100
110100
110100
110100
110100
110100
110100
110100
110100
110100
110100
110100
110100
110100
110100
110100
110100
110100
110100
110200
110200
110200
110200
110200
110200
110200
110200
110200
110200
110200
110200
110200
110200
110200
110200
110200
110200
110200
110200
110200
110200
110200
110200
110200
110200
110200
110200
110200
110200
110200
110200
110200
110200
110200
110200
110300
110300
110300
110300
110300
110300
110300
110300
110300
110300
110300
110300
110300
110300
110300
110300
110300
110300
110300
110300
110300
110300
110300
110300
110300
110300
110300
110400
110400
110400
110400
110400
110400
110400
110400
110400
110400
110400
110400
110400
110400
110400
110400
110400
110400
110400
110400
110400
110400
110400
110400
110400
110400
110400
110400
110400
110400
110400
110400
110400
110400
110500
110500
110500
110500
110500
110500
110500
110500
110500
110500
110500
110500
110500
110500
110500
110500
110500
110500
110500
110500
110500
110500
110500
110500
110500
110500
110500
110500
110500
110500
110500
110500
110500
110500
110600
110600
110600
110600
110600
110600
110600
110600
110600
110600
110600
110600
110600
110600
110600
110600
110600
110600
110600
110600
110600
110600
110600
110600
110600
110600
110600
110600
110600
110600
110600
110600
110600
110600
110600
110600
110600
110700
110700
110700
110700
110700
110700
110700
110700
110700
110700
110700
110700
110700
110700
110700
110700
110700
110700
110700
110700
110700
110700
110700
110700
110700
110700
110700
110700
110700
110700
110700
110700
110700
110700
110700
110700
110700
110700
110700
110700
110700
110700
110700
110700
110800
110800
110800
110800
110800
110800
110800
110800
110800
110800
110800
110800
110800
110800
110800
110800
110800
110800
110800
110800
110800
110800
110800
110800
110800
110800
110800
110800
110800
110800
110800
110800
110800
110800
110800
110800
110800
110800
110800
110800
110800
110800
110800
110800
110900
110900
110900
110900
110900
110900
110900
110900
110900
110900
110900
110900
110900
110900
110900
110900
110900
110900
110900
110900
110900
110900
110900
110900
110900
110900
110900
110900
110900
110900
110900
110900
110900
110900
110900
111000
111000
111000
111000
111000
111000
111000
111000
111000
111000
111000
111000
111000
111000
111000
111000
111000
111000
111000
111000
111000
111000
111000
111000
111000
111000
111000
111000
111000
111000
111000
111000
111000
111000
111000
111000
111000
111000
111000
111000
111100
111100
111100
111100
111100
111100
111100
111100
111100
111100
111100
111100
111100
111100
111100
111100
111100
111100
111100
111100
111100
111100
111100
111100
111100
111100
111100
111100
111100
111100
111100
111100
111100
111100
111100
111100
111100
111200
111200
111200
111200
111200
111200
111200
111200
111200
111200
111200
111200
111200
111200
111200
111200
111200
111200
111200
111200
111200
111200
111200
111200
111200
111200
111200
111200
111200
111200
111200
111200
111200
111300
111300
111300
111300
111300
111300
111300
111300
111300
111300
111300
111300
111300
111300
111300
111300
111300
111300
111300
111300
111300
111300
111300
111300
111300
111300
111300
111300
111300
111300
111300
111300
111300
111300
111300
111300
111300
111300
111300
111400
111400
111400
111400
111400
111400
111400
111400
111400
111400
111400
111400
111400
111400
111400
111400
111400
111400
111400
111400
111400
111400
111400
111400
111400
111400
111400
111400
111400
111400
111400
111400
111400
111400
111400
111400
111400
111500
111500
111500
111500
111500
111500
111500
111500
111500
111500
111500
111500
111500
111500
111500
111500
111500
111500
111500
111500
111500
111500
111500
111500
111500
111500
111500
111500
111500
111600
111600
111600
111600
111600
111600
111600
111600
111600
111600
111600
111600
111600
111600
111600
111600
111600
111600
111600
111600
111600
111600
111600
111600
111600
111600
111600
111600
111600
111600
111600
111600
111600
111600
111600
111600
111700
111700
111700
111700
111700
111700
111700
111700
111700
111700
111700
111700
111700
111700
111700
111700
111700
111700
111700
111700
111700
111700
111700
111700
111700
111700
111700
111700
111700
111700
111700
111700
111700
111800
111800
111800
111800
111800
111800
111800
111800
111800
111800
111800
111800
111800
111800
111800
111800
111800
111800
111800
111800
111800
111800
111800
111800
111800
111800
111800
111800
111900
111900
111900
111900
111900
111900
111900
111900
111900
111900
111900
111900
111900
111900
111900
111900
111900
111900
111900
111900
111900
111900
111900
111900
111900
111900
111900
111900
111900
111900
111900
111900
111900
111900
111900
112000
112000
112000
112000
112000
112000
112000
112000
112000
112000
112000
112000
112000
112000
112000
112000
112000
112000
112000
112000
112000
112000
112000
112000
112000
112000
112000
112000
112000
112000
112000
112000
112000
112000
112000
112000
112000
112000
112000
112100
112100
112100
112100
112100
112100
112100
112100
112100
112100
112100
112100
112100
112100
112100
112100
112100
112100
112100
112100
112100
112100
112100
112100
112100
112100
112100
112100
112100
112100
112100
112100
112100
112100
112100
112200
112200
112200
112200
112200
112200
112200
112200
112200
112200
112200
112200
112200
112200
112200
112200
112200
112200
112200
112200
112200
112200
112200
112200
112200
112200
112200
112200
112200
112200
112200
112200
112200
112200
112200
112200
112200
112200
112200
112200
112200
112200
112200
112200
112200
112300
112300
112300
112300
112300
112300
112300
112300
112300
112300
112300
112300
112300
112300
112300
112300
112300
112300
112300
112300
112300
112300
112300
112300
112300
112300
112300
112300
112300
112300
112300
112300
112300
112300
112300
112300
112300
112300
112300
112300
112300
112300
112400
112400
112400
112400
112400
112400
112400
112400
112400
112400
112400
112400
112400
112400
112400
112400
112400
112400
112400
112400
112400
112400
112400
112400
112400
112400
112400
112400
112500
112500
112500
112500
112500
112500
112500
112500
112500
112500
112500
112500
112500
112500
112500
112500
112500
112500
112500
112500
112500
112500
112500
112500
112500
112500
112500
112500
112500
112500
112500
112500
112500
112500
112500
112500
112500
112600
112600
112600
112600
112600
112600
112600
112600
112600
112600
112600
112600
112600
112600
112600
112600
112600
112600
112600
112600
112600
112600
112600
112600
112600
112600
112600
112600
112600
112600
112600
112600
112600
112600
112600
112600
112600
112600
112600
112600
112600
112600
112600
112600
112600
112600
112600
112600
112600
112700
112700
112700
112700
112700
112700
112700
112700
112700
112700
112700
112700
112700
112700
112700
112700
112700
112700
112700
112700
112700
112700
112700
112700
112700
112700
112700
112700
112700
112700
112700
112700
112700
112700
112700
112700
112700
112700
112700
112800
112800
112800
112800
112800
112800
112800
112800
112800
112800
112800
112800
112800
112800
112800
112800
112800
112800
112800
112800
112800
112800
112800
112800
112800
112800
112800
112800
112800
112800
112800
112800
112800
112800
112900
112900
112900
112900
112900
112900
112900
112900
112900
112900
112900
112900
112900
112900
112900
112900
112900
112900
112900
112900
112900
112900
112900
112900
112900
112900
112900
112900
112900
112900
112900
112900
112900
112900
112900
113000
113000
113000
113000
113000
113000
113000
113000
113000
113000
113000
113000
113000
113000
113000
113000
113000
113000
113000
113000
113000
113000
113000
113000
113000
113000
113000
113000
113000
113000
113000
113000
113000
113000
113000
113000
113000
113000
113000
113000
113100
113100
113100
113100
113100
113100
113100
113100
113100
113100
113100
113100
113100
113100
113100
113100
113100
113100
113100
113100
113100
113100
113100
113100
113100
113100
113100
113100
113100
113100
113100
113100
113100
113100
113100
113100
113100
113100
113100
113100
113100
113200
113200
113200
113200
113200
113200
113200
113200
113200
113200
113200
113200
113200
113200
113200
113200
113200
113200
113200
113200
113200
113200
113200
113200
113200
113200
113200
113200
113200
113200
113200
113200
113200
113200
113200
113200
113200
113200
113200
113200
113200
113200
113200
113200
113200
113200
113200
113300
113300
113300
113300
113300
113300
113300
113300
113300
113300
113300
113300
113300
113300
113300
113300
113300
113300
113300
113300
113300
113300
113300
113300
113300
113300
113300
113300
113300
113300
113300
113300
113400
113400
113400
113400
113400
113400
113400
113400
113400
113400
113400
113400
113400
113400
113400
113400
113400
113400
113400
113400
113400
113400
113400
113400
113400
113400
113400
113400
113400
113400
113400
113400
113400
113400
113400
113400
113400
113400
113400
113400
113500
113500
113500
113500
113500
113500
113500
113500
113500
113500
113500
113500
113500
113500
113500
113500
113500
113500
113500
113500
113500
113500
113500
113500
113500
113500
113500
113500
113600
113600
113600
113600
113600
113600
113600
113600
113600
113600
113600
113600
113600
113600
113600
113600
113600
113600
113600
113600
113600
113600
113600
113600
113600
113600
113600
113600
113600
113600
113600
113600
113600
113600
113600
113600
113600
113600
113600
113600
113600
113600
113600
113600
113700
113700
113700
113700
113700
113700
113700
113700
113700
113700
113700
113700
113700
113700
113700
113700
113700
113700
113700
113700
113700
113700
113700
113700
113700
113700
113700
113700
113700
113700
113700
113700
113700
113700
113700
113700
113800
113800
113800
113800
113800
113800
113800
113800
113800
113800
113800
113800
113800
113800
113800
113800
113800
113800
113800
113800
113800
113800
113800
113800
113800
113800
113800
113800
113800
113800
113800
113800
113800
113800
113800
113800
113800
113900
113900
113900
113900
113900
113900
113900
113900
113900
113900
113900
113900
113900
113900
113900
113900
113900
113900
113900
113900
113900
113900
113900
113900
113900
113900
113900
113900
113900
113900
113900
114000
114000
114000
114000
114000
114000
114000
114000
114000
114000
114000
114000
114000
114000
114000
114000
114000
114000
114000
114000
114000
114000
114000
114000
114000
114000
114000
114100
114100
114100
114100
114100
114100
114100
114100
114100
114100
114100
114100
114100
114100
114100
114100
114100
114100
114100
114100
114100
114100
114100
114100
114100
114100
114100
114100
114100
114200
114200
114200
114200
114200
114200
114200
114200
114200
114200
114200
114200
114200
114200
114200
114200
114200
114200
114200
114200
114200
114200
114200
114200
114200
114200
114200
114200
114200
114200
114200
114200
114200
114200
114300
114300
114300
114300
114300
114300
114300
114300
114300
114300
114300
114300
114300
114300
114300
114300
114300
114300
114300
114300
114300
114300
114300
114300
114300
114300
114300
114300
114300
114300
114300
114300
114300
114300
114300
114300
114400
114400
114400
114400
114400
114400
114400
114400
114400
114400
114400
114400
114400
114400
114400
114400
114400
114400
114400
114400
114400
114400
114400
114400
114400
114400
114400
114400
114500
114500
114500
114500
114500
114500
114500
114500
114500
114500
114500
114500
114500
114500
114500
114500
114500
114500
114500
114500
114600
114600
114600
114600
114600
114600
114600
114600
114600
114600
114600
114600
114600
114600
114600
114600
114600
114600
114600
114600
114600
114600
114600
114600
114600
114600
114600
114600
114600
114600
114700
114700
114700
114700
114700
114700
114700
114700
114700
114700
114700
114700
114700
114700
114700
114700
114700
114700
114700
114700
114700
114700
114700
114700
114700
114700
114700
114700
114700
114700
114700
114700
114700
114700
114700
114700
114700
114700
114700
114700
114700
114700
114700
114700
114700
114700
114800
114800
114800
114800
114800
114800
114800
114800
114800
114800
114800
114800
114800
114800
114800
114800
114800
114800
114800
114800
114800
114800
114800
114800
114800
114800
114800
114800
114800
114800
114800
114800
114900
114900
114900
114900
114900
114900
114900
114900
114900
114900
114900
114900
114900
114900
114900
114900
114900
114900
114900
114900
114900
114900
114900
114900
114900
114900
114900
114900
114900
114900
114900
114900
114900
115000
115000
115000
115000
115000
115000
115000
115000
115000
115000
115000
115000
115000
115000
115000
115000
115000
115000
115000
115000
115000
115000
115000
115000
115000
115000
115000
115000
115000
115000
115000
115000
115000
115100
115100
115100
115100
115100
115100
115100
115100
115100
115100
115100
115100
115100
115100
115100
115100
115100
115100
115100
115100
115100
115100
115100
115100
115100
115100
115100
115100
115100
115200
115200
115200
115200
115200
115200
115200
115200
115200
115200
115200
115200
115200
115200
115200
115200
115200
115200
115200
115200
115200
115200
115200
115200
115200
115200
115200
115200
115200
115200
115300
115300
115300
115300
115300
115300
115300
115300
115300
115300
115300
115300
115300
115300
115300
115300
115300
115300
115300
115300
115300
115300
115300
115300
115300
115300
115300
115300
115300
115300
115300
115300
115300
115400
115400
115400
115400
115400
115400
115400
115400
115400
115400
115400
115400
115400
115400
115400
115400
115400
115400
115400
115400
115400
115400
115400
115400
115400
115400
115400
115400
115400
115400
115400
115400
115400
115400
115400
115400
115400
115400
115400
115400
115400
115500
115500
115500
115500
115500
115500
115500
115500
115500
115500
115500
115500
115500
115500
115500
115500
115500
115500
115500
115500
115500
115500
115500
115500
115500
115500
115500
115500
115500
115500
115500
115500
115500
115500
115500
115600
115600
115600
115600
115600
115600
115600
115600
115600
115600
115600
115600
115600
115600
115600
115600
115600
115600
115600
115600
115600
115600
115600
115600
115600
115600
115600
115600
115600
115600
115600
115700
115700
115700
115700
115700
115700
115700
115700
115700
115700
115700
115700
115700
115700
115700
115700
115700
115700
115700
115700
115700
115700
115700
115700
115700
115700
115700
115700
115700
115700
115800
115800
115800
115800
115800
115800
115800
115800
115800
115800
115800
115800
115800
115800
115800
115800
115800
115800
115800
115800
115800
115800
115800
115800
115800
115800
115800
115800
115800
115800
115800
115800
115800
115800
115800
115900
115900
115900
115900
115900
115900
115900
115900
115900
115900
115900
115900
115900
115900
115900
115900
115900
115900
115900
115900
115900
115900
115900
115900
115900
115900
116000
116000
116000
116000
116000
116000
116000
116000
116000
116000
116000
116000
116000
116000
116000
116000
116000
116000
116000
116000
116000
116000
116000
116000
116000
116000
116000
116000
116000
116000
116000
116000
116000
116000
116000
116100
116100
116100
116100
116100
116100
116100
116100
116100
116100
116100
116100
116100
116100
116100
116100
116100
116100
116100
116100
116100
116100
116100
116100
116100
116100
116100
116100
116100
116100
116200
116200
116200
116200
116200
116200
116200
116200
116200
116200
116200
116200
116200
116200
116200
116200
116200
116200
116200
116200
116200
116200
116200
116200
116200
116200
116200
116200
116200
116300
116300
116300
116300
116300
116300
116300
116300
116300
116300
116300
116300
116300
116300
116300
116300
116300
116300
116300
116300
116300
116300
116300
116300
116300
116300
116300
116300
116300
116400
116400
116400
116400
116400
116400
116400
116400
116400
116400
116400
116400
116400
116400
116400
116400
116400
116400
116400
116400
116400
116400
116400
116400
116400
116400
116400
116400
116400
116400
116400
116400
116400
116500
116500
116500
116500
116500
116500
116500
116500
116500
116500
116500
116500
116500
116500
116500
116500
116500
116500
116500
116500
116500
116500
116500
116500
116500
116500
116500
116500
116500
116500
116500
116600
116600
116600
116600
116600
116600
116600
116600
116600
116600
116600
116600
116600
116600
116600
116600
116600
116600
116600
116600
116600
116600
116600
116600
116600
116600
116600
116600
116700
116700
116700
116700
116700
116700
116700
116700
116700
116700
116700
116700
116700
116700
116700
116700
116700
116700
116700
116700
116700
116700
116700
116700
116700
116700
116700
116800
116800
116800
116800
116800
116800
116800
116800
116800
116800
116800
116800
116800
116800
116800
116800
116800
116800
116800
116800
116800
116800
116800
116800
116800
116800
116800
116800
116800
116800
116800
116800
116800
116800
116800
116900
116900
116900
116900
116900
116900
116900
116900
116900
116900
116900
116900
116900
116900
116900
116900
116900
116900
116900
116900
116900
116900
116900
116900
116900
116900
116900
116900
116900
116900
116900
117000
117000
117000
117000
117000
117000
117000
117000
117000
117000
117000
117000
117000
117000
117000
117000
117000
117000
117000
117000
117000
117000
117000
117000
117000
117000
117000
117000
117000
117000
117000
117000
117000
117000
117000
117000
117000
117100
117100
117100
117100
117100
117100
117100
117100
117100
117100
117100
117100
117100
117100
117100
117100
117100
117100
117100
117100
117100
117100
117100
117100
117100
117100
117100
117100
117100
117200
117200
117200
117200
117200
117200
117200
117200
117200
117200
117200
117200
117200
117200
117200
117200
117200
117200
117200
117200
117200
117200
117200
117200
117200
117200
117200
117200
117200
117200
117300
117300
117300
117300
117300
117300
117300
117300
117300
117300
117300
117300
117300
117300
117300
117300
117300
117300
117300
117300
117300
117400
117400
117400
117400
117400
117400
117400
117400
117400
117400
117400
117400
117400
117400
117400
117400
117400
117400
117400
117400
117400
117400
117400
117400
117400
117400
117400
117400
117400
117500
117500
117500
117500
117500
117500
117500
117500
117500
117500
117500
117500
117500
117500
117500
117500
117500
117500
117500
117500
117600
117600
117600
117600
117600
117600
117600
117600
117600
117600
117600
117600
117600
117600
117600
117600
117600
117600
117600
117600
117600
117600
117600
117600
117700
117700
117700
117700
117700
117700
117700
117700
117700
117700
117700
117700
117700
117700
117700
117700
117700
117700
117700
117700
117700
117700
117700
117700
117700
117700
117800
117800
117800
117800
117800
117800
117800
117800
117800
117800
117800
117800
117800
117800
117800
117800
117800
117800
117800
117800
117800
117800
117800
117800
117800
117800
117900
117900
117900
117900
117900
117900
117900
117900
117900
117900
117900
117900
117900
117900
117900
117900
117900
117900
117900
117900
117900
117900
117900
117900
117900
117900
117900
117900
117900
117900
117900
118000
118000
118000
118000
118000
118000
118000
118000
118000
118000
118000
118000
118000
118000
118000
118000
118000
118000
118000
118000
118000
118000
118000
118000
118000
118000
118100
118100
118100
118100
118100
118100
118100
118100
118100
118100
118100
118100
118100
118100
118100
118100
118100
118100
118100
118100
118100
118100
118100
118200
118200
118200
118200
118200
118200
118200
118200
118200
118200
118200
118200
118200
118200
118200
118200
118200
118200
118200
118200
118200
118200
118200
118200
118200
118200
118300
118300
118300
118300
118300
118300
118300
118300
118300
118300
118300
118300
118300
118300
118300
118300
118300
118300
118300
118300
118300
118300
118300
118300
118300
118300
118300
118300
118300
118400
118400
118400
118400
118400
118400
118400
118400
118400
118400
118400
118400
118400
118400
118400
118400
118400
118400
118400
118400
118400
118400
118400
118500
118500
118500
118500
118500
118500
118500
118500
118500
118500
118500
118500
118500
118500
118500
118500
118500
118500
118500
118500
118500
118500
118500
118600
118600
118600
118600
118600
118600
118600
118600
118600
118600
118600
118600
118600
118600
118600
118600
118600
118600
118600
118700
118700
118700
118700
118700
118700
118700
118700
118700
118700
118700
118700
118700
118700
118700
118700
118700
118700
118700
118700
118700
118700
118800
118800
118800
118800
118800
118800
118800
118800
118800
118800
118800
118800
118800
118800
118800
118800
118800
118800
118800
118800
118800
118800
118800
118800
118800
118900
118900
118900
118900
118900
118900
118900
118900
118900
118900
118900
118900
118900
118900
118900
118900
118900
118900
118900
118900
118900
118900
119000
119000
119000
119000
119000
119000
119000
119000
119000
119000
119000
119000
119000
119000
119000
119000
119000
119100
119100
119100
119100
119100
119100
119100
119100
119100
119100
119100
119100
119100
119100
119100
119100
119100
119100
119100
119100
119200
119200
119200
119200
119200
119200
119200
119200
119200
119200
119200
119200
119200
119200
119200
119200
119200
119200
119200
119200
119200
119200
119200
119200
119200
119300
119300
119300
119300
119300
119300
119300
119300
119300
119300
119300
119300
119300
119300
119300
119300
119300
119300
119300
119300
119300
119300
119300
119300
119300
119300
119300
119300
119300
119300
119300
119300
119400
119400
119400
119400
119400
119400
119400
119400
119400
119400
119400
119400
119400
119400
119400
119400
119400
119400
119400
119400
119500
119500
119500
119500
119500
119500
119500
119500
119500
119500
119500
119500
119500
119500
119500
119500
119500
119500
119500
119500
119500
119500
119600
119600
119600
119600
119600
119600
119600
119600
119600
119600
119600
119600
119600
119600
119600
119600
119600
119600
119600
119600
119600
119600
119600
119600
119600
119600
119600
119600
119600
119600
119600
119600
119700
119700
119700
119700
119700
119700
119700
119700
119700
119700
119700
119700
119700
119700
119700
119700
119700
119700
119700
119700
119700
119700
119700
119700
119800
119800
119800
119800
119800
119800
119800
119800
119800
119800
119800
119800
119800
119800
119800
119800
119800
119800
119800
119800
119800
119800
119800
119800
119800
119800
119800
119800
119900
119900
119900
119900
119900
119900
119900
119900
119900
119900
119900
119900
119900
119900
119900
119900
119900
119900
119900
119900
119900
119900
119900
119900
119900
119900
119900
120000
120000
120000
120000
120000
120000
120000
120000
120000
120000
120000
120000
120000
120000
120000
120000
120000
120000
120100
120100
120100
120100
120100
120100
120100
120100
120100
120100
120100
120100
120100
120100
120100
120100
120100
120100
120100
120200
120200
120200
120200
120200
120200
120200
120200
120200
120200
120200
120200
120200
120200
120200
120200
120300
120300
120300
120300
120300
120300
120300
120300
120300
120300
120300
120300
120300
120300
120300
120300
120300
120300
120300
120400
120400
120400
120400
120400
120400
120400
120400
120400
120400
120400
120400
120400
120400
120400
120400
120400
120400
120400
120400
120400
120400
120400
120400
120500
120500
120500
120500
120500
120500
120500
120500
120500
120500
120500
120500
120500
120500
120500
120500
120500
120500
120500
120500
120600
120600
120600
120600
120600
120600
120600
120600
120600
120600
120600
120600
120600
120600
120600
120600
120600
120600
120600
120600
120600
120600
120600
120700
120700
120700
120700
120700
120700
120700
120700
120700
120700
120700
120700
120700
120700
120700
120700
120700
120700
120700
120700
120700
120700
120700
120800
120800
120800
120800
120800
120800
120800
120800
120800
120800
120800
120800
120800
120800
120800
120800
120800
120900
120900
120900
120900
120900
120900
120900
120900
120900
120900
120900
120900
120900
120900
120900
120900
120900
120900
120900
120900
120900
120900
120900
120900
120900
120900
120900
121000
121000
121000
121000
121000
121000
121000
121000
121000
121000
121000
121000
121000
121000
121000
121000
121000
121000
121000
121000
121000
121000
121000
121000
121000
121000
121000
121100
121100
121100
121100
121100
121100
121100
121100
121100
121100
121100
121100
121100
121100
121200
121200
121200
121200
121200
121200
121200
121200
121200
121200
121200
121200
121200
121200
121200
121200
121300
121300
121300
121300
121300
121300
121300
121300
121300
121300
121300
121300
121300
121300
121300
121300
121300
121300
121400
121400
121400
121400
121400
121400
121400
121400
121400
121400
121400
121400
121400
121400
121400
121400
121400
121500
121500
121500
121500
121500
121500
121500
121500
121500
121500
121500
121500
121500
121500
121500
121500
121500
121500
121500
121500
121500
121500
121500
121500
121600
121600
121600
121600
121600
121600
121600
121600
121600
121600
121600
121600
121600
121600
121600
121600
121600
121600
121600
121600
121600
121600
121600
121600
121600
121700
121700
121700
121700
121700
121700
121700
121700
121700
121700
121700
121700
121700
121700
121700
121700
121700
121700
121700
121700
121800
121800
121800
121800
121800
121800
121800
121800
121800
121800
121800
121800
121800
121800
121900
121900
121900
121900
121900
121900
121900
121900
121900
121900
121900
121900
121900
121900
121900
121900
121900
121900
121900
122000
122000
122000
122000
122000
122000
122000
122100
122100
122100
122100
122100
122100
122100
122100
122100
122100
122100
122100
122100
122100
122100
122100
122100
122100
122200
122200
122200
122200
122200
122200
122200
122200
122200
122200
122200
122200
122200
122200
122200
122200
122200
122200
122200
122200
122200
122300
122300
122300
122300
122300
122300
122300
122300
122300
122300
122300
122300
122300
122300
122400
122400
122400
122400
122400
122400
122400
122400
122400
122400
122400
122400
122400
122400
122400
122400
122500
122500
122500
122500
122500
122500
122500
122500
122500
122500
122500
122500
122500
122500
122500
122500
122500
122600
122600
122600
122600
122600
122600
122600
122600
122600
122600
122600
122600
122600
122600
122600
122600
122600
122600
122600
122600
122600
122600
122600
122700
122700
122700
122700
122700
122700
122700
122700
122700
122700
122700
122800
122800
122800
122800
122800
122800
122800
122800
122800
122800
122800
122800
122800
122800
122800
122800
122800
122800
122800
122800
122900
122900
122900
122900
122900
122900
122900
122900
122900
122900
122900
122900
122900
122900
122900
122900
122900
122900
122900
122900
122900
122900
122900
122900
122900
123000
123000
123000
123000
123000
123000
123000
123000
123000
123000
123000
123000
123000
123000
123000
123000
123000
123000
123000
123000
123000
123100
123100
123100
123100
123100
123100
123100
123100
123100
123100
123100
123100
123100
123100
123100
123100
123100
123100
123100
123100
123100
123100
123200
123200
123200
123200
123200
123200
123200
123200
123200
123200
123200
123200
123200
123200
123200
123200
123200
123200
123200
123200
123200
123200
123300
123300
123300
123300
123300
123300
123300
123300
123300
123300
123300
123300
123300
123300
123300
123300
123300
123300
123300
123300
123300
123300
123300
123400
123400
123400
123400
123400
123400
123400
123400
123400
123400
123400
123400
123400
123400
123400
123400
123400
123400
123400
123400
123400
123500
123500
123500
123500
123500
123500
123500
123500
123500
123500
123500
123500
123500
123500
123500
123600
123600
123600
123600
123600
123600
123600
123600
123600
123600
123600
123600
123600
123600
123600
123600
123600
123600
123600
123600
123600
123600
123600
123600
123600
123700
123700
123700
123700
123700
123700
123700
123700
123700
123700
123700
123800
123800
123800
123800
123800
123800
123800
123800
123800
123800
123800
123900
123900
123900
123900
123900
123900
123900
123900
123900
123900
123900
123900
124000
124000
124000
124000
124000
124000
124000
124000
124000
124000
124000
124000
124000
124100
124100
124100
124100
124100
124100
124100
124100
124100
124100
124100
124100
124100
124100
124100
124100
124200
124200
124200
124200
124200
124200
124200
124200
124200
124200
124200
124200
124200
124200
124200
124200
124200
124300
124300
124300
124300
124300
124300
124300
124300
124300
124300
124300
124300
124300
124300
124400
124400
124400
124400
124400
124400
124400
124400
124400
124400
124400
124400
124400
124400
124400
124500
124500
124500
124500
124500
124500
124500
124500
124500
124500
124600
124600
124600
124600
124600
124600
124600
124600
124600
124600
124600
124600
124600
124600
124600
124600
124600
124600
124700
124700
124700
124700
124700
124700
124700
124700
124700
124700
124700
124700
124700
124700
124700
124800
124800
124800
124800
124800
124800
124800
124800
124800
124800
124800
124800
124900
124900
124900
124900
124900
124900
124900
124900
124900
124900
124900
124900
125000
125000
125000
125000
125000
125000
125000
125000
125000
125000
125000
125000
125000
125000
125000
125000
125000
125100
125100
125100
125100
125100
125100
125100
125100
125100
125100
125100
125100
125100
125100
125100
125100
125100
125100
125100
125100
125100
125100
125100
125100
125200
125200
125200
125200
125200
125200
125200
125200
125200
125200
125200
125200
125200
125200
125200
125200
125200
125300
125300
125300
125300
125300
125300
125300
125300
125300
125300
125300
125300
125300
125300
125300
125300
125300
125400
125400
125400
125400
125400
125400
125400
125400
125400
125400
125400
125400
125400
125400
125400
125400
125400
125500
125500
125500
125500
125500
125500
125500
125500
125500
125500
125500
125500
125500
125500
125500
125500
125500
125600
125600
125600
125600
125600
125600
125600
125600
125600
125600
125600
125600
125600
125600
125600
125600
125600
125600
125700
125700
125700
125700
125700
125700
125700
125700
125700
125700
125700
125700
125700
125700
125700
125700
125700
125700
125800
125800
125800
125800
125800
125800
125800
125800
125800
125800
125800
125800
125800
125800
125800
125900
125900
125900
125900
125900
125900
125900
125900
125900
125900
125900
125900
125900
125900
125900
126000
126000
126000
126000
126000
126000
126000
126000
126000
126000
126000
126000
126000
126000
126000
126000
126000
126000
126100
126100
126100
126100
126100
126100
126100
126100
126100
126100
126100
126100
126100
126100
126100
126200
126200
126200
126200
126200
126200
126200
126200
126200
126200
126200
126200
126200
126200
126200
126200
126300
126300
126300
126300
126300
126300
126300
126300
126400
126400
126400
126400
126400
126400
126400
126400
126400
126400
126400
126400
126400
126400
126500
126500
126500
126500
126500
126500
126500
126500
126500
126500
126500
126500
126600
126600
126600
126600
126600
126600
126600
126600
126600
126600
126600
126600
126600
126600
126600
126600
126600
126600
126600
126600
126600
126700
126700
126700
126700
126700
126700
126700
126700
126700
126700
126700
126700
126700
126700
126700
126800
126800
126800
126800
126800
126800
126800
126800
126800
126900
126900
126900
126900
126900
126900
126900
126900
126900
127000
127000
127000
127000
127000
127000
127000
127000
127000
127000
127100
127100
127100
127100
127100
127100
127100
127100
127100
127100
127100
127100
127100
127100
127100
127100
127100
127200
127200
127200
127200
127200
127200
127200
127200
127200
127200
127200
127200
127300
127300
127300
127300
127300
127300
127300
127300
127300
127300
127300
127300
127300
127300
127300
127400
127400
127400
127400
127400
127400
127400
127400
127400
127400
127400
127500
127500
127500
127500
127500
127500
127500
127500
127500
127500
127500
127600
127600
127600
127600
127600
127600
127600
127600
127600
127600
127600
127600
127700
127700
127700
127700
127700
127700
127700
127700
127700
127700
127700
127800
127800
127800
127800
127800
127800
127800
127800
127800
127900
127900
127900
127900
127900
127900
127900
127900
127900
128000
128000
128000
128000
128000
128000
128000
128000
128000
128000
128000
128000
128000
128000
128000
128100
128100
128100
128100
128100
128100
128100
128100
128100
128200
128200
128200
128200
128200
128200
128200
128200
128200
128200
128200
128300
128300
128300
128300
128300
128300
128300
128300
128300
128300
128300
128300
128300
128400
128400
128400
128400
128400
128400
128400
128400
128400
128400
128400
128400
128500
128500
128500
128500
128500
128500
128500
128500
128500
128500
128500
128600
128600
128600
128600
128600
128600
128600
128600
128600
128600
128600
128600
128600
128700
128700
128700
128700
128700
128700
128700
128700
128700
128700
128800
128800
128800
128800
128800
128800
128800
128800
128800
128800
128900
128900
128900
128900
128900
128900
128900
128900
128900
128900
128900
129000
129000
129000
129000
129000
129000
129000
129000
129000
129000
129000
129000
129000
129000
129100
129100
129100
129100
129100
129100
129100
129100
129100
129100
129100
129100
129200
129200
129200
129200
129200
129200
129200
129200
129200
129200
129200
129200
129200
129300
129300
129300
129300
129300
129400
129400
129400
129400
129400
129400
129400
129400
129400
129400
129400
129400
129500
129500
129500
129500
129500
129500
129500
129500
129500
129500
129500
129600
129600
129600
129600
129600
129600
129600
129600
129700
129700
129700
129700
129700
129700
129700
129700
129700
129700
129700
129700
129700
129800
129800
129800
129800
129800
129800
129800
129800
129800
129800
129800
129800
129800
129900
129900
129900
129900
129900
129900
129900
129900
129900
129900
129900
129900
129900
130000
130000
130000
130000
130000
130000
130000
130000
130000
130000
130000
130100
130100
130100
130100
130100
130100
130100
130100
130200
130200
130200
130200
130200
130200
130200
130200
130200
130200
130200
130200
130200
130200
130200
130200
130300
130300
130300
130300
130300
130300
130300
130300
130300
130300
130400
130400
130400
130400
130400
130400
130400
130400
130400
130400
130500
130500
130500
130500
130500
130500
130500
130500
130500
130500
130500
130500
130500
130600
130600
130600
130600
130600
130600
130700
130700
130700
130700
130700
130700
130700
130700
130700
130700
130700
130700
130800
130800
130800
130800
130800
130800
130800
130800
130800
130800
130900
130900
130900
130900
130900
130900
130900
130900
130900
131000
131000
131000
131000
131000
131000
131000
131000
131000
131000
131000
131100
131100
131100
131100
131100
131100
131100
131100
131100
131200
131200
131200
131200
131200
131200
131200
131200
131200
131200
131200
131200
131200
131200
131300
131300
131300
131300
131300
131300
131300
131300
131300
131300
131300
131300
131300
131300
131300
131400
131400
131400
131400
131400
131400
131400
131400
131400
131400
131400
131400
131400
131400
131400
131500
131500
131500
131500
131600
131600
131600
131600
131600
131600
131600
131600
131600
131600
131600
131600
131600
131700
131700
131700
131700
131700
131700
131700
131700
131700
131800
131800
131800
131800
131800
131800
131800
131800
131800
131800
131800
131800
131900
131900
131900
131900
131900
131900
131900
131900
131900
131900
131900
132000
132000
132000
132000
132000
132000
132000
132000
132000
132000
132000
132000
132000
132000
132100
132100
132100
132100
132100
132100
132100
132100
132100
132100
132100
132100
132200
132200
132200
132200
132200
132200
132200
132300
132300
132300
132300
132300
132300
132300
132300
132300
132300
132300
132300
132300
132300
132300
132400
132400
132400
132400
132400
132400
132400
132400
132400
132400
132400
132500
132500
132500
132500
132500
132500
132500
132500
132500
132500
132500
132600
132600
132600
132600
132600
132600
132600
132600
132600
132600
132600
132700
132700
132700
132700
132700
132700
132700
132700
132700
132700
132700
132800
132800
132800
132800
132800
132800
132800
132800
132800
132800
132800
132800
132900
132900
132900
132900
132900
132900
132900
133000
133000
133000
133000
133000
133100
133100
133100
133100
133100
133100
133100
133100
133100
133100
133100
133200
133200
133200
133200
133200
133200
133200
133200
133200
133200
133200
133200
133200
133200
133300
133300
133300
133300
133300
133300
133300
133300
133300
133300
133400
133400
133400
133500
133500
133500
133500
133500
133500
133500
133500
133600
133600
133600
133600
133600
133600
133600
133600
133600
133600
133700
133700
133700
133700
133700
133700
133700
133700
133700
133800
133800
133800
133800
133800
133800
133800
133900
133900
133900
133900
133900
133900
133900
133900
133900
133900
134000
134000
134000
134000
134000
134000
134000
134000
134100
134100
134100
134100
134100
134100
134200
134200
134200
134200
134200
134200
134200
134200
134200
134200
134300
134300
134300
134300
134300
134300
134300
134400
134400
134400
134400
134400
134500
134500
134500
134500
134500
134500
134500
134500
134600
134600
134600
134600
134600
134600
134700
134700
134700
134700
134700
134700
134700
134700
134700
134800
134800
134800
134800
134800
134800
134800
134800
134800
134800
134800
134800
134800
134800
134800
134800
134800
134800
134800
134900
134900
134900
134900
134900
134900
134900
135000
135000
135100
135100
135100
135100
135100
135100
135100
135200
135200
135300
135300
135300
135300
135300
135300
135400
135400
135400
135400
135400
135400
135400
135400
135400
135400
135400
135500
135500
135500
135500
135500
135500
135500
135500
135500
135600
135600
135600
135600
135600
135600
135600
135600
135700
135700
135700
135700
135700
135700
135700
135800
135800
135800
135800
135800
135900
135900
135900
135900
136000
136000
136000
136000
136000
136000
136000
136000
136100
136100
136100
136100
136100
136100
136100
136100
136100
136200
136200
136200
136200
136200
136200
136200
136200
136200
136200
136300
136300
136300
136300
136300
136300
136300
136300
136300
136400
136400
136400
136400
136500
136500
136500
136500
136500
136500
136600
136600
136600
136600
136600
136600
136600
136600
136700
136700
136700
136700
136700
136700
136700
136700
136800
136800
136800
136800
136800
136800
136800
136800
136800
136800
136800
136800
136900
136900
136900
136900
136900
136900
137000
137000
137000
137000
137000
137000
137100
137100
137200
137200
137200
137200
137200
137200
137300
137300
137300
137300
137300
137300
137300
137300
137300
137300
137300
137400
137400
137400
137400
137400
137500
137500
137500
137500
137500
137500
137600
137600
137600
137600
137600
137600
137600
137600
137600
137600
137600
137700
137700
137700
137700
137700
137700
137700
137700
137700
137700
137700
137700
137700
137700
137800
137800
137800
137900
137900
137900
138000
138000
138000
138000
138000
138000
138100
138100
138100
138100
138100
138100
138100
138100
138200
138200
138200
138200
138200
138200
138200
138200
138200
138300
138300
138300
138300
138300
138300
138300
138400
138400
138500
138500
138500
138500
138600
138600
138600
138600
138600
138600
138600
138600
138600
138700
138700
138700
138800
138800
138800
138800
138800
138800
138800
138800
138800
138900
138900
138900
138900
138900
138900
138900
139000
139000
139000
139000
139100
139100
139100
139100
139100
139100
139200
139200
139200
139200
139200
139300
139300
139300
139300
139300
139300
139400
139400
139400
139400
139500
139500
139500
139500
139500
139500
139500
139500
139500
139600
139600
139600
139600
139600
139700
139700
139700
139700
139700
139700
139800
139800
139800
139800
139800
139800
139800
139800
139800
139900
139900
139900
139900
139900
139900
140000
140000
140000
140000
140000
140000
140100
140100
140200
140200
140200
140200
140300
140300
140300
140300
140300
140300
140300
140300
140400
140400
140400
140400
140400
140400
140500
140500
140500
140600
140600
140600
140600
140600
140600
140600
140600
140700
140700
140700
140700
140800
140800
140800
140800
140800
140800
140800
140900
140900
140900
140900
140900
140900
140900
140900
140900
140900
140900
140900
140900
140900
140900
141000
141000
141100
141100
141100
141200
141200
141200
141200
141200
141300
141300
141300
141300
141300
141300
141300
141300
141300
141300
141300
141300
141300
141400
141400
141400
141400
141500
141500
141500
141500
141500
141500
141500
141500
141500
141500
141500
141500
141600
141600
141600
141600
141600
141600
141600
141600
141600
141600
141700
141700
141700
141700
141700
141800
141800
141800
141800
141800
141800
141900
141900
141900
141900
142000
142000
142000
142000
142000
142000
142100
142100
142100
142100
142100
142100
142200
142200
142200
142200
142300
142300
142300
142300
142300
142300
142400
142400
142400
142500
142500
142500
142500
142500
142500
142500
142500
142500
142500
142500
142500
142600
142600
142600
142600
142600
142600
142600
142600
142700
142700
142700
142800
142800
142800
142800
142800
142900
143000
143000
143000
143000
143000
143100
143100
143100
143100
143100
143100
143200
143300
143300
143300
143300
143300
143300
143300
143400
143400
143400
143400
143500
143500
143600
143600
143600
143600
143600
143700
143700
143700
143700
143700
143800
143800
143800
143800
143800
143800
143800
143900
143900
143900
143900
143900
144000
144000
144000
144000
144100
144100
144100
144100
144100
144100
144200
144200
144200
144300
144300
144400
144400
144400
144400
144400
144500
144500
144500
144600
144700
144700
144700
144700
144700
144800
144800
144800
144800
144800
144800
144900
144900
144900
145000
145000
145000
145000
145000
145000
145100
145100
145100
145200
145200
145200
145300
145300
145300
145300
145300
145300
145300
145300
145300
145400
145400
145500
145500
145500
145600
145600
145600
145600
145600
145600
145700
145700
145800
145800
145800
145800
145800
145800
145800
145900
145900
145900
145900
145900
146000
146000
146000
146000
146000
146100
146100
146100
146100
146100
146100
146100
146200
146200
146200
146300
146300
146300
146300
146300
146400
146400
146400
146400
146400
146500
146500
146500
146500
146600
146600
146600
146600
146700
146700
146700
146700
146800
146800
146800
146800
146800
146800
146900
146900
146900
147000
147000
147000
147000
147000
147100
147100
147100
147200
147200
147200
147300
147300
147300
147300
147300
147400
147400
147400
147400
147500
147500
147500
147600
147600
147600
147600
147600
147700
147700
147700
147700
147700
147800
147800
147900
147900
147900
147900
147900
147900
147900
148000
148000
148000
148000
148000
148000
148100
148100
148200
148200
148200
148200
148300
148300
148300
148400
148400
148400
148500
148500
148600
148700
148800
148800
148800
148800
148900
148900
148900
148900
148900
149000
149000
149000
149000
149100
149100
149100
149100
149200
149200
149200
149200
149200
149200
149200
149200
149300
149300
149300
149400
149500
149600
149600
149600
149700
149700
149700
149700
149700
149700
149700
149700
149700
149700
149800
149900
149900
150000
150000
150000
150000
150000
150000
150000
150100
150100
150100
150100
150200
150200
150200
150200
150200
150300
150400
150400
150400
150400
150500
150600
150700
150700
150900
150900
151000
151000
151000
151000
151000
151100
151100
151100
151100
151100
151200
151300
151300
151300
151300
151300
151300
151400
151400
151400
151400
151500
151500
151600
151600
151600
151600
151700
151700
151700
151700
151700
151800
151800
151800
151800
151900
151900
151900
151900
151900
151900
152000
152000
152000
152000
152100
152200
152200
152300
152400
152400
152500
152500
152500
152500
152500
152600
152600
152600
152700
152700
152700
152700
152800
152900
152900
153000
153000
153000
153100
153100
153100
153200
153200
153300
153300
153400
153400
153400
153400
153400
153500
153500
153500
153600
153600
153600
153600
153700
153700
153700
153700
153700
153800
153800
153800
153800
153800
153800
153800
153800
153900
153900
153900
154000
154000
154100
154200
154200
154200
154200
154300
154300
154300
154400
154400
154400
154500
154500
154500
154500
154500
154600
154600
154600
154700
154700
154700
154800
154800
154900
154900
154900
155000
155000
155000
155100
155100
155100
155100
155200
155200
155200
155200
155300
155300
155300
155300
155300
155300
155400
155400
155400
155500
155500
155500
155500
155500
155600
155600
155700
155700
155800
155800
155800
155800
155800
155900
155900
155900
155900
155900
155900
156000
156000
156000
156100
156100
156100
156100
156200
156200
156300
156300
156300
156400
156500
156500
156500
156500
156500
156600
156700
156800
156900
157000
157000
157000
157000
157000
157000
157100
157200
157200
157200
157200
157300
157300
157500
157500
157600
157700
157800
157800
158000
158100
158100
158200
158300
158300
158400
158400
158400
158400
158500
158500
158500
158500
158600
158600
158600
158600
158700
158700
158800
158800
158900
158900
159000
159000
159000
159100
159100
159200
159200
159200
159200
159200
159300
159300
159300
159300
159500
159700
159900
160000
160100
160100
160200
160200
160300
160400
160500
160600
160600
160700
160700
160800
160800
160900
160900
161000
161000
161100
161200
161200
161300
161300
161300
161300
161300
161400
161500
161600
161600
161700
161700
161700
161800
161900
161900
161900
161900
162000
162000
162000
162100
162100
162200
162300
162300
162300
162400
162400
162500
162500
162600
162600
162700
162800
162800
162800
162800
162900
163000
163000
163100
163200
163200
163300
163300
163300
163400
163500
163500
163500
163500
163600
163600
163600
163700
163800
163800
163900
163900
164200
164300
164300
164300
164300
164400
164400
164400
164600
164600
164600
164600
164700
164800
164900
164900
164900
164900
165000
165000
165100
165100
165200
165200
165200
165300
165300
165500
165500
165500
165600
165600
165700
165700
165800
166000
166100
166100
166200
166200
166200
166300
166500
166500
166500
166500
166500
166500
166600
166600
166600
166600
166800
167100
167300
167300
167300
167500
167800
167900
168000
168000
168100
168200
168400
168400
168500
168600
168600
168600
168700
168800
168800
168800
169000
169000
169100
169100
169100
169100
169100
169200
169300
169400
169400
169400
169500
169700
169700
169700
169800
169900
169900
169900
169900
170000
170000
170300
170400
170500
170500
170600
170700
170700
170700
170800
170900
170900
171200
171200
171200
171200
171300
171400
171500
171500
171600
171600
171700
171800
172200
172200
172300
172300
172600
172800
172800
173000
173000
173100
173200
173300
173300
173400
173500
173800
174000
174300
174400
174900
174900
175000
175100
175200
175300
175500
175500
175500
175700
175900
176200
176200
176300
176300
176300
176400
176500
176600
176600
176700
176800
176900
177000
177100
177100
177200
177200
177200
177200
177300
177400
177500
177600
177600
177700
177700
178000
178000
178000
178200
178200
178200
178300
178500
178600
178700
178800
178800
178900
179000
179100
179100
179200
179200
179200
179200
179200
179300
179500
179500
179700
179800
179900
180100
180100
180200
180200
180200
180300
180400
180400
180500
180600
180900
180900
181000
181000
181400
181500
181600
181700
181800
181800
181900
181900
182000
182100
182300
182600
183400
183500
183500
183600
183700
183900
184200
184300
184500
184500
184600
184600
184600
184700
184800
185000
185400
185600
185700
185800
186000
186300
186600
186700
186800
187000
187000
187200
187300
187300
187500
187800
187800
187900
187900
188100
188100
188100
188200
188300
188300
188500
188800
188900
189000
189200
189400
189400
189600
189700
189800
190000
190000
190100
190300
190400
190500
190500
190500
190600
190600
190900
190900
191100
191300
191400
191500
191600
191600
191600
191600
191700
192100
192300
192400
192700
192700
192800
193100
193100
193100
193100
193200
193500
193700
193900
194300
194600
194900
194900
195100
195100
195400
195400
195500
195500
195600
195700
195700
196400
196600
196900
197200
197300
197700
197700
197800
198100
198100
198300
198300
198600
198700
198800
198800
199100
199500
199600
199600
199700
200200
200300
200400
200500
200800
201200
201200
201300
201700
201800
201900
201900
202100
202100
202300
202400
202500
202500
202800
202900
203000
203200
203200
203300
203500
203700
203700
203700
203800
204000
204600
204700
204800
205100
205500
205800
206000
206900
207000
207300
207400
207400
207500
207700
207800
207900
207900
208300
208500
208600
209500
209500
209600
209900
210000
210400
210400
210700
210700
210800
211100
211500
211700
212100
212500
213500
213600
213700
213800
214300
214600
214800
215500
215500
215800
216000
216200
217100
217200
217500
217900
218600
219000
220000
220100
220500
220600
220600
221600
221700
221800
222100
222600
222800
223200
223300
223700
223900
224300
224800
224800
225300
225600
225600
225600
226100
226100
226100
226200
227100
227100
227200
227600
227800
227900
228000
228800
228900
229400
229800
230000
230500
230500
230500
230800
231200
232000
232400
232500
233100
233200
233800
233800
234000
234300
234600
234900
235100
235800
236200
236400
236800
236900
238400
238400
238500
239400
239600
239900
240900
241600
242100
242200
242200
242800
244000
244000
244200
246200
247000
247000
247200
248200
249200
249600
250000
250900
251500
252500
252600
252600
252700
253000
253300
253600
253900
253900
254100
254400
254400
255200
256900
257600
257600
257700
258500
259000
259900
260300
261800
261900
262400
262700
262800
262800
263400
266000
266800
267100
267500
267600
267700
270100
270800
271300
271400
273300
273500
273700
274100
275900
275900
277400
278500
280100
281100
281400
283400
283900
285500
285900
286500
287600
288800
289900
289900
290400
294300
294600
294900
294900
296200
297500
297700
298600
300100
301300
304800
306700
307400
307600
308900
309500
313700
313700
314300
315200
315400
315500
316700
318800
319300
320000
322100
322600
322800
323300
324100
324500
326300
328100
329100
333700
334200
335600
336000
336500
336800
337300
337700
338500
338800
340900
343200
343500
343500
344700
346400
348300
348300
348700
350600
351600
353200
355300
356800
357900
359200
359700
366000
366300
366300
370500
370600
371300
371500
373900
380200
385600
388000
397400
400000
403600
405600
409900
418500
420900
425900
432000
436300
441300
443600
451200
453000
453500
454800
458700
462900
463000
466500
473500
474500
480000
486600
494000
502900
538000
551700
554400
574500
578200
650200
682100
743500
768600
819000
828200
1518900
1659600
