98300
98600
98600
98600
98700
98700
98700
98800
98800
98800
98800
98900
99000
99000
99100
99100
99100
99200
99200
99200
99200
99200
99200
99300
99300
99300
99300
99400
99400
99400
99400
99400
99400
99400
99400
99400
99400
99400
99400
99400
99500
99500
99500
99500
99500
99500
99500
99500
99500
99500
99500
99500
99500
99500
99500
99500
99500
99600
99600
99600
99600
99600
99600
99600
99600
99600
99600
99600
99600
99600
99600
99700
99700
99700
99700
99700
99700
99700
99700
99700
99700
99700
99700
99700
99700
99700
99700
99700
99800
99800
99800
99800
99800
99800
99800
99800
99800
99800
99800
99800
99800
99800
99800
99800
99800
99800
99800
99800
99800
99800
99800
99800
99800
99900
99900
99900
99900
99900
99900
99900
99900
99900
99900
99900
99900
99900
99900
99900
99900
99900
99900
99900
99900
99900
99900
99900
99900
99900
100000
100000
100000
100000
100000
100000
100000
100000
100000
100000
100000
100000
100000
100000
100000
100000
100000
100000
100000
100000
100000
100100
100100
100100
100100
100100
100100
100100
100100
100100
100100
100100
100100
100100
100100
100100
100100
100100
100100
100100
100100
100100
100100
100100
100100
100100
100100
100100
100100
100100
100100
100100
100100
100100
100100
100100
100200
100200
100200
100200
100200
100200
100200
100200
100200
100200
100200
100200
100200
100200
100200
100200
100200
100200
100200
100200
100200
100200
100200
100200
100200
100200
100200
100200
100200
100200
100300
100300
100300
100300
100300
100300
100300
100300
100300
100300
100300
100300
100300
100300
100300
100300
100300
100300
100300
100300
100300
100300
100300
100300
100300
100300
100300
100300
100300
100300
100300
100300
100300
100300
100300
100400
100400
100400
100400
100400
100400
100400
100400
100400
100400
100400
100400
100400
100400
100400
100400
100400
100400
100400
100400
100400
100400
100400
100400
100400
100400
100400
100400
100400
100400
100400
100400
100400
100400
100400
100500
100500
100500
100500
100500
100500
100500
100500
100500
100500
100500
100500
100500
100500
100500
100500
100500
100500
100500
100500
100500
100500
100500
100500
100500
100500
100500
100500
100500
100500
100500
100500
100500
100500
100500
100500
100500
100500
100500
100600
100600
100600
100600
100600
100600
100600
100600
100600
100600
100600
100600
100600
100600
100600
100600
100600
100600
100600
100600
100600
100600
100600
100600
100600
100600
100600
100600
100600
100600
100600
100600
100600
100600
100600
100600
100600
100600
100600
100600
100600
100600
100600
100600
100600
100600
100600
100600
100600
100600
100600
100600
100600
100600
100700
100700
100700
100700
100700
100700
100700
100700
100700
100700
100700
100700
100700
100700
100700
100700
100700
100700
100700
100700
100700
100700
100700
100700
100700
100700
100700
100700
100700
100700
100700
100700
100700
100700
100700
100700
100700
100700
100700
100700
100700
100700
100700
100700
100700
100700
100700
100700
100700
100700
100700
100700
100700
100700
100700
100700
100700
100800
100800
100800
100800
100800
100800
100800
100800
100800
100800
100800
100800
100800
100800
100800
100800
100800
100800
100800
100800
100800
100800
100800
100800
100800
100800
100800
100800
100800
100800
100800
100800
100800
100800
100800
100800
100800
100800
100800
100800
100800
100800
100800
100800
100800
100800
100800
100900
100900
100900
100900
100900
100900
100900
100900
100900
100900
100900
100900
100900
100900
100900
100900
100900
100900
100900
100900
100900
100900
100900
100900
100900
100900
100900
100900
100900
100900
100900
100900
100900
100900
100900
100900
100900
100900
100900
100900
100900
100900
100900
100900
100900
100900
100900
100900
100900
100900
100900
100900
100900
100900
100900
100900
100900
100900
100900
100900
100900
100900
100900
100900
101000
101000
101000
101000
101000
101000
101000
101000
101000
101000
101000
101000
101000
101000
101000
101000
101000
101000
101000
101000
101000
101000
101000
101000
101000
101000
101000
101000
101000
101000
101000
101000
101000
101000
101000
101000
101000
101000
101000
101000
101000
101000
101000
101000
101000
101100
101100
101100
101100
101100
101100
101100
101100
101100
101100
101100
101100
101100
101100
101100
101100
101100
101100
101100
101100
101100
101100
101100
101100
101100
101100
101100
101100
101100
101100
101100
101100
101100
101100
101100
101100
101100
101100
101100
101100
101100
101100
101100
101100
101100
101100
101100
101100
101100
101100
101100
101100
101100
101100
101100
101100
101200
101200
101200
101200
101200
101200
101200
101200
101200
101200
101200
101200
101200
101200
101200
101200
101200
101200
101200
101200
101200
101200
101200
101200
101200
101200
101200
101200
101200
101200
101200
101200
101200
101200
101200
101200
101200
101200
101200
101200
101200
101200
101200
101200
101200
101200
101200
101200
101200
101200
101200
101200
101200
101200
101200
101200
101200
101200
101200
101200
101200
101200
101200
101200
101300
101300
101300
101300
101300
101300
101300
101300
101300
101300
101300
101300
101300
101300
101300
101300
101300
101300
101300
101300
101300
101300
101300
101300
101300
101300
101300
101300
101300
101300
101300
101300
101300
101300
101300
101300
101300
101300
101300
101300
101300
101300
101300
101300
101300
101300
101300
101300
101300
101300
101300
101300
101300
101300
101300
101300
101300
101300
101300
101300
101400
101400
101400
101400
101400
101400
101400
101400
101400
101400
101400
101400
101400
101400
101400
101400
101400
101400
101400
101400
101400
101400
101400
101400
101400
101400
101400
101400
101400
101400
101400
101400
101400
101400
101400
101400
101400
101400
101400
101400
101400
101400
101400
101400
101400
101400
101400
101400
101400
101400
101400
101400
101500
101500
101500
101500
101500
101500
101500
101500
101500
101500
101500
101500
101500
101500
101500
101500
101500
101500
101500
101500
101500
101500
101500
101500
101500
101500
101500
101500
101500
101500
101500
101500
101500
101500
101500
101500
101500
101500
101500
101500
101500
101500
101500
101500
101500
101500
101500
101500
101500
101500
101500
101500
101500
101500
101500
101500
101600
101600
101600
101600
101600
101600
101600
101600
101600
101600
101600
101600
101600
101600
101600
101600
101600
101600
101600
101600
101600
101600
101600
101600
101600
101600
101600
101600
101600
101600
101600
101600
101600
101600
101600
101600
101600
101600
101600
101600
101600
101600
101600
101600
101600
101600
101600
101600
101600
101600
101600
101600
101600
101600
101600
101600
101600
101600
101600
101600
101600
101700
101700
101700
101700
101700
101700
101700
101700
101700
101700
101700
101700
101700
101700
101700
101700
101700
101700
101700
101700
101700
101700
101700
101700
101700
101700
101700
101700
101700
101700
101700
101700
101700
101700
101700
101700
101700
101700
101700
101700
101700
101700
101700
101700
101700
101700
101700
101700
101700
101700
101700
101700
101700
101700
101700
101700
101700
101700
101800
101800
101800
101800
101800
101800
101800
101800
101800
101800
101800
101800
101800
101800
101800
101800
101800
101800
101800
101800
101800
101800
101800
101800
101800
101800
101800
101800
101800
101800
101800
101800
101800
101800
101800
101800
101800
101800
101800
101800
101800
101800
101800
101800
101800
101800
101800
101800
101800
101800
101800
101800
101800
101800
101800
101800
101800
101800
101800
101800
101800
101800
101800
101900
101900
101900
101900
101900
101900
101900
101900
101900
101900
101900
101900
101900
101900
101900
101900
101900
101900
101900
101900
101900
101900
101900
101900
101900
101900
101900
101900
101900
101900
101900
101900
101900
101900
101900
101900
101900
101900
101900
101900
101900
101900
101900
101900
101900
101900
101900
101900
101900
101900
101900
101900
101900
101900
101900
101900
101900
101900
101900
101900
101900
102000
102000
102000
102000
102000
102000
102000
102000
102000
102000
102000
102000
102000
102000
102000
102000
102000
102000
102000
102000
102000
102000
102000
102000
102000
102000
102000
102000
102000
102000
102000
102000
102000
102000
102000
102000
102000
102000
102000
102000
102000
102000
102000
102000
102000
102000
102000
102000
102000
102000
102000
102000
102000
102000
102000
102000
102000
102000
102000
102000
102000
102000
102000
102000
102000
102000
102000
102000
102100
102100
102100
102100
102100
102100
102100
102100
102100
102100
102100
102100
102100
102100
102100
102100
102100
102100
102100
102100
102100
102100
102100
102100
102100
102100
102100
102100
102100
102100
102100
102100
102100
102100
102100
102100
102100
102100
102100
102100
102100
102100
102100
102100
102100
102100
102100
102100
102100
102100
102100
102200
102200
102200
102200
102200
102200
102200
102200
102200
102200
102200
102200
102200
102200
102200
102200
102200
102200
102200
102200
102200
102200
102200
102200
102200
102200
102200
102200
102200
102200
102200
102200
102200
102200
102200
102200
102200
102200
102200
102200
102200
102200
102200
102200
102200
102200
102200
102200
102200
102200
102200
102300
102300
102300
102300
102300
102300
102300
102300
102300
102300
102300
102300
102300
102300
102300
102300
102300
102300
102300
102300
102300
102300
102300
102300
102300
102300
102300
102300
102300
102300
102300
102300
102300
102300
102300
102300
102300
102300
102300
102300
102300
102300
102300
102300
102300
102300
102300
102300
102300
102300
102300
102300
102300
102300
102400
102400
102400
102400
102400
102400
102400
102400
102400
102400
102400
102400
102400
102400
102400
102400
102400
102400
102400
102400
102400
102400
102400
102400
102400
102400
102400
102400
102400
102400
102400
102400
102400
102400
102400
102400
102400
102400
102400
102400
102400
102400
102400
102400
102400
102400
102400
102400
102400
102400
102400
102400
102400
102400
102500
102500
102500
102500
102500
102500
102500
102500
102500
102500
102500
102500
102500
102500
102500
102500
102500
102500
102500
102500
102500
102500
102500
102500
102500
102500
102500
102500
102500
102500
102500
102500
102500
102500
102500
102500
102500
102500
102500
102500
102500
102500
102500
102500
102500
102500
102500
102500
102500
102500
102500
102600
102600
102600
102600
102600
102600
102600
102600
102600
102600
102600
102600
102600
102600
102600
102600
102600
102600
102600
102600
102600
102600
102600
102600
102600
102600
102600
102600
102600
102600
102600
102600
102600
102600
102600
102600
102600
102600
102600
102600
102600
102600
102600
102600
102600
102600
102600
102600
102600
102600
102600
102600
102600
102600
102600
102600
102600
102600
102700
102700
102700
102700
102700
102700
102700
102700
102700
102700
102700
102700
102700
102700
102700
102700
102700
102700
102700
102700
102700
102700
102700
102700
102700
102700
102700
102700
102700
102700
102700
102700
102700
102700
102700
102700
102700
102700
102700
102700
102700
102700
102700
102700
102700
102700
102700
102800
102800
102800
102800
102800
102800
102800
102800
102800
102800
102800
102800
102800
102800
102800
102800
102800
102800
102800
102800
102800
102800
102800
102800
102800
102800
102800
102800
102800
102800
102800
102800
102800
102800
102800
102800
102800
102800
102800
102800
102800
102800
102800
102800
102800
102800
102800
102800
102800
102800
102800
102800
102800
102800
102900
102900
102900
102900
102900
102900
102900
102900
102900
102900
102900
102900
102900
102900
102900
102900
102900
102900
102900
102900
102900
102900
102900
102900
102900
102900
102900
102900
102900
102900
102900
102900
102900
102900
102900
102900
102900
102900
102900
102900
102900
102900
102900
103000
103000
103000
103000
103000
103000
103000
103000
103000
103000
103000
103000
103000
103000
103000
103000
103000
103000
103000
103000
103000
103000
103000
103000
103000
103000
103000
103000
103000
103000
103000
103000
103000
103000
103000
103000
103000
103000
103000
103000
103000
103000
103000
103000
103000
103000
103000
103100
103100
103100
103100
103100
103100
103100
103100
103100
103100
103100
103100
103100
103100
103100
103100
103100
103100
103100
103100
103100
103100
103100
103100
103100
103100
103100
103100
103100
103100
103100
103100
103100
103100
103100
103100
103100
103100
103100
103100
103100
103100
103100
103100
103100
103100
103100
103100
103100
103100
103100
103100
103100
103100
103200
103200
103200
103200
103200
103200
103200
103200
103200
103200
103200
103200
103200
103200
103200
103200
103200
103200
103200
103200
103200
103200
103200
103200
103200
103200
103200
103200
103200
103200
103200
103200
103200
103200
103200
103200
103200
103200
103200
103200
103200
103200
103200
103200
103200
103200
103200
103200
103200
103300
103300
103300
103300
103300
103300
103300
103300
103300
103300
103300
103300
103300
103300
103300
103300
103300
103300
103300
103300
103300
103300
103300
103300
103300
103300
103300
103300
103300
103300
103300
103300
103300
103300
103300
103400
103400
103400
103400
103400
103400
103400
103400
103400
103400
103400
103400
103400
103400
103400
103400
103400
103400
103400
103400
103400
103400
103400
103400
103400
103400
103400
103400
103400
103400
103400
103400
103400
103400
103400
103400
103400
103400
103400
103400
103400
103400
103400
103400
103400
103400
103400
103400
103400
103400
103500
103500
103500
103500
103500
103500
103500
103500
103500
103500
103500
103500
103500
103500
103500
103500
103500
103500
103500
103500
103500
103500
103500
103500
103500
103500
103500
103500
103500
103500
103500
103500
103500
103500
103500
103500
103500
103500
103500
103500
103500
103500
103500
103500
103500
103500
103500
103500
103500
103500
103600
103600
103600
103600
103600
103600
103600
103600
103600
103600
103600
103600
103600
103600
103600
103600
103600
103600
103600
103600
103600
103600
103600
103600
103600
103600
103600
103600
103600
103600
103600
103600
103600
103600
103600
103600
103600
103600
103600
103700
103700
103700
103700
103700
103700
103700
103700
103700
103700
103700
103700
103700
103700
103700
103700
103700
103700
103700
103700
103700
103700
103700
103700
103700
103700
103700
103700
103700
103700
103700
103700
103700
103700
103700
103700
103700
103700
103700
103700
103700
103700
103700
103700
103700
103700
103700
103700
103700
103700
103700
103700
103700
103700
103700
103700
103700
103800
103800
103800
103800
103800
103800
103800
103800
103800
103800
103800
103800
103800
103800
103800
103800
103800
103800
103800
103800
103800
103800
103800
103800
103800
103800
103800
103800
103800
103800
103800
103800
103800
103800
103800
103800
103800
103800
103800
103800
103800
103800
103900
103900
103900
103900
103900
103900
103900
103900
103900
103900
103900
103900
103900
103900
103900
103900
103900
103900
103900
103900
103900
103900
103900
103900
103900
103900
103900
103900
103900
103900
103900
103900
103900
103900
103900
103900
103900
103900
103900
103900
103900
103900
103900
103900
103900
103900
103900
103900
103900
103900
103900
103900
103900
104000
104000
104000
104000
104000
104000
104000
104000
104000
104000
104000
104000
104000
104000
104000
104000
104000
104000
104000
104000
104000
104000
104000
104000
104000
104000
104000
104000
104000
104000
104000
104000
104000
104000
104000
104000
104000
104000
104000
104000
104000
104000
104000
104000
104100
104100
104100
104100
104100
104100
104100
104100
104100
104100
104100
104100
104100
104100
104100
104100
104100
104100
104100
104100
104100
104100
104100
104100
104100
104100
104100
104100
104100
104100
104100
104100
104100
104100
104100
104100
104100
104100
104100
104100
104100
104100
104200
104200
104200
104200
104200
104200
104200
104200
104200
104200
104200
104200
104200
104200
104200
104200
104200
104200
104200
104200
104200
104200
104200
104200
104200
104200
104200
104200
104200
104200
104200
104200
104200
104200
104200
104200
104200
104200
104200
104200
104200
104200
104200
104200
104200
104200
104200
104200
104200
104200
104200
104300
104300
104300
104300
104300
104300
104300
104300
104300
104300
104300
104300
104300
104300
104300
104300
104300
104300
104300
104300
104300
104300
104300
104300
104300
104300
104300
104300
104300
104300
104300
104300
104300
104300
104300
104300
104300
104300
104300
104300
104300
104300
104300
104300
104300
104300
104300
104300
104300
104300
104300
104300
104300
104300
104400
104400
104400
104400
104400
104400
104400
104400
104400
104400
104400
104400
104400
104400
104400
104400
104400
104400
104400
104400
104400
104400
104400
104400
104400
104400
104400
104400
104400
104400
104400
104400
104400
104400
104400
104400
104400
104400
104400
104400
104400
104400
104400
104400
104400
104400
104400
104400
104400
104400
104500
104500
104500
104500
104500
104500
104500
104500
104500
104500
104500
104500
104500
104500
104500
104500
104500
104500
104500
104500
104500
104500
104500
104500
104500
104500
104500
104500
104500
104500
104500
104500
104500
104500
104500
104500
104500
104500
104500
104500
104500
104500
104500
104500
104500
104500
104500
104500
104500
104500
104500
104500
104500
104500
104500
104500
104500
104500
104500
104500
104600
104600
104600
104600
104600
104600
104600
104600
104600
104600
104600
104600
104600
104600
104600
104600
104600
104600
104600
104600
104600
104600
104600
104600
104600
104600
104600
104600
104600
104600
104600
104600
104600
104600
104600
104600
104600
104600
104600
104600
104600
104600
104600
104600
104600
104600
104600
104600
104600
104600
104600
104600
104600
104600
104600
104600
104600
104600
104600
104600
104600
104600
104600
104600
104600
104600
104600
104600
104600
104600
104700
104700
104700
104700
104700
104700
104700
104700
104700
104700
104700
104700
104700
104700
104700
104700
104700
104700
104700
104700
104700
104700
104700
104700
104700
104700
104700
104700
104700
104700
104700
104700
104700
104700
104700
104700
104700
104700
104700
104700
104700
104700
104700
104700
104700
104700
104700
104700
104700
104700
104700
104700
104700
104700
104700
104700
104700
104700
104700
104700
104800
104800
104800
104800
104800
104800
104800
104800
104800
104800
104800
104800
104800
104800
104800
104800
104800
104800
104800
104800
104800
104800
104800
104800
104800
104800
104800
104800
104800
104800
104800
104800
104800
104800
104800
104800
104800
104800
104800
104800
104800
104800
104800
104800
104800
104800
104800
104800
104800
104800
104800
104800
104800
104800
104900
104900
104900
104900
104900
104900
104900
104900
104900
104900
104900
104900
104900
104900
104900
104900
104900
104900
104900
104900
104900
104900
104900
104900
104900
104900
104900
104900
104900
104900
104900
104900
104900
104900
104900
104900
104900
104900
104900
104900
104900
104900
104900
104900
104900
104900
104900
104900
104900
104900
105000
105000
105000
105000
105000
105000
105000
105000
105000
105000
105000
105000
105000
105000
105000
105000
105000
105000
105000
105000
105000
105000
105000
105000
105000
105000
105000
105000
105000
105000
105000
105000
105000
105000
105000
105000
105000
105000
105000
105000
105000
105000
105000
105000
105000
105000
105000
105000
105000
105000
105000
105000
105000
105000
105000
105100
105100
105100
105100
105100
105100
105100
105100
105100
105100
105100
105100
105100
105100
105100
105100
105100
105100
105100
105100
105100
105100
105100
105100
105100
105100
105100
105100
105100
105100
105100
105100
105100
105100
105100
105100
105100
105100
105100
105100
105100
105100
105100
105100
105100
105100
105200
105200
105200
105200
105200
105200
105200
105200
105200
105200
105200
105200
105200
105200
105200
105200
105200
105200
105200
105200
105200
105200
105200
105200
105200
105200
105200
105200
105200
105200
105200
105200
105200
105200
105200
105200
105200
105200
105200
105200
105200
105200
105200
105200
105200
105200
105200
105200
105200
105200
105200
105200
105200
105200
105200
105200
105200
105200
105200
105200
105200
105200
105200
105300
105300
105300
105300
105300
105300
105300
105300
105300
105300
105300
105300
105300
105300
105300
105300
105300
105300
105300
105300
105300
105300
105300
105300
105300
105300
105300
105300
105300
105300
105300
105300
105300
105300
105300
105300
105300
105300
105300
105300
105300
105300
105300
105300
105300
105300
105300
105300
105300
105300
105300
105300
105300
105300
105300
105300
105300
105300
105300
105300
105300
105300
105300
105300
105300
105300
105400
105400
105400
105400
105400
105400
105400
105400
105400
105400
105400
105400
105400
105400
105400
105400
105400
105400
105400
105400
105400
105400
105400
105400
105400
105400
105400
105400
105400
105400
105400
105400
105400
105400
105400
105400
105400
105400
105400
105400
105400
105400
105400
105400
105400
105400
105400
105400
105400
105400
105400
105400
105400
105500
105500
105500
105500
105500
105500
105500
105500
105500
105500
105500
105500
105500
105500
105500
105500
105500
105500
105500
105500
105500
105500
105500
105500
105500
105500
105500
105500
105500
105500
105500
105500
105500
105500
105500
105500
105500
105500
105500
105500
105500
105500
105500
105500
105500
105500
105500
105500
105500
105500
105500
105500
105500
105500
105500
105500
105500
105500
105500
105500
105500
105600
105600
105600
105600
105600
105600
105600
105600
105600
105600
105600
105600
105600
105600
105600
105600
105600
105600
105600
105600
105600
105600
105600
105600
105600
105600
105600
105600
105600
105600
105600
105600
105600
105600
105600
105600
105600
105600
105600
105600
105600
105600
105600
105600
105600
105600
105600
105600
105600
105600
105600
105600
105600
105600
105600
105600
105600
105600
105700
105700
105700
105700
105700
105700
105700
105700
105700
105700
105700
105700
105700
105700
105700
105700
105700
105700
105700
105700
105700
105700
105700
105700
105700
105700
105700
105700
105700
105700
105700
105700
105700
105700
105700
105700
105700
105700
105700
105700
105700
105700
105700
105700
105700
105700
105700
105700
105700
105700
105700
105700
105700
105700
105700
105700
105700
105700
105700
105700
105700
105700
105700
105800
105800
105800
105800
105800
105800
105800
105800
105800
105800
105800
105800
105800
105800
105800
105800
105800
105800
105800
105800
105800
105800
105800
105800
105800
105800
105800
105800
105800
105800
105800
105800
105800
105800
105800
105800
105800
105800
105800
105800
105800
105800
105800
105800
105800
105800
105800
105800
105800
105800
105800
105800
105800
105800
105800
105800
105800
105800
105900
105900
105900
105900
105900
105900
105900
105900
105900
105900
105900
105900
105900
105900
105900
105900
105900
105900
105900
105900
105900
105900
105900
105900
105900
105900
105900
105900
105900
105900
105900
105900
105900
105900
105900
105900
105900
105900
106000
106000
106000
106000
106000
106000
106000
106000
106000
106000
106000
106000
106000
106000
106000
106000
106000
106000
106000
106000
106000
106000
106000
106000
106000
106000
106000
106000
106000
106000
106000
106000
106000
106000
106000
106000
106000
106000
106000
106000
106000
106000
106000
106000
106000
106000
106000
106000
106100
106100
106100
106100
106100
106100
106100
106100
106100
106100
106100
106100
106100
106100
106100
106100
106100
106100
106100
106100
106100
106100
106100
106100
106100
106100
106100
106100
106100
106100
106100
106100
106100
106100
106100
106100
106100
106100
106100
106100
106100
106100
106100
106100
106100
106100
106100
106100
106100
106100
106100
106100
106100
106100
106100
106100
106100
106100
106100
106100
106100
106100
106100
106100
106100
106200
106200
106200
106200
106200
106200
106200
106200
106200
106200
106200
106200
106200
106200
106200
106200
106200
106200
106200
106200
106200
106200
106200
106200
106200
106200
106200
106200
106200
106200
106200
106200
106200
106200
106200
106200
106200
106200
106200
106200
106200
106200
106200
106200
106200
106200
106200
106200
106200
106200
106200
106200
106200
106200
106200
106200
106200
106200
106200
106200
106200
106200
106200
106300
106300
106300
106300
106300
106300
106300
106300
106300
106300
106300
106300
106300
106300
106300
106300
106300
106300
106300
106300
106300
106300
106300
106300
106300
106300
106300
106300
106300
106300
106300
106300
106300
106300
106300
106300
106300
106300
106300
106300
106300
106300
106300
106300
106300
106300
106300
106300
106300
106300
106300
106300
106300
106300
106400
106400
106400
106400
106400
106400
106400
106400
106400
106400
106400
106400
106400
106400
106400
106400
106400
106400
106400
106400
106400
106400
106400
106400
106400
106400
106400
106400
106400
106400
106400
106400
106400
106400
106400
106400
106400
106400
106400
106400
106400
106400
106400
106400
106400
106400
106400
106500
106500
106500
106500
106500
106500
106500
106500
106500
106500
106500
106500
106500
106500
106500
106500
106500
106500
106500
106500
106500
106500
106500
106500
106500
106500
106500
106500
106500
106500
106500
106500
106500
106500
106500
106500
106500
106500
106500
106500
106500
106500
106500
106500
106500
106500
106500
106500
106500
106500
106500
106500
106500
106500
106500
106500
106500
106500
106500
106500
106600
106600
106600
106600
106600
106600
106600
106600
106600
106600
106600
106600
106600
106600
106600
106600
106600
106600
106600
106600
106600
106600
106600
106600
106600
106600
106600
106600
106600
106600
106600
106600
106600
106600
106600
106600
106600
106600
106600
106600
106600
106600
106600
106600
106600
106600
106600
106600
106600
106600
106600
106600
106600
106600
106600
106600
106600
106600
106600
106600
106600
106600
106600
106600
106600
106600
106600
106700
106700
106700
106700
106700
106700
106700
106700
106700
106700
106700
106700
106700
106700
106700
106700
106700
106700
106700
106700
106700
106700
106700
106700
106700
106700
106700
106700
106700
106700
106700
106700
106700
106700
106700
106700
106700
106700
106700
106700
106700
106700
106700
106700
106700
106700
106700
106700
106700
106700
106700
106700
106700
106700
106700
106700
106700
106700
106700
106700
106700
106800
106800
106800
106800
106800
106800
106800
106800
106800
106800
106800
106800
106800
106800
106800
106800
106800
106800
106800
106800
106800
106800
106800
106800
106800
106800
106800
106800
106800
106800
106800
106800
106800
106800
106800
106800
106800
106800
106800
106800
106800
106800
106800
106800
106800
106800
106800
106800
106800
106800
106900
106900
106900
106900
106900
106900
106900
106900
106900
106900
106900
106900
106900
106900
106900
106900
106900
106900
106900
106900
106900
106900
106900
106900
106900
106900
106900
106900
106900
106900
106900
106900
106900
106900
106900
106900
106900
106900
106900
106900
106900
106900
106900
106900
106900
107000
107000
107000
107000
107000
107000
107000
107000
107000
107000
107000
107000
107000
107000
107000
107000
107000
107000
107000
107000
107000
107000
107000
107000
107000
107000
107000
107000
107000
107000
107000
107000
107000
107000
107000
107000
107000
107000
107000
107000
107000
107000
107000
107000
107000
107000
107000
107000
107000
107000
107000
107000
107000
107000
107000
107000
107000
107000
107000
107000
107000
107000
107000
107000
107100
107100
107100
107100
107100
107100
107100
107100
107100
107100
107100
107100
107100
107100
107100
107100
107100
107100
107100
107100
107100
107100
107100
107100
107100
107100
107100
107100
107100
107100
107100
107100
107100
107100
107100
107100
107100
107100
107100
107100
107100
107100
107100
107100
107100
107100
107200
107200
107200
107200
107200
107200
107200
107200
107200
107200
107200
107200
107200
107200
107200
107200
107200
107200
107200
107200
107200
107200
107200
107200
107200
107200
107200
107200
107200
107200
107200
107200
107200
107200
107200
107200
107200
107200
107200
107200
107200
107200
107200
107200
107200
107200
107200
107200
107200
107200
107200
107200
107300
107300
107300
107300
107300
107300
107300
107300
107300
107300
107300
107300
107300
107300
107300
107300
107300
107300
107300
107300
107300
107300
107300
107300
107300
107300
107300
107300
107300
107300
107300
107300
107300
107300
107300
107300
107300
107300
107300
107300
107300
107300
107300
107300
107300
107300
107400
107400
107400
107400
107400
107400
107400
107400
107400
107400
107400
107400
107400
107400
107400
107400
107400
107400
107400
107400
107400
107400
107400
107400
107400
107400
107400
107400
107400
107400
107400
107400
107400
107400
107400
107400
107400
107400
107400
107400
107400
107400
107400
107400
107400
107400
107400
107500
107500
107500
107500
107500
107500
107500
107500
107500
107500
107500
107500
107500
107500
107500
107500
107500
107500
107500
107500
107500
107500
107500
107500
107500
107500
107500
107500
107500
107500
107500
107500
107500
107500
107500
107500
107500
107500
107500
107500
107500
107500
107500
107500
107500
107500
107500
107500
107500
107500
107500
107500
107500
107500
107500
107500
107500
107500
107500
107600
107600
107600
107600
107600
107600
107600
107600
107600
107600
107600
107600
107600
107600
107600
107600
107600
107600
107600
107600
107600
107600
107600
107600
107600
107600
107600
107600
107600
107600
107600
107600
107600
107600
107600
107600
107600
107600
107600
107600
107600
107600
107600
107600
107600
107600
107600
107600
107600
107600
107700
107700
107700
107700
107700
107700
107700
107700
107700
107700
107700
107700
107700
107700
107700
107700
107700
107700
107700
107700
107700
107700
107700
107700
107700
107700
107700
107700
107700
107700
107700
107700
107700
107700
107700
107700
107700
107700
107700
107700
107700
107700
107700
107700
107700
107700
107700
107700
107700
107700
107700
107700
107700
107800
107800
107800
107800
107800
107800
107800
107800
107800
107800
107800
107800
107800
107800
107800
107800
107800
107800
107800
107800
107800
107800
107800
107800
107800
107800
107800
107800
107800
107800
107800
107800
107800
107800
107800
107800
107800
107800
107800
107800
107800
107800
107800
107800
107800
107800
107800
107800
107800
107800
107900
107900
107900
107900
107900
107900
107900
107900
107900
107900
107900
107900
107900
107900
107900
107900
107900
107900
107900
107900
107900
107900
107900
107900
107900
107900
107900
107900
107900
107900
107900
107900
107900
107900
107900
107900
107900
107900
107900
107900
107900
107900
107900
107900
108000
108000
108000
108000
108000
108000
108000
108000
108000
108000
108000
108000
108000
108000
108000
108000
108000
108000
108000
108000
108000
108000
108000
108000
108000
108000
108000
108000
108000
108000
108000
108000
108000
108000
108000
108000
108000
108000
108000
108000
108000
108000
108000
108000
108000
108000
108000
108100
108100
108100
108100
108100
108100
108100
108100
108100
108100
108100
108100
108100
108100
108100
108100
108100
108100
108100
108100
108100
108100
108100
108100
108100
108100
108100
108100
108100
108100
108100
108100
108100
108100
108100
108100
108100
108100
108100
108200
108200
108200
108200
108200
108200
108200
108200
108200
108200
108200
108200
108200
108200
108200
108200
108200
108200
108200
108200
108200
108200
108200
108200
108200
108200
108200
108200
108200
108200
108200
108200
108200
108200
108200
108200
108200
108200
108200
108200
108200
108200
108200
108200
108200
108200
108200
108200
108200
108200
108200
108200
108200
108200
108200
108200
108300
108300
108300
108300
108300
108300
108300
108300
108300
108300
108300
108300
108300
108300
108300
108300
108300
108300
108300
108300
108300
108300
108300
108300
108300
108300
108300
108300
108300
108300
108300
108300
108300
108300
108300
108300
108300
108300
108300
108300
108300
108300
108300
108300
108300
108300
108300
108300
108300
108300
108400
108400
108400
108400
108400
108400
108400
108400
108400
108400
108400
108400
108400
108400
108400
108400
108400
108400
108400
108400
108400
108400
108400
108400
108400
108400
108400
108400
108400
108400
108400
108400
108400
108400
108400
108400
108400
108400
108400
108400
108400
108400
108400
108400
108400
108400
108400
108400
108400
108400
108400
108400
108500
108500
108500
108500
108500
108500
108500
108500
108500
108500
108500
108500
108500
108500
108500
108500
108500
108500
108500
108500
108500
108500
108500
108500
108500
108500
108500
108500
108500
108500
108500
108500
108500
108500
108500
108500
108500
108500
108500
108500
108500
108500
108600
108600
108600
108600
108600
108600
108600
108600
108600
108600
108600
108600
108600
108600
108600
108600
108600
108600
108600
108600
108600
108600
108600
108600
108600
108600
108600
108600
108600
108600
108600
108600
108600
108600
108600
108600
108600
108600
108600
108600
108600
108600
108600
108600
108600
108600
108600
108600
108600
108600
108600
108600
108600
108600
108600
108600
108600
108600
108600
108600
108600
108600
108700
108700
108700
108700
108700
108700
108700
108700
108700
108700
108700
108700
108700
108700
108700
108700
108700
108700
108700
108700
108700
108700
108700
108700
108700
108700
108700
108700
108700
108700
108700
108700
108700
108700
108700
108700
108700
108700
108700
108700
108700
108700
108700
108700
108700
108700
108700
108700
108700
108700
108700
108700
108800
108800
108800
108800
108800
108800
108800
108800
108800
108800
108800
108800
108800
108800
108800
108800
108800
108800
108800
108800
108800
108800
108800
108800
108800
108800
108800
108800
108800
108800
108800
108800
108800
108800
108800
108800
108800
108800
108800
108800
108800
108800
108800
108800
108800
108800
108800
108800
108800
108800
108900
108900
108900
108900
108900
108900
108900
108900
108900
108900
108900
108900
108900
108900
108900
108900
108900
108900
108900
108900
108900
108900
108900
108900
108900
108900
108900
108900
108900
108900
108900
108900
108900
108900
108900
108900
108900
108900
108900
108900
108900
108900
108900
108900
108900
108900
108900
108900
108900
108900
108900
108900
108900
108900
108900
108900
109000
109000
109000
109000
109000
109000
109000
109000
109000
109000
109000
109000
109000
109000
109000
109000
109000
109000
109000
109000
109000
109000
109000
109000
109000
109000
109000
109000
109000
109000
109000
109000
109000
109000
109000
109000
109000
109000
109000
109000
109000
109000
109000
109000
109000
109000
109000
109000
109000
109000
109000
109000
109000
109000
109000
109100
109100
109100
109100
109100
109100
109100
109100
109100
109100
109100
109100
109100
109100
109100
109100
109100
109100
109100
109100
109100
109100
109100
109100
109100
109100
109100
109100
109100
109100
109100
109100
109100
109100
109100
109100
109100
109100
109100
109100
109100
109100
109100
109100
109100
109100
109100
109100
109100
109100
109100
109100
109100
109100
109100
109100
109200
109200
109200
109200
109200
109200
109200
109200
109200
109200
109200
109200
109200
109200
109200
109200
109200
109200
109200
109200
109200
109200
109200
109200
109200
109200
109200
109200
109200
109200
109200
109200
109200
109200
109200
109200
109200
109200
109200
109200
109200
109200
109200
109200
109200
109200
109200
109200
109200
109200
109200
109300
109300
109300
109300
109300
109300
109300
109300
109300
109300
109300
109300
109300
109300
109300
109300
109300
109300
109300
109300
109300
109300
109300
109300
109300
109300
109300
109300
109300
109300
109300
109300
109300
109300
109300
109300
109300
109300
109300
109300
109300
109300
109300
109300
109300
109300
109300
109300
109300
109300
109300
109400
109400
109400
109400
109400
109400
109400
109400
109400
109400
109400
109400
109400
109400
109400
109400
109400
109400
109400
109400
109400
109400
109400
109400
109400
109400
109400
109400
109400
109400
109400
109400
109400
109400
109400
109400
109400
109400
109400
109400
109400
109400
109400
109400
109400
109400
109400
109400
109400
109400
109400
109400
109400
109400
109400
109400
109400
109400
109400
109400
109400
109400
109400
109400
109400
109400
109400
109400
109400
109400
109500
109500
109500
109500
109500
109500
109500
109500
109500
109500
109500
109500
109500
109500
109500
109500
109500
109500
109500
109500
109500
109500
109500
109500
109500
109500
109500
109500
109500
109500
109500
109500
109500
109500
109500
109500
109500
109500
109500
109500
109500
109500
109500
109500
109500
109500
109500
109500
109500
109500
109500
109500
109500
109600
109600
109600
109600
109600
109600
109600
109600
109600
109600
109600
109600
109600
109600
109600
109600
109600
109600
109600
109600
109600
109600
109600
109600
109600
109600
109600
109600
109600
109600
109600
109600
109600
109600
109600
109600
109600
109600
109600
109600
109600
109600
109600
109600
109600
109600
109600
109600
109600
109600
109600
109600
109600
109600
109700
109700
109700
109700
109700
109700
109700
109700
109700
109700
109700
109700
109700
109700
109700
109700
109700
109700
109700
109700
109700
109700
109700
109700
109700
109700
109700
109700
109700
109700
109700
109700
109700
109700
109700
109700
109700
109700
109700
109700
109700
109700
109700
109700
109700
109700
109700
109700
109700
109700
109700
109700
109700
109800
109800
109800
109800
109800
109800
109800
109800
109800
109800
109800
109800
109800
109800
109800
109800
109800
109800
109800
109800
109800
109800
109800
109800
109800
109800
109800
109800
109800
109800
109800
109800
109800
109800
109800
109800
109800
109800
109800
109800
109800
109800
109800
109800
109800
109800
109800
109800
109800
109800
109800
109900
109900
109900
109900
109900
109900
109900
109900
109900
109900
109900
109900
109900
109900
109900
109900
109900
109900
109900
109900
109900
109900
109900
109900
109900
109900
109900
109900
109900
109900
109900
109900
109900
109900
109900
109900
109900
109900
109900
109900
109900
109900
109900
109900
110000
110000
110000
110000
110000
110000
110000
110000
110000
110000
110000
110000
110000
110000
110000
110000
110000
110000
110000
110000
110000
110000
110000
110000
110000
110000
110000
110000
110000
110000
110000
110000
110000
110000
110000
110000
110000
110000
110000
110000
110000
110000
110000
110000
110000
110000
110000
110000
110000
110000
110000
110000
110000
110000
110000
110000
110000
110000
110000
110000
110100
110100
110100
110100
110100
110100
110100
110100
110100
110100
110100
110100
110100
110100
110100
110100
110100
110100
110100
110100
110100
110100
110100
110100
110100
110100
110100
110100
110100
110100
110100
110100
110100
110100
110100
110100
110100
110100
110100
110100
110100
110100
110100
110100
110100
110100
110100
110100
110100
110100
110100
110100
110100
110100
110100
110100
110100
110100
110100
110100
110100
110200
110200
110200
110200
110200
110200
110200
110200
110200
110200
110200
110200
110200
110200
110200
110200
110200
110200
110200
110200
110200
110200
110200
110200
110200
110200
110200
110200
110200
110200
110200
110200
110200
110200
110200
110200
110200
110200
110200
110200
110200
110200
110200
110200
110200
110200
110200
110200
110200
110200
110200
110200
110200
110200
110200
110200
110200
110200
110200
110200
110200
110200
110300
110300
110300
110300
110300
110300
110300
110300
110300
110300
110300
110300
110300
110300
110300
110300
110300
110300
110300
110300
110300
110300
110300
110300
110300
110300
110300
110300
110300
110300
110300
110300
110300
110300
110300
110300
110300
110300
110300
110300
110300
110300
110300
110300
110300
110300
110300
110300
110300
110300
110300
110300
110300
110300
110300
110300
110300
110300
110400
110400
110400
110400
110400
110400
110400
110400
110400
110400
110400
110400
110400
110400
110400
110400
110400
110400
110400
110400
110400
110400
110400
110400
110400
110400
110400
110400
110400
110400
110400
110400
110400
110400
110400
110400
110400
110400
110400
110400
110400
110400
110400
110400
110400
110400
110400
110400
110400
110400
110400
110500
110500
110500
110500
110500
110500
110500
110500
110500
110500
110500
110500
110500
110500
110500
110500
110500
110500
110500
110500
110500
110500
110500
110500
110500
110500
110500
110500
110500
110500
110500
110500
110500
110500
110500
110500
110500
110500
110500
110500
110500
110500
110500
110500
110500
110500
110500
110500
110500
110500
110500
110500
110500
110500
110600
110600
110600
110600
110600
110600
110600
110600
110600
110600
110600
110600
110600
110600
110600
110600
110600
110600
110600
110600
110600
110600
110600
110600
110600
110600
110600
110600
110600
110600
110600
110600
110600
110600
110600
110600
110600
110600
110600
110600
110600
110600
110600
110600
110600
110600
110600
110600
110600
110600
110600
110600
110600
110600
110700
110700
110700
110700
110700
110700
110700
110700
110700
110700
110700
110700
110700
110700
110700
110700
110700
110700
110700
110700
110700
110700
110700
110700
110700
110700
110700
110700
110700
110700
110700
110700
110700
110700
110700
110700
110700
110700
110700
110700
110700
110700
110700
110700
110700
110700
110700
110700
110700
110700
110700
110700
110700
110700
110800
110800
110800
110800
110800
110800
110800
110800
110800
110800
110800
110800
110800
110800
110800
110800
110800
110800
110800
110800
110800
110800
110800
110800
110800
110800
110800
110800
110800
110800
110800
110800
110800
110800
110800
110800
110800
110800
110800
110800
110800
110800
110800
110800
110900
110900
110900
110900
110900
110900
110900
110900
110900
110900
110900
110900
110900
110900
110900
110900
110900
110900
110900
110900
110900
110900
110900
110900
110900
110900
110900
110900
110900
110900
110900
110900
110900
110900
110900
110900
110900
110900
110900
110900
110900
111000
111000
111000
111000
111000
111000
111000
111000
111000
111000
111000
111000
111000
111000
111000
111000
111000
111000
111000
111000
111000
111000
111000
111000
111000
111000
111000
111000
111000
111000
111000
111000
111000
111000
111000
111000
111000
111000
111000
111000
111000
111000
111000
111000
111000
111000
111000
111000
111000
111100
111100
111100
111100
111100
111100
111100
111100
111100
111100
111100
111100
111100
111100
111100
111100
111100
111100
111100
111100
111100
111100
111100
111100
111100
111100
111100
111100
111100
111100
111100
111100
111100
111100
111100
111100
111100
111100
111100
111100
111100
111100
111100
111100
111100
111100
111100
111100
111100
111200
111200
111200
111200
111200
111200
111200
111200
111200
111200
111200
111200
111200
111200
111200
111200
111200
111200
111200
111200
111200
111200
111200
111200
111200
111200
111200
111200
111200
111200
111200
111200
111200
111200
111200
111200
111200
111200
111200
111200
111200
111200
111200
111200
111200
111200
111200
111200
111200
111200
111200
111200
111200
111200
111200
111200
111200
111200
111200
111200
111200
111200
111200
111200
111200
111200
111300
111300
111300
111300
111300
111300
111300
111300
111300
111300
111300
111300
111300
111300
111300
111300
111300
111300
111300
111300
111300
111300
111300
111300
111300
111300
111300
111300
111300
111300
111300
111300
111300
111300
111300
111300
111300
111300
111300
111300
111300
111400
111400
111400
111400
111400
111400
111400
111400
111400
111400
111400
111400
111400
111400
111400
111400
111400
111400
111400
111400
111400
111400
111400
111400
111400
111400
111400
111400
111400
111400
111400
111400
111400
111400
111400
111400
111400
111400
111400
111400
111400
111400
111400
111400
111400
111400
111400
111500
111500
111500
111500
111500
111500
111500
111500
111500
111500
111500
111500
111500
111500
111500
111500
111500
111500
111500
111500
111500
111500
111500
111500
111500
111500
111500
111500
111500
111500
111500
111500
111500
111500
111500
111500
111500
111500
111500
111500
111500
111500
111500
111500
111500
111500
111500
111500
111600
111600
111600
111600
111600
111600
111600
111600
111600
111600
111600
111600
111600
111600
111600
111600
111600
111600
111600
111600
111600
111600
111600
111600
111600
111600
111600
111600
111600
111600
111600
111600
111600
111600
111600
111600
111600
111600
111600
111600
111600
111600
111600
111600
111600
111600
111600
111600
111600
111600
111600
111600
111600
111600
111600
111600
111600
111600
111700
111700
111700
111700
111700
111700
111700
111700
111700
111700
111700
111700
111700
111700
111700
111700
111700
111700
111700
111700
111700
111700
111700
111700
111700
111700
111700
111700
111700
111700
111700
111700
111700
111700
111700
111700
111700
111700
111700
111700
111700
111700
111700
111800
111800
111800
111800
111800
111800
111800
111800
111800
111800
111800
111800
111800
111800
111800
111800
111800
111800
111800
111800
111800
111800
111800
111800
111800
111800
111800
111800
111800
111800
111800
111800
111800
111800
111800
111800
111800
111800
111800
111800
111800
111800
111800
111800
111800
111800
111800
111800
111800
111800
111800
111800
111800
111800
111800
111800
111800
111800
111800
111800
111800
111800
111800
111900
111900
111900
111900
111900
111900
111900
111900
111900
111900
111900
111900
111900
111900
111900
111900
111900
111900
111900
111900
111900
111900
111900
111900
111900
111900
111900
111900
111900
111900
111900
111900
111900
111900
111900
111900
111900
111900
111900
111900
111900
111900
111900
111900
111900
112000
112000
112000
112000
112000
112000
112000
112000
112000
112000
112000
112000
112000
112000
112000
112000
112000
112000
112000
112000
112000
112000
112000
112000
112000
112000
112000
112000
112000
112000
112000
112000
112000
112000
112000
112000
112000
112000
112000
112000
112000
112000
112000
112000
112000
112000
112000
112000
112000
112000
112000
112100
112100
112100
112100
112100
112100
112100
112100
112100
112100
112100
112100
112100
112100
112100
112100
112100
112100
112100
112100
112100
112100
112100
112100
112100
112100
112100
112100
112100
112100
112100
112100
112100
112100
112100
112100
112100
112100
112100
112100
112100
112100
112100
112100
112100
112100
112100
112100
112100
112100
112100
112100
112100
112100
112100
112100
112100
112100
112100
112100
112100
112200
112200
112200
112200
112200
112200
112200
112200
112200
112200
112200
112200
112200
112200
112200
112200
112200
112200
112200
112200
112200
112200
112200
112200
112200
112200
112200
112200
112200
112200
112200
112200
112200
112200
112200
112200
112200
112200
112200
112200
112200
112300
112300
112300
112300
112300
112300
112300
112300
112300
112300
112300
112300
112300
112300
112300
112300
112300
112300
112300
112300
112300
112300
112300
112300
112300
112300
112300
112300
112300
112300
112300
112300
112300
112300
112300
112300
112300
112300
112300
112300
112300
112300
112300
112300
112300
112300
112300
112300
112300
112300
112400
112400
112400
112400
112400
112400
112400
112400
112400
112400
112400
112400
112400
112400
112400
112400
112400
112400
112400
112400
112400
112400
112400
112400
112400
112400
112400
112400
112400
112400
112400
112400
112400
112400
112400
112400
112400
112400
112400
112400
112400
112400
112400
112400
112400
112500
112500
112500
112500
112500
112500
112500
112500
112500
112500
112500
112500
112500
112500
112500
112500
112500
112500
112500
112500
112500
112500
112500
112500
112500
112500
112500
112500
112500
112500
112500
112500
112500
112500
112500
112500
112500
112500
112500
112600
112600
112600
112600
112600
112600
112600
112600
112600
112600
112600
112600
112600
112600
112600
112600
112600
112600
112600
112600
112600
112600
112600
112600
112600
112600
112600
112600
112600
112600
112600
112600
112600
112700
112700
112700
112700
112700
112700
112700
112700
112700
112700
112700
112700
112700
112700
112700
112700
112700
112700
112700
112700
112700
112700
112700
112700
112700
112700
112700
112700
112700
112700
112700
112800
112800
112800
112800
112800
112800
112800
112800
112800
112800
112800
112800
112800
112800
112800
112800
112800
112800
112800
112800
112800
112800
112800
112800
112800
112800
112800
112800
112800
112800
112800
112800
112800
112900
112900
112900
112900
112900
112900
112900
112900
112900
112900
112900
112900
112900
112900
112900
112900
112900
112900
112900
112900
112900
112900
112900
112900
112900
112900
112900
112900
112900
112900
112900
112900
112900
112900
112900
112900
112900
112900
112900
112900
112900
112900
112900
112900
112900
112900
112900
112900
112900
112900
112900
112900
113000
113000
113000
113000
113000
113000
113000
113000
113000
113000
113000
113000
113000
113000
113000
113000
113000
113000
113000
113000
113000
113000
113000
113000
113000
113000
113000
113000
113000
113000
113000
113000
113000
113000
113000
113000
113000
113000
113000
113000
113100
113100
113100
113100
113100
113100
113100
113100
113100
113100
113100
113100
113100
113100
113100
113100
113100
113100
113100
113100
113100
113100
113100
113100
113100
113100
113100
113100
113100
113100
113100
113100
113100
113100
113100
113100
113100
113100
113100
113100
113100
113100
113100
113100
113200
113200
113200
113200
113200
113200
113200
113200
113200
113200
113200
113200
113200
113200
113200
113200
113200
113200
113200
113200
113200
113200
113200
113200
113200
113200
113200
113200
113200
113200
113200
113200
113200
113200
113200
113200
113200
113200
113200
113200
113200
113200
113200
113200
113200
113200
113200
113200
113200
113300
113300
113300
113300
113300
113300
113300
113300
113300
113300
113300
113300
113300
113300
113300
113300
113300
113300
113300
113300
113300
113300
113300
113300
113300
113300
113300
113300
113300
113300
113300
113300
113300
113300
113300
113300
113300
113400
113400
113400
113400
113400
113400
113400
113400
113400
113400
113400
113400
113400
113400
113400
113400
113400
113400
113400
113400
113400
113400
113400
113400
113400
113400
113400
113400
113400
113400
113400
113400
113400
113400
113500
113500
113500
113500
113500
113500
113500
113500
113500
113500
113500
113500
113500
113500
113500
113500
113500
113500
113500
113500
113500
113500
113500
113500
113500
113500
113500
113500
113500
113500
113500
113500
113500
113500
113500
113500
113500
113500
113500
113500
113500
113500
113600
113600
113600
113600
113600
113600
113600
113600
113600
113600
113600
113600
113600
113600
113600
113600
113600
113600
113600
113600
113600
113600
113600
113600
113600
113600
113600
113600
113600
113600
113600
113600
113600
113600
113600
113600
113600
113600
113700
113700
113700
113700
113700
113700
113700
113700
113700
113700
113700
113700
113700
113700
113700
113700
113700
113700
113700
113700
113700
113700
113700
113700
113700
113700
113700
113700
113700
113700
113700
113700
113700
113700
113700
113700
113800
113800
113800
113800
113800
113800
113800
113800
113800
113800
113800
113800
113800
113800
113800
113800
113800
113800
113800
113800
113800
113800
113800
113800
113800
113800
113800
113800
113800
113800
113800
113900
113900
113900
113900
113900
113900
113900
113900
113900
113900
113900
113900
113900
113900
113900
113900
113900
113900
113900
113900
113900
113900
113900
113900
113900
113900
113900
113900
113900
113900
113900
114000
114000
114000
114000
114000
114000
114000
114000
114000
114000
114000
114000
114000
114000
114000
114000
114000
114000
114000
114000
114000
114000
114000
114000
114000
114000
114000
114000
114000
114000
114000
114000
114000
114000
114000
114000
114000
114000
114000
114100
114100
114100
114100
114100
114100
114100
114100
114100
114100
114100
114100
114100
114100
114100
114100
114100
114100
114100
114100
114100
114100
114100
114100
114100
114100
114100
114100
114100
114100
114100
114100
114100
114100
114100
114100
114100
114100
114100
114100
114100
114100
114100
114100
114100
114100
114100
114100
114100
114100
114100
114200
114200
114200
114200
114200
114200
114200
114200
114200
114200
114200
114200
114200
114200
114200
114200
114200
114200
114200
114200
114200
114200
114200
114200
114200
114200
114200
114200
114200
114200
114200
114200
114200
114200
114200
114200
114200
114200
114200
114300
114300
114300
114300
114300
114300
114300
114300
114300
114300
114300
114300
114300
114300
114300
114300
114300
114300
114300
114300
114300
114300
114300
114300
114300
114300
114300
114300
114300
114300
114300
114300
114300
114300
114300
114300
114300
114400
114400
114400
114400
114400
114400
114400
114400
114400
114400
114400
114400
114400
114400
114400
114400
114400
114400
114400
114400
114400
114400
114400
114400
114400
114400
114400
114400
114400
114400
114400
114400
114400
114400
114400
114400
114400
114400
114400
114400
114400
114400
114400
114500
114500
114500
114500
114500
114500
114500
114500
114500
114500
114500
114500
114500
114500
114500
114500
114500
114500
114500
114500
114500
114500
114500
114500
114500
114500
114500
114500
114500
114500
114500
114500
114500
114500
114500
114500
114500
114500
114500
114500
114500
114500
114500
114600
114600
114600
114600
114600
114600
114600
114600
114600
114600
114600
114600
114600
114600
114600
114600
114600
114600
114600
114600
114600
114600
114600
114600
114600
114600
114600
114600
114600
114600
114600
114600
114600
114600
114600
114700
114700
114700
114700
114700
114700
114700
114700
114700
114700
114700
114700
114700
114700
114700
114700
114700
114700
114700
114700
114700
114700
114700
114700
114700
114700
114700
114700
114700
114700
114700
114700
114700
114700
114700
114700
114700
114700
114800
114800
114800
114800
114800
114800
114800
114800
114800
114800
114800
114800
114800
114800
114800
114800
114800
114800
114800
114800
114800
114800
114800
114800
114800
114800
114800
114800
114800
114800
114800
114800
114800
114800
114800
114800
114800
114900
114900
114900
114900
114900
114900
114900
114900
114900
114900
114900
114900
114900
114900
114900
114900
114900
114900
114900
114900
114900
114900
114900
114900
114900
114900
115000
115000
115000
115000
115000
115000
115000
115000
115000
115000
115000
115000
115000
115000
115000
115000
115000
115000
115000
115000
115000
115000
115000
115000
115000
115000
115000
115000
115000
115000
115000
115000
115000
115000
115000
115100
115100
115100
115100
115100
115100
115100
115100
115100
115100
115100
115100
115100
115100
115100
115100
115100
115100
115100
115100
115100
115100
115100
115100
115100
115100
115100
115100
115100
115100
115100
115100
115100
115100
115200
115200
115200
115200
115200
115200
115200
115200
115200
115200
115200
115200
115200
115200
115200
115200
115200
115200
115200
115200
115200
115200
115200
115200
115200
115200
115200
115200
115200
115200
115200
115300
115300
115300
115300
115300
115300
115300
115300
115300
115300
115300
115300
115300
115300
115300
115300
115400
115400
115400
115400
115400
115400
115400
115400
115400
115400
115400
115400
115400
115400
115400
115400
115400
115400
115400
115400
115400
115400
115400
115400
115400
115400
115400
115400
115500
115500
115500
115500
115500
115500
115500
115500
115500
115500
115500
115500
115500
115500
115500
115500
115500
115500
115500
115500
115500
115500
115500
115500
115500
115500
115500
115500
115500
115500
115600
115600
115600
115600
115600
115600
115600
115600
115600
115600
115600
115600
115600
115600
115600
115600
115600
115600
115600
115600
115600
115600
115600
115600
115600
115600
115600
115600
115600
115700
115700
115700
115700
115700
115700
115700
115700
115700
115700
115700
115700
115700
115700
115700
115700
115700
115700
115700
115700
115700
115700
115700
115700
115700
115700
115700
115700
115700
115700
115700
115700
115700
115700
115700
115700
115700
115800
115800
115800
115800
115800
115800
115800
115800
115800
115800
115800
115800
115800
115800
115800
115800
115800
115800
115800
115800
115800
115800
115800
115800
115800
115800
115800
115800
115800
115900
115900
115900
115900
115900
115900
115900
115900
115900
115900
115900
115900
115900
115900
115900
115900
115900
115900
115900
116000
116000
116000
116000
116000
116000
116000
116000
116000
116000
116000
116000
116000
116000
116000
116000
116000
116000
116000
116000
116000
116000
116100
116100
116100
116100
116100
116100
116100
116100
116100
116100
116100
116100
116100
116100
116100
116100
116100
116100
116100
116100
116100
116100
116100
116100
116100
116100
116200
116200
116200
116200
116200
116200
116200
116200
116200
116200
116200
116200
116200
116200
116200
116200
116200
116200
116200
116200
116200
116200
116200
116200
116200
116200
116300
116300
116300
116300
116300
116300
116300
116300
116300
116300
116300
116300
116300
116300
116300
116300
116300
116300
116300
116300
116300
116300
116300
116300
116300
116300
116300
116300
116300
116300
116300
116400
116400
116400
116400
116400
116400
116400
116400
116400
116400
116400
116400
116400
116400
116400
116400
116400
116400
116400
116400
116400
116400
116400
116400
116400
116400
116500
116500
116500
116500
116500
116500
116500
116500
116500
116500
116500
116500
116500
116500
116500
116500
116500
116500
116500
116600
116600
116600
116600
116600
116600
116600
116600
116600
116600
116600
116600
116600
116600
116600
116600
116600
116600
116600
116600
116600
116600
116600
116600
116600
116600
116700
116700
116700
116700
116700
116700
116700
116700
116700
116700
116700
116700
116700
116700
116700
116700
116700
116700
116700
116700
116700
116700
116700
116700
116700
116700
116800
116800
116800
116800
116800
116800
116800
116800
116800
116800
116800
116800
116800
116800
116800
116800
116800
116800
116800
116800
116800
116800
116900
116900
116900
116900
116900
116900
116900
116900
116900
116900
116900
116900
116900
116900
116900
116900
116900
116900
116900
116900
116900
116900
116900
116900
116900
116900
116900
116900
116900
116900
116900
116900
117000
117000
117000
117000
117000
117000
117000
117000
117000
117000
117000
117000
117000
117000
117000
117000
117000
117000
117000
117000
117000
117100
117100
117100
117100
117100
117100
117100
117100
117100
117100
117100
117100
117100
117100
117100
117100
117100
117100
117100
117100
117100
117100
117100
117100
117100
117100
117100
117100
117100
117200
117200
117200
117200
117200
117200
117200
117200
117200
117200
117200
117200
117200
117200
117200
117200
117200
117200
117200
117200
117200
117200
117200
117200
117200
117200
117200
117200
117200
117200
117200
117200
117300
117300
117300
117300
117300
117300
117300
117300
117300
117300
117300
117300
117300
117300
117300
117300
117300
117400
117400
117400
117400
117400
117400
117400
117400
117400
117400
117400
117400
117400
117400
117400
117400
117400
117400
117400
117400
117400
117500
117500
117500
117500
117500
117500
117500
117500
117500
117500
117500
117500
117500
117500
117500
117500
117500
117500
117500
117500
117500
117500
117500
117500
117500
117500
117500
117500
117500
117500
117600
117600
117600
117600
117600
117600
117600
117600
117600
117600
117600
117600
117600
117600
117600
117600
117600
117600
117600
117600
117600
117600
117600
117700
117700
117700
117700
117700
117700
117700
117700
117700
117700
117700
117700
117700
117700
117700
117700
117700
117700
117700
117700
117700
117700
117700
117700
117700
117800
117800
117800
117800
117800
117800
117800
117800
117800
117800
117800
117800
117800
117800
117800
117800
117800
117800
117800
117900
117900
117900
117900
117900
117900
117900
117900
117900
117900
117900
117900
117900
117900
117900
117900
117900
117900
117900
117900
117900
117900
118000
118000
118000
118000
118000
118000
118000
118000
118000
118000
118000
118000
118000
118000
118000
118000
118000
118000
118100
118100
118100
118100
118100
118100
118100
118100
118100
118100
118100
118100
118100
118100
118100
118100
118100
118100
118100
118100
118100
118100
118100
118200
118200
118200
118200
118200
118200
118200
118200
118200
118200
118200
118200
118200
118200
118200
118200
118200
118300
118300
118300
118300
118300
118300
118300
118300
118300
118300
118300
118300
118300
118300
118300
118300
118300
118400
118400
118400
118400
118400
118400
118400
118400
118400
118400
118400
118400
118400
118400
118400
118500
118500
118500
118500
118500
118500
118500
118500
118500
118500
118500
118500
118500
118500
118500
118500
118500
118500
118500
118500
118500
118500
118500
118500
118600
118600
118600
118600
118600
118600
118600
118600
118600
118600
118600
118600
118600
118600
118600
118700
118700
118700
118700
118700
118700
118700
118700
118700
118700
118700
118700
118700
118700
118700
118700
118700
118800
118800
118800
118800
118800
118800
118800
118800
118800
118800
118800
118800
118800
118800
118800
118800
118800
118800
118800
118800
118800
118800
118800
118800
118800
118900
118900
118900
118900
118900
118900
118900
118900
118900
118900
118900
118900
118900
118900
118900
118900
118900
118900
118900
118900
118900
118900
118900
118900
118900
118900
118900
119000
119000
119000
119000
119000
119000
119000
119000
119000
119000
119000
119000
119000
119000
119000
119000
119000
119100
119100
119100
119100
119100
119100
119100
119100
119100
119100
119100
119100
119100
119100
119100
119100
119100
119100
119100
119100
119100
119100
119100
119100
119200
119200
119200
119200
119200
119200
119200
119200
119200
119200
119200
119200
119200
119300
119300
119300
119300
119300
119300
119300
119300
119300
119300
119300
119300
119400
119400
119400
119400
119400
119400
119400
119400
119400
119400
119400
119400
119400
119500
119500
119500
119500
119500
119500
119500
119500
119500
119500
119500
119500
119500
119500
119500
119500
119500
119500
119500
119500
119500
119600
119600
119600
119600
119600
119600
119600
119600
119600
119600
119600
119600
119600
119600
119600
119600
119600
119600
119700
119700
119700
119700
119700
119700
119700
119700
119700
119700
119700
119700
119700
119700
119700
119700
119700
119800
119800
119800
119800
119800
119800
119800
119800
119800
119800
119800
119800
119800
119800
119800
119800
119800
119900
119900
119900
119900
119900
119900
119900
119900
119900
119900
119900
119900
119900
119900
120000
120000
120000
120000
120000
120000
120000
120000
120000
120000
120000
120000
120100
120100
120100
120100
120100
120100
120100
120100
120100
120100
120100
120100
120100
120100
120100
120200
120200
120200
120200
120200
120200
120200
120200
120200
120200
120300
120300
120300
120300
120300
120300
120300
120300
120300
120300
120300
120300
120300
120300
120400
120400
120400
120400
120400
120400
120400
120400
120400
120400
120400
120400
120400
120400
120500
120500
120500
120500
120500
120500
120500
120500
120500
120500
120500
120500
120600
120600
120600
120600
120600
120600
120600
120600
120600
120600
120700
120700
120700
120700
120700
120700
120700
120700
120700
120700
120700
120700
120800
120800
120800
120800
120800
120800
120800
120800
120800
120800
120800
120800
120800
120800
120800
120800
120800
120900
120900
120900
120900
120900
120900
120900
120900
120900
120900
120900
120900
120900
121000
121000
121000
121000
121000
121000
121000
121000
121000
121000
121000
121100
121100
121100
121100
121100
121100
121100
121100
121100
121100
121100
121200
121200
121200
121200
121200
121200
121200
121200
121200
121200
121200
121200
121200
121200
121200
121300
121300
121300
121300
121300
121300
121300
121300
121300
121400
121400
121400
121400
121400
121400
121400
121400
121500
121500
121500
121500
121500
121500
121500
121500
121500
121500
121500
121500
121500
121500
121500
121500
121500
121600
121600
121600
121600
121600
121600
121600
121600
121600
121700
121700
121700
121700
121700
121700
121700
121700
121700
121700
121700
121700
121700
121800
121800
121800
121800
121800
121800
121800
121800
121800
121800
121800
121800
121800
121800
121900
121900
121900
121900
121900
121900
121900
121900
121900
122000
122000
122000
122000
122000
122000
122000
122000
122000
122000
122000
122000
122000
122000
122100
122100
122100
122100
122100
122100
122100
122100
122100
122200
122200
122200
122200
122200
122200
122200
122200
122200
122200
122200
122200
122200
122200
122300
122300
122300
122300
122300
122300
122300
122300
122300
122300
122400
122400
122400
122400
122400
122400
122400
122400
122400
122400
122400
122400
122400
122400
122400
122500
122500
122500
122500
122500
122500
122500
122500
122500
122500
122500
122600
122600
122600
122600
122600
122600
122600
122600
122600
122600
122600
122600
122700
122700
122700
122700
122700
122700
122700
122700
122800
122800
122800
122800
122800
122800
122800
122900
122900
122900
122900
122900
122900
123000
123000
123000
123000
123000
123000
123000
123000
123000
123000
123000
123000
123100
123100
123100
123100
123100
123100
123100
123100
123100
123100
123200
123200
123200
123200
123200
123200
123200
123200
123300
123300
123300
123300
123300
123300
123300
123400
123400
123400
123400
123400
123500
123500
123500
123500
123500
123500
123500
123500
123500
123600
123600
123600
123600
123600
123600
123700
123700
123700
123700
123700
123700
123700
123700
123700
123700
123800
123800
123800
123800
123800
123800
123800
123800
123800
123800
123800
123900
123900
123900
123900
123900
123900
123900
123900
123900
124000
124000
124000
124000
124000
124000
124000
124000
124100
124100
124100
124100
124100
124100
124100
124100
124100
124100
124100
124200
124200
124200
124200
124200
124200
124200
124200
124200
124200
124300
124300
124300
124300
124300
124300
124400
124400
124400
124400
124400
124400
124400
124400
124400
124400
124500
124500
124500
124500
124500
124500
124500
124500
124600
124600
124600
124600
124600
124600
124700
124700
124700
124700
124800
124800
124800
124800
124800
124800
124800
124900
124900
124900
124900
124900
125000
125000
125000
125000
125000
125000
125100
125100
125100
125100
125100
125100
125100
125100
125100
125100
125100
125100
125200
125200
125200
125200
125300
125300
125300
125300
125300
125300
125400
125400
125400
125400
125400
125400
125500
125500
125500
125500
125500
125500
125600
125600
125600
125600
125600
125600
125600
125600
125700
125700
125700
125800
125800
125800
125900
125900
125900
125900
126000
126000
126000
126000
126000
126000
126000
126000
126100
126100
126100
126100
126100
126100
126200
126200
126200
126200
126200
126200
126200
126200
126200
126200
126300
126300
126300
126300
126300
126300
126300
126300
126400
126400
126400
126500
126500
126500
126500
126500
126500
126500
126500
126600
126600
126700
126700
126700
126700
126700
126700
126800
126800
126900
126900
126900
126900
126900
126900
126900
126900
126900
127000
127000
127000
127100
127100
127100
127100
127100
127200
127200
127200
127200
127200
127300
127300
127300
127300
127300
127300
127300
127400
127400
127400
127400
127400
127500
127500
127500
127500
127500
127500
127500
127600
127600
127600
127700
127700
127700
127700
127700
127800
127800
127900
127900
128000
128000
128000
128000
128000
128000
128000
128100
128100
128100
128100
128100
128200
128200
128200
128200
128200
128300
128300
128300
128300
128300
128300
128300
128300
128400
128400
128400
128500
128500
128600
128600
128700
128700
128900
128900
128900
128900
128900
129000
129000
129000
129000
129000
129100
129100
129100
129100
129200
129300
129300
129300
129400
129400
129400
129500
129500
129500
129500
129500
129600
129600
129600
129600
129700
129700
129700
129700
129700
129700
129700
129700
129700
129800
129800
129800
129800
129800
129800
129800
129900
129900
130000
130000
130000
130000
130100
130100
130100
130100
130200
130300
130300
130300
130300
130300
130300
130300
130300
130300
130400
130400
130400
130400
130400
130500
130500
130500
130500
130500
130500
130600
130600
130700
130700
130700
130700
130800
130800
130900
131000
131000
131000
131000
131100
131100
131100
131200
131200
131300
131300
131400
131400
131400
131500
131600
131600
131600
131700
131700
131800
131800
131800
131800
131800
131900
131900
132000
132000
132100
132200
132200
132200
132300
132300
132600
132600
132700
132700
132700
132700
132700
132700
132800
132800
132900
133000
133000
133300
133300
133300
133300
133400
133500
133600
133600
133700
133700
133700
133700
133700
133800
133800
133900
133900
134100
134100
134100
134200
134300
134300
134400
134400
134400
134500
134700
134700
134800
134900
135000
135100
135100
135100
135200
135200
135200
135300
135300
135300
135300
135300
135300
135300
135500
135500
135500
135500
135500
135600
135600
135600
135600
135700
135700
135800
135900
136100
136100
136200
136200
136200
136400
136400
136500
136500
136500
136500
136700
136700
136800
137000
137000
137000
137100
137400
137400
137400
137500
137600
137600
137700
137700
137700
137800
138000
138100
138100
138100
138100
138200
138300
138300
138300
138300
138300
138400
138400
138500
138600
138800
138800
138900
138900
139000
139000
139000
139100
139200
139300
139300
139400
139400
139500
139500
139600
140000
140000
140200
140200
140300
140300
140400
140400
140400
140500
140700
140700
140800
141000
141000
141100
141300
141400
141500
141600
141600
141900
142100
142100
142100
142400
142400
142400
142800
143000
143000
143200
143300
143400
143400
143400
143400
143600
143700
143700
143700
143700
144400
144600
144900
144900
144900
144900
145000
145300
145500
145500
145700
145700
145800
145800
146100
146200
146200
146200
146300
146400
146400
146600
146700
146700
147000
147000
147200
147500
147500
147500
147600
148300
148300
148800
149200
149400
149600
149700
149700
149700
149700
149800
150500
150500
150600
151200
151300
151800
152300
153000
153300
153700
153800
154000
154000
154000
154400
155500
155600
155800
155900
155900
156000
156000
156200
156400
156600
157600
157600
157800
157800
158000
158000
158300
158500
159400
159900
159900
160200
160200
161200
161200
161400
161800
161900
162300
162600
162900
162900
163000
163400
163600
164300
164500
164500
164700
164800
164800
165300
166100
167000
167400
167400
168900
169100
169200
171500
173200
173300
174100
174400
174500
175200
175200
177100
178000
178300
178400
178600
179400
180100
180900
183500
184000
184800
185000
185200
185500
186300
186400
188500
189700
191500
191700
191700
192400
192500
195600
195800
199900
201500
202700
203300
203800
204800
207000
207100
208200
209400
209800
211300
211900
215300
215700
216100
216300
216500
216600
217900
218500
218800
219000
219600
220300
221100
221100
223800
224200
224300
226100
226700
228100
231200
232400
232400
232900
233700
233900
234600
235500
237000
237800
238400
239400
239900
241000
241900
242000
242900
243400
245100
246300
246600
248300
250400
250700
252300
252500
253400
254500
255400
255400
255700
257200
260400
260500
261000
261500
261800
266500
267800
270500
272000
274200
275400
276200
277800
291900
296100
299400
299500
300500
301600
302800
303100
312100
314600
314900
316100
318800
319900
322600
322900
324800
331400
333100
333600
336000
339100
341000
343600
353100
369400
409500
430000
438800
465600
616100
1080600
1613800
