1000000 431451
1000000 496517
2000000 1.02215e+06
2000000 1.19136e+06
3000000 1.81799e+06
3000000 2.01399e+06
4000000 2.6439e+06
4000000 2.94741e+06
5000000 3.59017e+06
5000000 3.91159e+06
6000000 4.55881e+06
6000000 4.96967e+06
7000000 5.64983e+06
7000000 6.09956e+06
8000000 6.76211e+06
8000000 7.21512e+06
9000000 8.03774e+06
9000000 8.46644e+06
10000000 9.26369e+06
10000000 9.72673e+06
11000000 1.04455e+07
11000000 1.11434e+07
12000000 1.16827e+07
12000000 1.25879e+07
13000000 1.29049e+07
13000000 1.39945e+07
14000000 1.42677e+07
14000000 1.54821e+07
15000000 1.55793e+07
15000000 1.69377e+07
16000000 1.6976e+07
16000000 1.84434e+07
17000000 1.83453e+07
17000000 1.99239e+07
18000000 1.98565e+07
18000000 2.15919e+07
19000000 2.13119e+07
19000000 2.31123e+07
20000000 2.2724e+07
20000000 2.45982e+07
21000000 2.41231e+07
21000000 2.60815e+07
22000000 2.55744e+07
22000000 2.75402e+07
23000000 2.69837e+07
23000000 2.908e+07
24000000 2.83635e+07
24000000 3.05671e+07
25000000 2.97347e+07
25000000 3.21084e+07
26000000 3.12094e+07
26000000 3.37079e+07
27000000 3.26011e+07
27000000 3.5275e+07
28000000 3.40366e+07
28000000 3.68419e+07
29000000 3.54756e+07
29000000 3.83895e+07
