217600
218600
236400
244000
246100
260900
273800
274500
274500
276800
278500
279600
281600
282500
287100
288700
290800
291000
294200
294600
294600
297500
297600
298200
298700
298700
298700
299100
299400
299700
299700
299900
299900
300900
301300
301600
303000
303200
303400
304100
304800
305200
305200
305200
305600
306100
306100
306300
306400
306400
306500
307400
307500
308000
308000
308200
308700
308800
308800
309100
309100
309200
309300
309300
309700
309800
310400
310700
310900
311300
311400
311800
311900
311900
311900
312000
312100
312300
312500
312600
312600
312700
312800
313000
313300
313500
313600
313800
313800
313900
314100
314600
314600
314800
314900
315000
315100
316100
316300
316800
317000
317000
317300
317400
317500
317600
317700
317800
318000
318000
318100
318100
318400
318500
318700
318800
318900
319200
319300
319400
319400
319500
319600
319700
319800
319900
319900
320100
320200
320500
320600
320700
322100
322100
322400
322400
323300
323400
324000
324000
324000
324000
324000
324300
324800
324800
325100
325200
325200
325800
325900
326100
326500
326600
326800
327100
327400
327900
328000
328200
328200
328300
328400
328600
328800
328800
329100
329500
329600
329700
330100
330300
330300
330400
330800
330800
330800
331200
331200
331700
331700
331800
332100
332200
332400
332500
332600
332700
332900
333100
333300
333300
333300
333400
333800
334400
334500
334600
334800
334800
335100
335700
335800
336300
336700
336700
337000
337100
337200
337700
337800
338300
338400
338400
338700
338800
338900
339600
340800
340800
340900
341000
341000
341200
341200
341400
341600
341800
342100
342200
342400
342500
342600
342700
342800
342900
343000
343300
343300
343300
343400
343600
343600
343600
343700
343700
343700
343800
344000
344100
344200
344300
344400
344600
345000
345200
345300
345600
345600
345700
345800
346000
346000
346200
346200
346200
346300
346400
346400
346400
346500
346500
346600
346600
346700
346700
346900
346900
346900
346900
347100
347200
347200
347300
347600
347700
347700
347800
348000
348000
348200
348200
348200
348300
348600
348600
348700
348900
348900
348900
348900
349100
349200
349200
349200
349300
349300
349400
349600
349700
349700
349800
349900
349900
350000
350200
350200
350400
350500
350500
350500
350500
350500
350600
350600
350800
350800
350900
350900
351000
351000
351100
351100
351200
351200
351200
351300
351300
351400
351400
351400
351600
351600
351600
351700
351700
351800
351800
351900
351900
352000
352100
352200
352500
352500
352500
352500
352500
352600
352700
352800
352900
352900
352900
353000
353000
353000
353200
353200
353200
353300
353300
353300
353300
353400
353600
353600
353700
353800
353900
354000
354100
354100
354100
354100
354200
354300
354300
354300
354400
354500
354500
354500
354600
354600
354700
354700
354800
354800
354800
354900
354900
355000
355000
355100
355100
355100
355200
355200
355400
355500
355500
355600
355600
355600
355800
355800
355900
355900
355900
356100
356100
356200
356200
356200
356400
356500
356600
356600
356600
356600
356600
356700
356700
356700
356700
356800
356800
356900
356900
357000
357000
357000
357000
357100
357200
357300
357300
357400
357400
357400
357500
357500
357500
357600
357600
357600
357600
357600
357700
357700
357800
357800
357800
357800
357900
357900
358000
358000
358100
358100
358100
358200
358300
358300
358500
358500
358600
358700
358700
358800
358900
358900
358900
359000
359000
359000
359100
359100
359200
359200
359200
359300
359400
359400
359500
359500
359600
359600
359600
359700
359700
359900
359900
359900
360000
360000
360000
360000
360100
360100
360100
360100
360200
360200
360200
360200
360200
360300
360300
360300
360400
360400
360400
360400
360400
360500
360500
360600
360600
360700
360700
360700
360800
360800
360800
360900
360900
361000
361000
361100
361100
361100
361100
361200
361200
361300
361300
361300
361300
361400
361400
361400
361400
361400
361400
361400
361400
361400
361400
361500
361500
361500
361600
361600
361600
361600
361600
361700
361700
361700
361700
361800
361800
361800
361800
361900
361900
361900
361900
361900
362000
362000
362100
362100
362200
362200
362300
362300
362300
362300
362300
362500
362600
362600
362600
362600
362600
362600
362600
362700
362700
362800
362900
362900
363000
363000
363000
363000
363000
363000
363100
363100
363100
363100
363100
363100
363200
363200
363200
363300
363300
363300
363400
363400
363500
363500
363600
363600
363700
363700
363700
363700
363700
363700
363800
363800
363800
363900
363900
363900
364000
364000
364000
364000
364100
364100
364100
364100
364200
364200
364200
364200
364200
364300
364300
364300
364300
364400
364400
364400
364400
364500
364500
364500
364500
364500
364600
364700
364700
364700
364700
364700
364900
364900
364900
364900
364900
365000
365000
365000
365000
365100
365100
365100
365100
365200
365200
365200
365300
365300
365400
365400
365400
365500
365600
365600
365600
365600
365600
365600
365700
365700
365700
365700
365800
365800
365800
365800
365800
365900
365900
365900
365900
365900
366000
366000
366000
366000
366000
366000
366000
366000
366000
366100
366100
366100
366100
366100
366200
366200
366200
366200
366300
366300
366300
366300
366300
366300
366300
366400
366400
366400
366500
366500
366500
366500
366600
366600
366600
366600
366600
366600
366700
366700
366700
366700
366700
366700
366800
366800
366800
366800
366800
366800
366800
366900
366900
366900
366900
367000
367000
367000
367100
367100
367100
367100
367100
367100
367200
367200
367200
367300
367300
367300
367300
367300
367300
367300
367400
367400
367400
367400
367500
367500
367500
367600
367600
367600
367600
367700
367700
367700
367700
367800
367800
367800
367800
367900
367900
367900
368000
368000
368000
368000
368100
368100
368100
368100
368100
368100
368100
368100
368200
368200
368200
368300
368300
368300
368400
368400
368400
368400
368400
368500
368500
368500
368600
368600
368600
368600
368600
368700
368700
368700
368800
368800
368800
368800
368800
368800
368900
368900
368900
368900
369000
369000
369000
369000
369000
369000
369100
369100
369100
369100
369200
369200
369200
369200
369200
369300
369300
369300
369300
369300
369300
369300
369400
369400
369400
369400
369400
369400
369500
369500
369500
369500
369500
369600
369600
369600
369600
369700
369700
369700
369700
369700
369700
369700
369700
369700
369800
369800
369800
369800
369800
369900
369900
369900
369900
370000
370000
370000
370000
370000
370000
370000
370000
370000
370000
370000
370100
370100
370100
370100
370100
370100
370200
370200
370200
370200
370200
370200
370300
370300
370300
370300
370400
370400
370400
370400
370400
370500
370500
370500
370500
370500
370600
370600
370700
370700
370700
370800
370800
370800
370800
370800
370800
370800
370800
370800
370900
370900
370900
370900
370900
371000
371000
371000
371000
371000
371100
371100
371100
371100
371200
371200
371200
371200
371200
371300
371300
371300
371300
371300
371300
371300
371300
371300
371400
371400
371400
371500
371500
371600
371600
371600
371600
371600
371700
371700
371700
371700
371700
371700
371700
371800
371800
371800
371800
371800
371800
371800
371800
371800
371900
371900
371900
371900
371900
371900
371900
371900
371900
372000
372000
372000
372000
372000
372000
372100
372100
372100
372100
372100
372100
372100
372200
372200
372200
372200
372200
372200
372200
372200
372300
372300
372300
372400
372400
372400
372400
372400
372400
372400
372400
372500
372500
372500
372500
372500
372500
372600
372600
372600
372600
372600
372600
372700
372700
372700
372700
372700
372700
372700
372700
372800
372800
372800
372800
372800
372800
372900
372900
372900
372900
373000
373000
373000
373000
373000
373000
373000
373000
373000
373000
373000
373100
373100
373100
373100
373100
373100
373100
373100
373100
373100
373100
373100
373200
373200
373200
373200
373200
373200
373200
373300
373300
373300
373300
373300
373300
373400
373400
373400
373400
373400
373500
373500
373500
373500
373500
373500
373600
373600
373600
373600
373600
373600
373600
373600
373600
373700
373700
373700
373700
373700
373800
373800
373800
373800
373800
373800
373800
373800
373800
373900
373900
373900
373900
373900
373900
373900
373900
373900
373900
374000
374000
374000
374100
374100
374100
374100
374100
374200
374200
374200
374200
374200
374200
374200
374200
374200
374200
374300
374300
374300
374300
374300
374300
374300
374300
374300
374300
374400
374400
374400
374400
374400
374400
374500
374500
374500
374500
374500
374500
374500
374500
374600
374600
374600
374600
374600
374600
374600
374600
374600
374700
374700
374700
374700
374700
374700
374800
374800
374800
374800
374800
374800
374800
374800
374800
374900
374900
374900
374900
374900
374900
374900
375000
375000
375000
375000
375000
375100
375100
375100
375100
375100
375100
375100
375100
375100
375100
375100
375100
375100
375200
375200
375200
375200
375200
375200
375200
375200
375200
375300
375300
375300
375300
375300
375300
375300
375300
375300
375300
375300
375400
375400
375400
375400
375400
375400
375400
375400
375400
375400
375500
375500
375500
375500
375500
375500
375500
375500
375600
375600
375600
375600
375600
375600
375700
375700
375700
375700
375700
375700
375700
375700
375700
375700
375700
375800
375800
375800
375800
375800
375900
375900
375900
375900
375900
375900
375900
376000
376000
376000
376000
376000
376000
376000
376000
376000
376000
376000
376000
376000
376100
376100
376100
376100
376100
376100
376200
376200
376200
376200
376200
376200
376200
376300
376300
376300
376400
376400
376400
376400
376400
376400
376500
376500
376500
376500
376600
376600
376600
376600
376600
376600
376600
376600
376700
376700
376700
376700
376700
376700
376700
376700
376700
376700
376800
376800
376800
376800
376800
376800
376800
376800
376800
376900
376900
376900
376900
376900
376900
376900
377000
377000
377000
377000
377000
377000
377000
377000
377100
377100
377100
377100
377100
377100
377100
377100
377100
377200
377200
377200
377200
377200
377200
377200
377300
377300
377300
377300
377300
377300
377300
377300
377400
377400
377400
377400
377400
377400
377400
377400
377400
377400
377400
377500
377500
377500
377500
377500
377500
377500
377500
377600
377600
377600
377600
377600
377600
377600
377600
377600
377600
377600
377600
377600
377700
377700
377700
377700
377700
377700
377700
377700
377700
377800
377800
377800
377800
377800
377800
377800
377800
377800
377900
377900
377900
377900
377900
377900
377900
377900
377900
377900
378000
378000
378000
378000
378000
378000
378000
378100
378100
378100
378100
378100
378100
378100
378100
378100
378200
378200
378200
378300
378300
378300
378300
378300
378300
378300
378300
378400
378400
378400
378400
378500
378500
378500
378500
378500
378500
378500
378500
378600
378600
378600
378600
378600
378600
378600
378600
378600
378700
378700
378700
378700
378700
378700
378700
378700
378700
378700
378700
378700
378800
378800
378800
378800
378800
378800
378800
378800
378800
378800
378800
378800
378800
378800
378800
378800
378900
378900
378900
378900
378900
379000
379000
379000
379000
379100
379100
379100
379100
379100
379100
379100
379100
379100
379100
379100
379200
379200
379200
379200
379200
379200
379300
379300
379300
379300
379300
379300
379300
379300
379300
379300
379300
379300
379300
379300
379400
379400
379400
379400
379400
379400
379400
379400
379400
379400
379500
379500
379500
379500
379500
379500
379500
379500
379500
379500
379500
379500
379500
379500
379500
379600
379600
379600
379600
379600
379600
379600
379600
379700
379700
379700
379700
379700
379700
379700
379700
379800
379800
379800
379800
379800
379800
379800
379800
379800
379900
379900
379900
379900
379900
379900
379900
379900
379900
380000
380000
380000
380000
380000
380100
380100
380100
380100
380100
380100
380100
380100
380100
380100
380100
380100
380200
380200
380200
380200
380200
380200
380200
380200
380300
380300
380300
380300
380300
380300
380300
380300
380400
380400
380400
380400
380400
380400
380400
380400
380400
380400
380400
380500
380500
380500
380500
380500
380500
380500
380500
380500
380500
380600
380600
380600
380600
380600
380600
380600
380600
380600
380600
380700
380700
380700
380700
380700
380700
380700
380800
380800
380800
380800
380800
380800
380800
380800
380800
380800
380900
380900
380900
380900
380900
380900
380900
381000
381000
381000
381000
381000
381000
381000
381000
381000
381000
381100
381100
381100
381200
381200
381200
381200
381200
381200
381200
381200
381200
381300
381300
381300
381300
381300
381300
381300
381300
381300
381300
381300
381300
381400
381400
381400
381400
381500
381500
381500
381500
381500
381500
381600
381600
381600
381600
381600
381600
381700
381700
381700
381700
381700
381700
381800
381800
381800
381800
381800
381900
381900
381900
381900
381900
381900
381900
381900
382000
382000
382000
382000
382100
382100
382100
382100
382100
382100
382100
382100
382100
382200
382200
382200
382200
382200
382200
382300
382300
382300
382300
382300
382400
382400
382400
382400
382400
382400
382500
382500
382500
382500
382500
382500
382500
382500
382500
382500
382600
382600
382600
382600
382600
382600
382600
382600
382600
382700
382700
382700
382700
382700
382700
382700
382700
382700
382800
382800
382800
382800
382800
382800
382800
382800
382800
382800
382900
382900
382900
382900
382900
382900
383000
383000
383000
383000
383000
383000
383000
383000
383100
383100
383100
383100
383100
383100
383100
383100
383100
383100
383100
383200
383200
383200
383200
383200
383200
383200
383300
383300
383300
383300
383300
383300
383300
383300
383300
383300
383400
383400
383400
383400
383400
383400
383400
383400
383400
383400
383500
383500
383500
383500
383500
383500
383500
383500
383500
383500
383500
383600
383600
383600
383600
383600
383600
383600
383600
383600
383600
383700
383700
383700
383800
383800
383800
383800
383800
383800
383900
383900
383900
383900
383900
384000
384000
384000
384000
384000
384000
384000
384100
384100
384100
384100
384100
384100
384100
384100
384200
384200
384200
384200
384200
384200
384300
384300
384300
384300
384300
384300
384300
384300
384300
384300
384400
384400
384400
384400
384400
384400
384400
384400
384400
384400
384500
384500
384500
384500
384500
384500
384500
384600
384600
384600
384600
384700
384700
384700
384700
384700
384700
384700
384700
384800
384800
384800
384800
384800
384800
384800
384800
384800
384800
384900
384900
384900
384900
384900
384900
384900
384900
384900
384900
384900
384900
384900
384900
384900
384900
384900
384900
384900
385000
385000
385000
385000
385000
385000
385000
385100
385100
385100
385100
385100
385200
385200
385200
385200
385200
385200
385200
385200
385200
385200
385200
385300
385300
385300
385300
385300
385300
385300
385300
385300
385300
385300
385400
385400
385400
385400
385400
385500
385500
385500
385500
385500
385500
385500
385500
385500
385500
385500
385500
385500
385500
385600
385600
385600
385600
385700
385700
385700
385800
385800
385800
385800
385800
385800
385800
385800
385900
385900
385900
385900
385900
385900
386000
386000
386000
386000
386000
386000
386000
386000
386100
386100
386100
386100
386100
386100
386100
386100
386100
386100
386100
386100
386100
386100
386100
386100
386200
386200
386200
386200
386200
386200
386200
386200
386200
386200
386300
386300
386400
386400
386400
386400
386400
386400
386400
386400
386400
386400
386400
386400
386500
386500
386500
386500
386500
386500
386600
386600
386600
386600
386600
386600
386600
386600
386600
386600
386600
386600
386600
386600
386600
386600
386700
386700
386700
386700
386800
386800
386800
386800
386800
386800
386800
386800
386900
386900
386900
386900
386900
387000
387000
387000
387000
387100
387100
387100
387100
387100
387100
387100
387100
387200
387200
387200
387200
387200
387300
387300
387300
387300
387300
387300
387300
387300
387300
387300
387300
387300
387400
387400
387400
387400
387400
387400
387400
387400
387500
387500
387500
387600
387600
387600
387700
387700
387700
387700
387800
387800
387800
387800
387800
387800
387800
387800
387800
387800
387900
387900
387900
387900
387900
387900
387900
387900
387900
387900
388000
388000
388000
388000
388000
388000
388000
388000
388000
388000
388000
388100
388100
388100
388100
388100
388100
388100
388200
388200
388300
388300
388400
388400
388400
388400
388400
388400
388400
388500
388500
388500
388500
388500
388500
388500
388600
388600
388600
388600
388600
388600
388600
388600
388600
388700
388700
388700
388700
388700
388700
388700
388700
388800
388800
388800
388800
388800
388800
388800
388900
388900
388900
388900
388900
388900
389000
389000
389000
389000
389000
389000
389000
389100
389100
389100
389100
389100
389100
389100
389100
389100
389100
389100
389100
389200
389200
389200
389200
389200
389200
389200
389200
389300
389300
389300
389300
389300
389300
389300
389300
389400
389400
389400
389400
389400
389500
389500
389500
389600
389600
389600
389600
389600
389600
389600
389600
389700
389700
389700
389700
389700
389700
389700
389700
389800
389800
389800
389800
389900
389900
390000
390000
390000
390000
390000
390000
390100
390100
390100
390100
390100
390100
390100
390200
390200
390200
390200
390200
390200
390200
390200
390200
390200
390200
390200
390300
390300
390300
390300
390300
390300
390300
390300
390300
390300
390400
390400
390400
390400
390400
390400
390500
390500
390500
390500
390500
390500
390500
390500
390500
390600
390600
390600
390600
390600
390600
390600
390600
390600
390600
390600
390600
390700
390700
390700
390700
390700
390700
390700
390700
390800
390800
390800
390800
390800
390800
390800
390800
390800
390800
390800
390800
390800
390900
390900
390900
390900
390900
390900
390900
390900
391000
391000
391000
391000
391000
391000
391000
391000
391100
391200
391200
391200
391200
391200
391300
391300
391300
391300
391300
391300
391400
391400
391400
391400
391400
391400
391400
391500
391500
391500
391600
391600
391600
391600
391600
391600
391600
391700
391700
391700
391700
391700
391700
391700
391800
391800
391800
391800
391800
391900
391900
391900
391900
392000
392000
392000
392000
392000
392100
392100
392100
392100
392200
392200
392200
392200
392200
392300
392300
392300
392300
392300
392300
392300
392300
392300
392400
392400
392400
392400
392400
392400
392400
392400
392400
392500
392500
392600
392600
392600
392600
392600
392600
392600
392600
392700
392700
392700
392700
392700
392700
392800
392800
392800
392800
392800
392800
392800
392800
392800
392800
392900
392900
392900
392900
393000
393000
393000
393000
393000
393000
393000
393100
393100
393100
393100
393100
393100
393100
393100
393200
393200
393200
393200
393200
393200
393200
393200
393300
393300
393300
393300
393300
393300
393300
393300
393300
393300
393300
393400
393400
393400
393400
393400
393400
393400
393400
393400
393500
393500
393500
393500
393500
393500
393600
393600
393700
393700
393700
393700
393700
393700
393700
393700
393700
393700
393700
393700
393700
393700
393800
393800
393800
393800
393900
393900
393900
393900
393900
393900
393900
393900
394000
394000
394000
394000
394000
394000
394000
394000
394100
394100
394100
394100
394100
394100
394100
394100
394200
394200
394200
394300
394300
394300
394300
394300
394300
394300
394300
394300
394300
394300
394300
394400
394400
394400
394400
394400
394400
394400
394400
394400
394500
394500
394500
394500
394500
394500
394500
394500
394600
394600
394600
394600
394600
394600
394600
394700
394700
394700
394700
394700
394700
394700
394800
394800
394800
394900
394900
394900
394900
394900
394900
394900
394900
395000
395000
395000
395100
395100
395100
395100
395100
395100
395100
395200
395200
395200
395200
395200
395200
395200
395200
395300
395300
395300
395300
395300
395400
395400
395400
395400
395400
395400
395500
395500
395500
395500
395500
395600
395600
395600
395600
395700
395700
395700
395700
395700
395700
395800
395800
395800
395800
395800
395900
395900
395900
395900
395900
395900
395900
396000
396000
396000
396000
396000
396000
396000
396100
396100
396100
396100
396100
396100
396100
396100
396100
396200
396200
396200
396200
396200
396200
396200
396200
396200
396300
396300
396300
396300
396300
396300
396400
396400
396400
396400
396400
396400
396400
396400
396500
396500
396500
396500
396500
396500
396500
396500
396500
396600
396600
396600
396600
396600
396700
396700
396700
396700
396700
396700
396700
396800
396800
396800
396800
396900
396900
396900
396900
397000
397000
397000
397100
397100
397100
397100
397100
397100
397200
397200
397200
397200
397200
397300
397300
397300
397300
397300
397300
397400
397400
397400
397400
397400
397400
397400
397500
397500
397500
397600
397700
397700
397700
397700
397700
397800
397800
397800
397900
397900
397900
398000
398000
398000
398000
398000
398000
398100
398100
398100
398100
398100
398100
398200
398200
398200
398200
398200
398300
398300
398300
398300
398300
398400
398400
398400
398400
398500
398500
398500
398600
398600
398600
398600
398600
398600
398700
398700
398700
398700
398700
398800
398900
398900
398900
398900
398900
398900
398900
398900
398900
399000
399000
399000
399000
399000
399100
399100
399100
399100
399100
399100
399200
399200
399200
399200
399200
399300
399300
399300
399300
399400
399400
399400
399400
399400
399400
399500
399500
399500
399600
399700
399700
399700
399700
399700
399700
399700
399800
399800
399800
399900
399900
400000
400000
400000
400000
400100
400100
400100
400100
400200
400200
400200
400200
400200
400300
400300
400300
400300
400400
400400
400400
400400
400400
400400
400400
400500
400500
400500
400500
400600
400700
400700
400700
400700
400700
400700
400800
400800
400800
400900
400900
400900
400900
400900
401000
401000
401000
401000
401000
401000
401100
401200
401200
401300
401300
401300
401400
401400
401400
401400
401400
401400
401400
401500
401500
401500
401500
401500
401600
401600
401600
401700
401700
401700
401700
401700
401800
401800
401800
401800
401800
401800
401800
401800
401800
401900
401900
401900
401900
402000
402000
402000
402000
402000
402100
402100
402100
402200
402200
402200
402300
402300
402300
402300
402300
402400
402400
402400
402400
402400
402400
402400
402500
402500
402600
402600
402600
402700
402700
402700
402700
402700
402700
402800
402800
402800
402800
402800
402800
402800
402800
402800
402800
402900
402900
402900
403000
403000
403000
403000
403000
403000
403000
403000
403100
403100
403100
403200
403200
403200
403200
403200
403300
403400
403400
403400
403400
403400
403400
403400
403500
403500
403500
403500
403500
403500
403600
403600
403600
403700
403700
403700
403800
403800
403800
403800
403900
403900
403900
404000
404000
404000
404000
404100
404100
404100
404100
404100
404100
404200
404200
404200
404200
404200
404200
404300
404300
404300
404300
404400
404500
404500
404500
404500
404600
404600
404600
404600
404700
404700
404700
404700
404800
404800
404900
404900
404900
404900
404900
404900
405000
405000
405000
405200
405200
405200
405200
405200
405200
405200
405200
405200
405300
405300
405400
405400
405400
405400
405400
405400
405500
405500
405600
405600
405600
405600
405600
405600
405700
405700
405700
405700
405700
405800
405800
405800
405900
405900
405900
405900
406000
406000
406000
406000
406000
406000
406100
406100
406100
406100
406100
406100
406100
406200
406200
406200
406300
406300
406300
406300
406400
406400
406600
406600
406600
406600
406700
406700
406700
406900
406900
406900
407000
407000
407000
407000
407100
407100
407100
407100
407100
407100
407100
407200
407200
407300
407300
407300
407300
407300
407400
407400
407400
407400
407500
407500
407500
407500
407600
407600
407600
407600
407600
407600
407700
407700
407700
407700
407700
407700
407700
407700
407900
407900
407900
407900
408000
408000
408000
408000
408000
408000
408200
408200
408300
408400
408500
408500
408700
408700
408700
408700
408700
408800
408800
408800
408800
408800
408800
408800
408900
408900
408900
408900
408900
409000
409000
409000
409000
409100
409100
409100
409100
409200
409200
409200
409200
409200
409300
409400
409400
409400
409400
409400
409400
409400
409500
409500
409500
409600
409600
409600
409700
409700
409700
409800
409900
410000
410000
410000
410000
410000
410000
410000
410100
410100
410300
410300
410400
410400
410400
410500
410600
410600
410600
410700
410700
410700
410800
410800
410800
410800
410800
410800
410900
410900
410900
410900
411000
411000
411100
411100
411200
411200
411300
411300
411400
411400
411400
411400
411500
411600
411600
411700
411700
411700
411800
411800
411800
411900
411900
412000
412000
412000
412200
412300
412300
412400
412500
412500
412500
412600
412600
412600
412700
412700
412800
412800
412800
412800
412800
412900
413000
413000
413100
413200
413200
413200
413200
413200
413200
413300
413300
413400
413400
413500
413500
413500
413600
413600
413600
413600
413700
413700
413700
413800
413900
413900
414000
414000
414000
414100
414100
414100
414200
414200
414200
414200
414200
414200
414200
414300
414300
414400
414400
414400
414500
414600
414600
414600
414600
414700
414700
414700
414700
414800
414900
414900
414900
414900
415000
415100
415100
415100
415200
415400
415400
415400
415500
415600
415600
415600
415600
415600
415700
415800
415900
415900
415900
415900
416000
416000
416100
416200
416300
416300
416300
416500
416500
416500
416600
416700
416700
416800
416800
416800
416800
417000
417000
417000
417100
417100
417200
417200
417200
417200
417200
417300
417300
417300
417400
417500
417500
417500
417500
417600
417600
417600
417600
417700
417800
417900
417900
417900
417900
417900
418000
418100
418200
418200
418300
418300
418400
418500
418500
418500
418600
418700
418700
418700
418700
418800
418800
418900
418900
418900
419000
419000
419100
419100
419100
419200
419300
419300
419300
419500
419900
419900
419900
420100
420100
420100
420200
420300
420300
420400
420400
420400
420500
420600
420600
420600
420600
420600
420700
420700
420700
420700
420700
420800
420800
420800
420900
421000
421000
421100
421200
421200
421200
421300
421300
421400
421400
421400
421500
421500
421500
421500
421500
421600
421600
421600
421700
421700
421700
421800
421800
421800
421800
421900
421900
422000
422000
422100
422200
422200
422200
422300
422400
422400
422500
422500
422500
422600
422600
422600
422700
422700
422800
422900
422900
422900
422900
422900
422900
423000
423100
423100
423100
423100
423100
423200
423300
423300
423300
423400
423500
423500
423500
423600
423600
423600
423600
423700
423700
423800
423800
423900
424000
424000
424000
424000
424100
424200
424200
424200
424400
424400
424400
424600
424600
424600
424700
424700
424800
424800
424900
425100
425100
425100
425200
425200
425300
425300
425400
425400
425500
425500
425600
425600
425600
425700
425800
425800
425900
426000
426100
426300
426400
426400
426400
426400
426400
426400
426500
426500
426500
426600
426700
426700
426700
426800
426800
426900
426900
426900
427100
427400
427500
427500
427600
427600
427600
427600
427700
427700
427800
427800
427900
427900
428200
428200
428200
428300
428300
428300
428300
428400
428400
428500
428500
428600
428700
428800
428800
428900
429000
429100
429100
429200
429400
429400
429500
429500
429600
429600
429700
429800
429800
430000
430100
430100
430200
430200
430200
430200
430300
430400
430400
430600
430700
430700
430800
430800
431000
431000
431000
431100
431200
431200
431300
431300
431300
431400
431400
431500
431500
431600
431800
431900
432000
432100
432100
432100
432100
432200
432200
432300
432400
432400
432500
432600
432600
432700
432800
432800
432900
433200
433200
433300
433300
433300
433300
433400
433400
433500
433500
433600
433700
433800
433900
434000
434000
434000
434100
434100
434400
434500
434600
434600
434700
434800
434800
434900
434900
434900
435000
435200
435300
435400
435400
435400
435400
435500
435600
435700
435900
436000
436100
436100
436200
436200
436200
436200
436300
436300
436400
436400
436400
436500
436500
436600
436700
436800
436800
436900
437000
437200
437400
437500
437600
437800
437800
437800
437900
438100
438500
438800
438900
439000
439100
439100
439100
439200
439300
439400
439400
439400
439500
439500
439600
439700
439700
439800
439800
439800
440100
440100
440100
440200
440300
440300
440300
440400
440500
440600
440600
440700
440900
441000
441000
441000
441000
441100
441100
441200
441300
441400
441400
441500
441500
441700
441700
441900
442000
442000
442000
442100
442100
442100
442300
442300
442300
442400
442500
442700
442700
442700
442700
443000
443100
443200
443200
443200
443300
443400
443500
443600
443900
444000
444100
444200
444400
444500
444600
444700
444700
444800
444900
444900
444900
445000
445100
445200
445200
445300
445300
445400
445500
445600
445600
445700
445700
445800
445800
446000
446000
446100
446200
446300
446400
446400
446500
446500
446700
446800
446800
446800
446800
446900
447400
447400
447400
447500
447500
448000
448100
448200
448300
448400
448400
448700
448700
449100
449200
449200
449400
449700
449800
449800
449800
449900
449900
450000
450000
450000
450100
450200
450300
450300
450400
450400
450500
450500
450600
450900
450900
451200
451200
451200
451400
451500
451600
451700
451800
451900
452100
452100
452300
452300
452600
452700
452700
452700
452900
453100
453100
453400
453400
453500
453600
454000
454000
454000
454100
454200
454400
454400
454500
454600
454700
454700
454700
454700
454700
454900
454900
454900
455000
455200
455200
455400
455500
455600
455600
455700
455700
455700
455800
455900
456000
456100
456100
456300
456900
456900
456900
457000
457100
457100
457100
457500
457500
457500
457600
457700
457700
457800
458000
458000
458300
458300
458400
458600
458700
458800
458800
458900
459000
459200
459300
459300
459300
459300
459500
459500
459600
459800
459800
459800
459800
459900
460200
460300
460300
460400
460400
460400
460500
460500
460600
460900
461000
461000
461100
461100
461700
461800
461900
462000
462000
462000
462300
462300
462600
462700
462900
463000
463100
463600
463600
463700
463700
463700
463800
463900
464000
464100
464200
464300
464400
464400
464500
464600
464600
464700
464800
464800
465000
465000
465300
465400
465400
465400
465500
465600
465600
465600
465700
465800
465900
466100
466300
466500
466500
466500
466800
467100
467300
467400
467400
467400
467500
467500
467600
467600
467800
468000
468000
468000
468000
468200
468200
468300
468400
468600
468800
468800
468900
469000
469100
469400
469500
469500
469700
469900
470000
470300
470400
470400
470500
470500
470800
470900
471000
471100
471100
471200
471200
471400
472000
472200
472300
472500
472500
472500
472600
472800
473400
473600
473900
473900
474000
474100
474200
474300
474400
474500
474900
474900
475200
475400
475400
475600
475600
475700
475700
476000
476000
476100
476100
476200
476200
476400
476400
476400
476600
476700
476800
476900
476900
477000
477000
477100
477100
477200
477700
477800
478000
478000
478100
478300
478600
479100
479200
479300
479300
479500
479500
479900
480000
480200
480200
480400
480500
480700
480700
480800
480900
481000
481400
481800
481900
482000
482000
482500
482500
482600
482600
482700
482700
482800
482900
482900
483200
483300
483400
483400
483700
484000
484200
484400
484800
484900
485100
485300
485400
485500
485500
485600
485800
485800
486200
486400
486500
486500
486800
487100
487200
487300
487300
487400
487500
487500
487600
487700
487700
487700
487800
487800
488200
488600
489400
489500
489500
489500
489700
489700
489800
490300
490700
490800
491100
491100
491200
491300
492100
492100
492200
492200
492400
492400
492400
492700
492900
493000
493700
493700
493900
494100
494200
494300
494800
494900
495200
495300
495300
495500
495800
496000
496800
497000
497400
497500
497600
497700
497700
497700
497700
498200
498300
498500
498500
498500
498600
498700
498800
498900
499000
499100
499300
499300
499500
499600
500000
500000
500100
500200
500200
500200
500300
500500
500500
500500
501000
501100
501200
501300
501400
501600
501600
501600
501800
501800
502100
502200
502600
502800
502800
504000
504100
504100
504200
504900
505000
505300
505300
505700
506800
507100
507200
507200
507200
507300
507600
507800
507900
507900
508000
508700
508700
508800
508900
509200
509400
509500
509700
510100
510200
510200
510300
510400
510400
510500
510600
511200
511600
511900
511900
512300
512600
512800
512900
513000
513100
513300
513300
513400
513400
513600
514100
514100
514500
514900
515300
515800
515900
516200
516300
516400
516400
517000
517200
517400
517500
517500
517500
517700
517800
518100
518600
518800
518800
519000
519200
519300
519400
519700
520000
520100
520200
520500
521000
521100
521400
521700
521800
521800
522100
522200
522200
522400
522700
522900
523300
523500
523500
523600
523700
523700
523900
524300
524500
524500
525000
525000
525200
525300
525300
525600
525700
525800
526000
526100
526200
526300
526700
526900
526900
527000
527100
527100
527400
527600
528000
528100
528200
528200
528300
528400
528400
528600
528600
529000
529200
529200
529400
529700
530100
530300
530400
530600
530700
530700
530800
530900
531100
531200
531400
531400
531400
531600
531800
532200
532200
532200
532300
532400
532500
533100
533200
533200
533200
533300
533300
533300
533600
533700
533800
534000
534100
534100
534200
534300
534400
534400
534500
535100
535400
535700
535800
535900
536000
536000
536400
536700
536800
536900
537000
537200
537600
537700
537700
538200
538300
538400
538500
538600
538700
538800
538800
538800
538800
538900
538900
539000
539200
539300
539500
539600
540100
540200
540400
540600
540800
540900
541000
541100
541100
541200
541600
541800
541800
541800
541900
541900
542100
542300
542400
542400
542400
542500
542600
542600
542900
542900
543100
543200
543200
543500
543600
543700
543800
543800
543900
544200
544200
544300
544300
544400
544400
544500
544600
544800
544900
545000
545000
545100
545300
545300
545300
545400
545500
545500
545600
545700
545800
545800
546100
546200
546400
546400
546500
546600
546600
546800
547100
547100
547200
547200
547300
547300
547500
547700
547800
547800
548100
548200
548300
548500
548600
548900
549100
549100
549200
549400
549500
549600
549700
549900
549900
549900
550000
550200
550400
550400
550500
550800
551100
551100
551100
551200
551300
551300
551300
551400
551500
551700
551800
551900
552000
552100
552100
552300
552300
552500
552500
552600
552600
552700
552700
552800
552800
552800
552900
552900
552900
553100
553200
553300
553400
553400
553400
553500
553600
553600
553600
553700
553800
553900
554100
554100
554200
554200
554400
554500
554600
554700
554700
554800
554800
554900
554900
555000
555000
555000
555100
555100
555200
555200
555300
555300
555400
555400
555500
555600
555600
555600
555700
555800
555800
555800
556000
556200
556200
556400
556400
556500
556500
556500
556700
556800
556900
557000
557000
557100
557300
557300
557400
557400
557600
557600
557600
557900
558000
558000
558000
558100
558200
558200
558200
558300
558300
558300
558400
558400
558500
558500
558500
558600
558600
558600
558700
558800
558800
558800
558900
558900
558900
559000
559000
559200
559200
559300
559300
559400
559400
559400
559500
559600
559600
559600
559700
559700
559700
559800
559800
559800
559900
559900
559900
560000
560100
560200
560300
560300
560400
560400
560500
560500
560600
560600
560700
560800
560800
560900
561100
561200
561200
561200
561300
561300
561400
561400
561400
561500
561500
561600
561700
561700
561800
561800
562000
562000
562100
562100
562100
562100
562200
562200
562200
562300
562300
562300
562400
562400
562400
562500
562500
562500
562600
562600
562600
562600
562800
562800
562900
562900
563000
563100
563100
563100
563200
563200
563200
563200
563200
563300
563400
563400
563500
563500
563600
563800
563800
563800
563900
563900
563900
564000
564000
564000
564100
564100
564100
564100
564200
564200
564200
564200
564200
564300
564300
564300
564400
564400
564500
564500
564500
564500
564600
564600
564700
564700
564800
564800
564800
564800
564900
565000
565000
565000
565000
565100
565100
565100
565100
565100
565200
565200
565200
565300
565300
565400
565500
565600
565600
565600
565700
565700
565700
565700
565800
565800
565900
565900
565900
565900
565900
566000
566000
566100
566100
566100
566100
566200
566200
566200
566300
566300
566300
566300
566400
566400
566400
566600
566600
566600
566700
566700
566700
566700
566700
566700
566700
566700
566700
566800
566800
566800
567000
567000
567000
567100
567100
567200
567200
567300
567400
567400
567500
567500
567600
567700
567700
567700
567800
567800
567800
567800
567800
567800
567900
567900
568000
568000
568000
568000
568000
568000
568000
568100
568100
568100
568100
568200
568200
568200
568200
568200
568300
568300
568300
568400
568400
568500
568500
568600
568600
568600
568700
568800
568900
568900
569000
569000
569000
569000
569100
569100
569100
569200
569200
569200
569200
569300
569300
569300
569400
569400
569500
569500
569500
569500
569600
569600
569600
569600
569700
569700
569700
569700
569700
569700
569700
569700
569900
569900
569900
569900
569900
570000
570000
570000
570000
570000
570000
570000
570000
570100
570100
570100
570100
570200
570200
570200
570200
570200
570300
570300
570300
570400
570400
570500
570500
570500
570500
570600
570600
570600
570600
570600
570700
570700
570700
570700
570800
570800
570800
570800
570800
570800
570800
570900
570900
570900
571000
571000
571000
571000
571000
571100
571100
571200
571200
571200
571200
571300
571400
571400
571400
571400
571400
571400
571400
571500
571500
571500
571600
571600
571600
571600
571600
571600
571700
571700
571700
571700
571800
571800
571900
571900
571900
571900
572000
572000
572000
572000
572100
572100
572200
572200
572200
572200
572200
572200
572300
572300
572400
572400
572400
572400
572400
572500
572500
572500
572500
572500
572600
572600
572600
572600
572600
572600
572600
572600
572600
572600
572700
572800
572800
572900
572900
573000
573000
573000
573000
573000
573000
573100
573100
573100
573200
573200
573200
573200
573200
573300
573300
573300
573300
573300
573400
573400
573400
573400
573400
573400
573400
573400
573500
573500
573500
573500
573600
573600
573600
573600
573700
573800
573800
573800
573800
573800
573900
573900
573900
574000
574000
574000
574000
574100
574100
574100
574100
574100
574100
574100
574200
574200
574200
574200
574300
574400
574400
574400
574400
574400
574400
574500
574500
574500
574500
574500
574500
574500
574600
574600
574600
574600
574600
574700
574700
574700
574700
574700
574700
574700
574700
574800
574800
574800
574900
574900
574900
574900
575000
575000
575000
575100
575100
575100
575100
575100
575100
575100
575200
575200
575200
575200
575200
575200
575300
575300
575300
575300
575400
575400
575400
575400
575400
575400
575400
575400
575400
575500
575500
575500
575500
575500
575600
575600
575600
575600
575600
575700
575700
575700
575700
575700
575700
575700
575800
575800
575900
575900
575900
575900
575900
576000
576000
576000
576000
576000
576000
576000
576000
576000
576100
576100
576100
576100
576100
576200
576200
576200
576200
576200
576300
576300
576300
576300
576400
576400
576400
576400
576400
576500
576500
576500
576500
576600
576600
576600
576600
576700
576700
576700
576800
576800
576800
576800
576800
576800
576800
576800
576900
576900
576900
576900
576900
576900
577000
577000
577000
577000
577000
577000
577000
577000
577100
577100
577100
577100
577100
577100
577100
577100
577100
577200
577200
577200
577200
577200
577200
577200
577200
577200
577300
577300
577300
577300
577300
577400
577400
577400
577400
577400
577500
577500
577500
577500
577500
577500
577500
577500
577500
577500
577500
577600
577600
577700
577700
577700
577700
577800
577800
577800
577800
577800
577900
577900
577900
577900
577900
577900
577900
577900
577900
577900
578000
578000
578000
578000
578100
578100
578100
578100
578100
578100
578100
578100
578200
578200
578200
578200
578200
578200
578200
578200
578300
578300
578400
578400
578400
578400
578400
578500
578600
578600
578600
578600
578600
578600
578600
578700
578700
578700
578700
578800
578800
578800
578800
578800
578800
578800
578800
578800
578800
578900
578900
578900
578900
578900
578900
578900
579000
579000
579000
579000
579000
579000
579000
579000
579100
579100
579100
579100
579100
579100
579200
579200
579200
579200
579300
579300
579300
579300
579300
579300
579300
579300
579300
579300
579400
579400
579400
579400
579400
579500
579500
579500
579500
579500
579600
579600
579600
579600
579600
579600
579600
579600
579600
579600
579700
579700
579700
579700
579700
579700
579700
579700
579700
579700
579800
579800
579800
579800
579800
579800
579800
579800
579900
579900
579900
579900
579900
579900
579900
579900
580000
580000
580000
580000
580000
580100
580100
580100
580100
580100
580100
580100
580100
580100
580200
580200
580200
580200
580200
580200
580200
580300
580400
580400
580400
580400
580400
580400
580400
580400
580400
580400
580500
580500
580500
580500
580500
580500
580500
580500
580600
580600
580600
580600
580700
580700
580700
580700
580700
580700
580800
580800
580800
580800
580800
580800
580800
580900
580900
580900
580900
580900
580900
580900
580900
580900
581000
581000
581000
581000
581000
581100
581100
581100
581100
581100
581100
581200
581200
581200
581200
581200
581200
581200
581200
581300
581300
581300
581400
581400
581400
581400
581400
581500
581500
581600
581600
581600
581700
581700
581700
581700
581700
581700
581700
581800
581800
581800
581800
581800
581800
581800
581800
581900
581900
581900
581900
581900
581900
581900
581900
581900
581900
582000
582000
582000
582000
582100
582100
582100
582100
582100
582100
582100
582200
582200
582200
582200
582200
582300
582300
582300
582300
582300
582300
582400
582400
582400
582400
582400
582400
582400
582400
582400
582500
582500
582500
582500
582500
582500
582500
582500
582500
582600
582600
582600
582600
582600
582600
582700
582700
582700
582700
582700
582800
582800
582800
582800
582800
582800
582800
582800
582900
582900
583000
583000
583000
583000
583000
583100
583100
583100
583100
583100
583100
583200
583200
583200
583200
583200
583200
583200
583200
583200
583300
583300
583300
583300
583300
583300
583400
583400
583400
583400
583400
583500
583500
583500
583500
583500
583600
583600
583600
583600
583600
583600
583600
583700
583700
583800
583800
583800
583800
583800
583800
583800
583800
583900
583900
584000
584000
584000
584000
584000
584000
584000
584000
584000
584000
584000
584100
584100
584100
584100
584100
584200
584200
584200
584200
584200
584200
584200
584200
584200
584200
584200
584200
584200
584300
584300
584300
584300
584300
584400
584400
584400
584400
584400
584400
584400
584500
584500
584500
584500
584500
584500
584500
584500
584500
584500
584600
584600
584600
584600
584600
584600
584700
584700
584700
584700
584700
584800
584800
584800
584800
584800
584800
584900
584900
584900
584900
584900
584900
584900
584900
584900
584900
585000
585000
585000
585000
585000
585000
585000
585000
585000
585000
585000
585100
585100
585100
585100
585100
585100
585100
585200
585200
585200
585200
585200
585200
585200
585200
585200
585200
585300
585300
585300
585300
585300
585300
585300
585300
585300
585300
585300
585300
585300
585300
585400
585400
585400
585400
585400
585400
585400
585400
585500
585500
585500
585500
585500
585500
585600
585600
585600
585600
585600
585600
585600
585600
585700
585700
585700
585700
585700
585700
585700
585700
585800
585800
585800
585800
585800
585800
585800
585800
585800
585900
585900
585900
585900
585900
585900
586000
586000
586000
586000
586000
586000
586000
586000
586000
586000
586000
586100
586100
586100
586100
586100
586200
586200
586200
586200
586200
586200
586200
586200
586200
586300
586300
586300
586300
586300
586300
586300
586300
586300
586300
586400
586400
586400
586400
586400
586400
586400
586400
586500
586500
586500
586600
586600
586600
586600
586600
586600
586600
586700
586700
586700
586700
586700
586700
586800
586800
586800
586800
586800
586800
586800
586800
586900
586900
586900
586900
586900
586900
586900
587000
587000
587000
587000
587000
587000
587000
587000
587000
587000
587000
587100
587100
587100
587100
587100
587200
587200
587200
587200
587200
587300
587300
587300
587300
587300
587300
587300
587400
587400
587400
587400
587400
587400
587400
587400
587400
587500
587500
587500
587500
587500
587500
587500
587500
587500
587600
587600
587600
587600
587600
587600
587700
587700
587700
587700
587700
587700
587800
587800
587800
587800
587800
587800
587800
587800
587800
587900
587900
587900
587900
588000
588000
588000
588000
588000
588000
588000
588000
588000
588000
588000
588000
588100
588100
588100
588100
588100
588100
588100
588100
588100
588100
588200
588200
588200
588200
588200
588200
588200
588200
588200
588300
588300
588300
588300
588300
588300
588300
588300
588300
588400
588400
588400
588400
588400
588400
588400
588400
588500
588500
588500
588500
588500
588500
588500
588600
588600
588600
588600
588600
588600
588600
588600
588600
588700
588700
588700
588700
588700
588700
588700
588800
588800
588800
588900
588900
588900
588900
588900
588900
589000
589000
589000
589000
589000
589000
589000
589000
589100
589100
589100
589100
589100
589100
589100
589100
589200
589200
589200
589200
589200
589200
589200
589200
589200
589200
589200
589200
589300
589300
589300
589300
589300
589400
589400
589400
589400
589400
589400
589400
589500
589500
589500
589500
589500
589500
589600
589600
589600
589600
589600
589600
589700
589700
589700
589700
589700
589800
589800
589800
589800
589800
589800
589900
589900
589900
589900
589900
589900
589900
589900
589900
590000
590000
590000
590000
590000
590000
590000
590000
590100
590100
590100
590100
590100
590100
590100
590100
590100
590100
590100
590100
590200
590200
590200
590200
590200
590200
590200
590200
590300
590300
590300
590300
590300
590400
590400
590400
590400
590400
590400
590400
590400
590400
590400
590400
590400
590500
590500
590500
590500
590500
590500
590500
590500
590500
590600
590600
590600
590600
590600
590600
590700
590700
590700
590700
590700
590700
590700
590800
590800
590800
590900
590900
590900
590900
590900
590900
590900
591000
591000
591000
591000
591000
591000
591000
591000
591000
591000
591100
591100
591100
591100
591200
591200
591200
591200
591200
591200
591200
591200
591200
591200
591200
591300
591300
591300
591300
591400
591400
591400
591400
591400
591400
591400
591500
591500
591500
591500
591500
591500
591500
591500
591500
591500
591600
591600
591600
591600
591600
591600
591600
591600
591600
591600
591600
591700
591700
591700
591700
591700
591700
591700
591700
591800
591800
591800
591800
591800
591800
591800
591800
591800
591800
591900
591900
591900
591900
591900
591900
591900
591900
591900
592000
592000
592000
592000
592000
592000
592000
592000
592000
592100
592100
592200
592200
592200
592200
592200
592200
592200
592200
592200
592300
592300
592300
592300
592300
592300
592300
592300
592400
592400
592400
592400
592400
592500
592500
592500
592500
592500
592500
592500
592500
592500
592500
592500
592500
592600
592600
592600
592600
592600
592600
592600
592600
592600
592700
592700
592700
592700
592700
592700
592700
592700
592700
592800
592800
592800
592800
592800
592800
592800
592800
592800
592800
592800
592800
592800
592800
592800
592900
592900
592900
592900
592900
592900
592900
592900
593000
593000
593000
593000
593000
593000
593000
593000
593100
593100
593100
593100
593100
593100
593100
593200
593200
593200
593200
593300
593300
593300
593400
593400
593500
593500
593500
593500
593500
593500
593500
593500
593500
593500
593600
593600
593600
593600
593600
593600
593700
593700
593700
593700
593700
593700
593700
593700
593700
593700
593800
593800
593800
593800
593800
593800
593800
593800
593800
593800
593800
593800
593800
593900
593900
594000
594000
594000
594000
594000
594000
594100
594100
594100
594100
594100
594100
594100
594100
594200
594200
594200
594200
594200
594200
594300
594300
594300
594300
594400
594400
594400
594400
594500
594500
594500
594500
594500
594500
594500
594500
594600
594600
594600
594600
594600
594600
594700
594700
594700
594700
594700
594700
594700
594700
594700
594700
594800
594800
594800
594800
594800
594800
594800
594800
594900
594900
594900
594900
594900
594900
594900
594900
595000
595000
595000
595000
595000
595000
595000
595000
595000
595100
595100
595100
595100
595200
595200
595200
595200
595200
595300
595300
595300
595300
595300
595300
595300
595400
595400
595400
595400
595400
595400
595400
595400
595400
595500
595500
595500
595500
595500
595500
595500
595500
595600
595600
595600
595600
595600
595600
595600
595600
595600
595700
595700
595700
595700
595700
595700
595700
595700
595700
595700
595800
595800
595800
595800
595800
595800
595900
595900
595900
595900
595900
595900
595900
596000
596000
596000
596000
596000
596000
596000
596000
596000
596000
596000
596100
596100
596100
596100
596200
596200
596200
596200
596200
596200
596200
596200
596200
596200
596300
596300
596300
596300
596400
596400
596400
596400
596500
596500
596500
596500
596500
596500
596600
596600
596600
596600
596600
596600
596600
596600
596600
596600
596600
596700
596700
596700
596700
596700
596700
596800
596800
596800
596800
596800
596800
596900
596900
596900
596900
597000
597000
597000
597000
597000
597000
597000
597100
597100
597100
597100
597100
597100
597200
597200
597200
597300
597300
597300
597300
597300
597300
597300
597400
597400
597400
597400
597500
597500
597500
597500
597500
597500
597600
597600
597600
597600
597600
597600
597600
597600
597600
597600
597600
597700
597700
597700
597700
597700
597700
597700
597800
597800
597800
597800
597800
597800
597800
597800
597800
597900
597900
597900
597900
597900
598000
598000
598000
598000
598000
598000
598000
598100
598100
598100
598100
598100
598200
598200
598200
598200
598300
598300
598300
598300
598400
598400
598400
598400
598400
598400
598400
598400
598400
598500
598500
598500
598500
598500
598500
598500
598500
598500
598500
598500
598600
598600
598600
598600
598600
598600
598600
598600
598600
598600
598600
598600
598700
598700
598700
598700
598700
598700
598800
598800
598800
598800
598800
598800
598800
598800
598800
598800
598800
598800
598900
598900
598900
598900
598900
598900
598900
598900
598900
598900
598900
598900
599000
599000
599000
599000
599000
599000
599000
599000
599000
599000
599000
599000
599000
599100
599100
599100
599100
599100
599100
599100
599100
599100
599100
599100
599200
599200
599200
599200
599200
599300
599300
599300
599300
599300
599300
599300
599400
599400
599400
599400
599500
599500
599500
599500
599500
599500
599500
599500
599600
599600
599600
599600
599600
599600
599600
599600
599700
599700
599700
599700
599700
599700
599700
599700
599700
599800
599800
599800
599800
599800
599800
599800
599800
599800
599800
599800
599800
599900
599900
599900
599900
599900
599900
599900
600000
600000
600000
600000
600000
600000
600100
600100
600100
600100
600100
600100
600100
600200
600200
600200
600300
600300
600300
600300
600300
600300
600400
600400
600400
600400
600400
600500
600500
600500
600500
600600
600600
600600
600600
600600
600600
600600
600600
600600
600600
600700
600700
600700
600700
600700
600700
600700
600700
600800
600800
600800
600900
600900
600900
600900
600900
600900
601000
601000
601000
601000
601000
601000
601100
601100
601100
601100
601100
601100
601100
601100
601100
601200
601200
601200
601200
601200
601300
601300
601300
601300
601300
601300
601300
601400
601400
601400
601400
601400
601400
601400
601400
601400
601400
601500
601500
601500
601500
601500
601500
601500
601500
601600
601600
601600
601600
601600
601600
601600
601600
601600
601700
601700
601700
601700
601700
601700
601700
601700
601700
601700
601800
601800
601800
601800
601900
601900
601900
601900
602000
602000
602000
602000
602000
602100
602100
602100
602100
602200
602200
602200
602200
602200
602200
602200
602200
602200
602200
602200
602200
602300
602300
602300
602300
602400
602400
602400
602500
602500
602500
602500
602500
602500
602500
602500
602600
602600
602600
602600
602600
602600
602600
602600
602700
602700
602700
602700
602800
602800
602800
602800
602800
602800
602800
602800
602800
602900
602900
602900
602900
602900
602900
603000
603000
603000
603000
603000
603100
603100
603100
603100
603100
603100
603100
603100
603100
603100
603200
603200
603200
603200
603200
603200
603200
603200
603300
603300
603300
603400
603400
603400
603500
603500
603500
603500
603500
603500
603600
603600
603600
603600
603600
603600
603700
603700
603700
603700
603700
603700
603700
603800
603800
603800
603800
603800
603900
603900
603900
603900
603900
603900
603900
603900
604000
604000
604000
604000
604000
604000
604000
604100
604100
604100
604100
604100
604100
604100
604100
604200
604200
604200
604200
604200
604200
604200
604200
604300
604300
604300
604300
604400
604400
604400
604400
604400
604400
604500
604500
604500
604500
604500
604500
604500
604500
604500
604500
604600
604600
604600
604600
604600
604600
604600
604600
604600
604700
604700
604700
604700
604700
604800
604800
604800
604800
604800
604800
604800
604900
604900
604900
604900
604900
604900
604900
604900
605000
605000
605000
605000
605000
605000
605100
605100
605100
605100
605100
605100
605100
605100
605200
605300
605300
605300
605300
605300
605300
605400
605400
605400
605400
605400
605400
605400
605400
605400
605500
605500
605500
605500
605500
605500
605600
605600
605600
605600
605600
605600
605600
605700
605700
605800
605800
605800
605800
605800
605800
605800
605800
605800
605800
605900
605900
605900
605900
605900
605900
606000
606000
606000
606000
606000
606000
606000
606000
606100
606100
606100
606100
606100
606200
606200
606200
606200
606200
606200
606200
606300
606300
606300
606300
606300
606300
606400
606400
606400
606400
606400
606500
606500
606500
606500
606500
606500
606600
606600
606700
606700
606700
606700
606700
606700
606700
606800
606800
606800
606800
606800
606800
606800
606900
606900
606900
606900
606900
607000
607000
607000
607000
607000
607100
607100
607100
607100
607100
607100
607100
607100
607100
607100
607100
607200
607200
607200
607200
607300
607300
607300
607300
607300
607300
607400
607400
607400
607400
607400
607400
607500
607500
607500
607500
607500
607500
607500
607600
607600
607600
607600
607600
607700
607700
607700
607700
607800
607800
607800
607800
607800
607800
607800
607900
607900
607900
607900
607900
608000
608000
608000
608100
608100
608100
608100
608100
608100
608100
608100
608100
608100
608200
608200
608200
608200
608200
608200
608200
608200
608200
608300
608300
608300
608300
608300
608300
608300
608300
608300
608400
608400
608400
608500
608500
608500
608500
608500
608500
608600
608600
608600
608600
608600
608700
608700
608700
608700
608800
608800
608800
608800
608900
608900
608900
608900
608900
608900
608900
608900
608900
609000
609000
609000
609000
609000
609000
609000
609100
609100
609100
609200
609200
609200
609200
609200
609200
609200
609200
609300
609300
609300
609300
609300
609300
609300
609400
609400
609400
609400
609400
609500
609500
609500
609600
609600
609600
609600
609600
609600
609600
609600
609600
609600
609700
609700
609700
609700
609700
609700
609700
609700
609800
609800
609800
609800
609800
609800
609800
609900
609900
609900
610000
610000
610000
610000
610000
610000
610100
610100
610100
610100
610200
610300
610300
610300
610300
610300
610300
610300
610300
610300
610400
610400
610400
610400
610400
610400
610400
610400
610500
610500
610500
610500
610500
610500
610500
610600
610600
610600
610600
610700
610700
610700
610700
610800
610800
610900
610900
610900
610900
610900
610900
610900
611000
611000
611000
611100
611100
611100
611100
611100
611100
611100
611100
611200
611200
611200
611200
611200
611300
611300
611300
611300
611300
611400
611400
611400
611400
611400
611400
611400
611400
611500
611500
611500
611600
611600
611600
611600
611600
611600
611600
611600
611600
611600
611700
611700
611800
611800
611800
611800
611900
611900
611900
611900
611900
612000
612000
612000
612100
612100
612200
612200
612200
612200
612200
612200
612300
612300
612300
612300
612400
612400
612400
612400
612400
612400
612500
612500
612600
612600
612600
612600
612600
612700
612700
612700
612800
612800
612800
612800
612800
612900
612900
612900
612900
613000
613100
613100
613100
613100
613100
613100
613100
613100
613200
613200
613200
613300
613300
613300
613300
613300
613300
613400
613400
613500
613500
613500
613500
613500
613500
613600
613600
613600
613600
613600
613700
613700
613700
613700
613800
613800
613800
613800
613800
613800
613900
613900
613900
614000
614000
614000
614000
614100
614100
614100
614100
614100
614100
614100
614300
614300
614300
614300
614400
614400
614400
614400
614400
614400
614500
614500
614500
614500
614600
614600
614600
614700
614700
614700
614700
614700
614700
614700
614700
614800
614800
614800
614900
614900
614900
614900
614900
614900
615000
615000
615000
615100
615100
615100
615100
615100
615100
615100
615100
615200
615200
615200
615200
615200
615200
615300
615300
615300
615300
615400
615500
615500
615500
615500
615500
615500
615500
615500
615600
615600
615600
615600
615700
615700
615700
615700
615800
615800
615900
615900
615900
615900
615900
615900
615900
615900
616000
616000
616000
616000
616000
616100
616100
616100
616200
616200
616200
616200
616200
616300
616300
616300
616300
616300
616300
616300
616400
616400
616400
616400
616500
616500
616500
616600
616600
616600
616600
616600
616600
616700
616700
616700
616700
616700
616700
616700
616800
616800
616800
616800
616800
616900
616900
616900
616900
616900
616900
617000
617000
617100
617100
617100
617100
617100
617100
617200
617200
617200
617300
617300
617300
617300
617300
617300
617400
617400
617400
617400
617400
617500
617500
617500
617500
617500
617500
617600
617600
617600
617600
617600
617600
617600
617600
617700
617700
617700
617800
617800
617800
617800
617900
617900
617900
617900
618000
618000
618000
618100
618100
618200
618200
618200
618200
618200
618300
618300
618300
618300
618300
618300
618300
618300
618400
618400
618400
618400
618400
618400
618400
618400
618400
618400
618500
618500
618500
618500
618500
618500
618600
618600
618600
618600
618600
618700
618700
618700
618700
618700
618700
618800
618800
618800
618800
618800
618800
618800
618900
618900
618900
619000
619000
619000
619000
619000
619100
619100
619100
619200
619300
619300
619300
619300
619300
619300
619300
619300
619300
619300
619400
619400
619400
619400
619400
619400
619400
619400
619400
619400
619400
619500
619500
619600
619600
619700
619700
619700
619700
619700
619800
619800
619800
619800
619800
619900
619900
619900
619900
619900
619900
619900
620000
620100
620100
620200
620200
620200
620200
620200
620300
620300
620300
620400
620400
620400
620400
620500
620500
620500
620500
620600
620600
620600
620600
620600
620600
620600
620700
620700
620800
620800
620800
620800
620800
620800
620900
620900
620900
620900
620900
620900
621000
621000
621000
621100
621100
621100
621100
621200
621200
621200
621200
621200
621200
621200
621300
621300
621300
621300
621500
621600
621600
621600
621600
621600
621700
621700
621700
621700
621700
621700
621800
621800
621800
621800
621900
621900
621900
621900
621900
621900
621900
622000
622000
622000
622000
622000
622100
622100
622100
622200
622200
622200
622200
622200
622300
622300
622300
622300
622300
622400
622400
622400
622400
622400
622500
622600
622600
622600
622600
622600
622700
622700
622700
622700
622800
622900
623000
623000
623000
623100
623100
623100
623100
623200
623200
623300
623300
623400
623400
623400
623400
623500
623500
623500
623600
623600
623600
623600
623700
623700
623700
623700
623800
623800
623800
623800
623800
623800
623900
623900
624000
624000
624000
624000
624000
624100
624100
624100
624100
624100
624200
624300
624300
624400
624400
624400
624400
624400
624400
624500
624500
624500
624500
624500
624500
624500
624600
624600
624600
624700
624700
624700
624700
624900
624900
624900
624900
625000
625000
625100
625300
625300
625300
625400
625400
625400
625400
625500
625500
625500
625600
625700
625700
625700
625700
625700
625700
625800
625800
625800
625800
625800
625800
625800
625900
625900
626000
626000
626100
626100
626100
626100
626100
626200
626200
626200
626300
626300
626300
626300
626300
626300
626400
626400
626400
626400
626400
626400
626400
626500
626500
626500
626500
626500
626600
626600
626600
626600
626600
626700
626700
626700
626700
626800
626800
626900
626900
626900
626900
626900
626900
627000
627000
627000
627100
627100
627100
627100
627100
627100
627200
627200
627200
627200
627200
627300
627300
627300
627300
627400
627400
627400
627400
627500
627500
627500
627500
627600
627600
627600
627600
627700
627700
627700
627700
627700
627800
627800
627800
627900
627900
627900
628100
628100
628100
628100
628100
628100
628200
628200
628200
628200
628400
628400
628400
628500
628600
628600
628700
628700
628700
628800
628800
628900
628900
628900
628900
629000
629000
629000
629000
629000
629000
629000
629000
629100
629100
629100
629200
629200
629300
629300
629300
629300
629400
629400
629400
629400
629400
629400
629400
629400
629400
629500
629500
629500
629500
629500
629600
629600
629700
629700
629700
629800
629800
629800
629800
629800
629900
629900
630000
630000
630100
630100
630100
630200
630200
630400
630400
630400
630400
630500
630500
630500
630500
630500
630500
630600
630600
630700
630700
630800
630800
630900
630900
630900
630900
630900
631000
631000
631000
631100
631100
631100
631100
631100
631100
631200
631200
631300
631400
631400
631400
631500
631500
631500
631500
631600
631600
631600
631600
631700
631700
631700
631800
631800
631800
631900
631900
632000
632000
632000
632000
632100
632100
632100
632100
632100
632100
632200
632200
632200
632200
632200
632200
632300
632500
632600
632600
632600
632600
632700
632700
632700
632700
632800
632800
632900
632900
633000
633000
633100
633100
633100
633100
633200
633300
633300
633300
633400
633400
633400
633400
633400
633500
633500
633500
633500
633600
633600
633600
633600
633700
633700
633700
633700
633700
633800
633800
633900
633900
634000
634000
634100
634100
634200
634300
634300
634400
634400
634400
634500
634500
634500
634500
634600
634600
634600
634600
634600
634700
634800
634800
634800
634800
634800
634900
634900
635000
635000
635000
635000
635100
635100
635100
635100
635200
635200
635200
635200
635200
635300
635300
635300
635300
635300
635300
635400
635500
635500
635500
635600
635600
635600
635700
635800
635900
636000
636000
636100
636200
636200
636300
636300
636300
636300
636300
636300
636300
636400
636400
636500
636500
636600
636600
636600
636600
636700
636700
636700
636800
636800
636900
637000
637100
637200
637200
637200
637200
637300
637400
637500
637500
637600
637600
637600
637700
637700
637700
637700
637700
637800
637800
637900
638000
638000
638100
638100
638100
638100
638200
638200
638200
638300
638400
638400
638400
638500
638500
638500
638600
638600
638700
638700
638700
638800
638800
638800
638800
638900
639100
639100
639100
639200
639200
639200
639300
639400
639400
639400
639500
639700
639700
639800
639800
639900
639900
639900
639900
639900
640000
640000
640000
640100
640100
640100
640200
640300
640300
640300
640300
640300
640300
640600
640700
640700
640800
640900
641000
641000
641100
641200
641200
641200
641200
641200
641200
641300
641300
641400
641500
641600
641600
641700
641700
641800
641900
641900
642000
642000
642100
642400
642400
642400
642500
642500
642500
642600
642600
642700
642800
642800
642800
642800
642800
642800
642900
642900
643000
643000
643000
643100
643100
643100
643100
643200
643200
643300
643400
643400
643500
643500
643500
643600
643600
643600
643600
643600
643800
643800
643800
643800
643800
643900
643900
644000
644000
644000
644100
644100
644100
644100
644200
644400
644400
644400
644500
644500
644600
644600
644700
644800
644800
644900
645000
645000
645000
645100
645200
645200
645200
645400
645400
645500
645600
645600
645600
645800
645800
645900
646000
646000
646100
646200
646300
646300
646300
646300
646300
646400
646500
646500
646500
646600
646700
646700
646800
646800
646800
646900
647000
647100
647100
647100
647100
647200
647300
647500
647500
647500
647500
647600
647700
647700
647800
647900
648000
648100
648100
648100
648100
648200
648200
648400
648400
648500
648600
648600
648700
648700
648700
648900
648900
649000
649000
649000
649000
649000
649100
649100
649200
649200
649200
649300
649300
649400
649500
649800
649900
649900
649900
649900
649900
650300
650300
650400
650500
650600
650700
650700
650700
650800
650800
650800
650800
650900
651000
651000
651000
651000
651200
651200
651300
651400
651500
651500
651600
651600
651700
651700
651800
651800
651800
651800
651800
651900
652000
652300
652400
652400
652600
652700
652700
652800
652800
652900
652900
652900
653000
653200
653200
653200
653300
653500
653500
653600
653600
653600
653900
654000
654000
654000
654100
654100
654200
654200
654300
654400
654400
654500
654600
654600
654800
654800
654800
655000
655000
655000
655200
655200
655200
655200
655200
655300
655400
655500
655500
655600
655600
655900
655900
655900
656000
656100
656100
656400
656700
656700
656800
656800
656900
656900
657000
657000
657000
657100
657100
657200
657200
657500
657500
657600
657700
657700
657800
657900
658000
658300
658400
658400
658500
658500
658500
658500
658600
658600
658800
658800
658900
659200
659300
659300
659500
659500
659600
659600
659700
659700
659700
660000
660000
660000
660100
660200
660200
660200
660300
660400
660400
660400
660700
660700
660700
661000
661000
661200
661200
661300
661300
661400
661400
661500
661500
661500
661800
661900
662100
662200
662300
662300
662400
662400
662400
662400
662600
662800
662800
662800
662900
662900
662900
663000
663100
663600
663600
663800
664000
664100
664100
664200
664500
664500
664600
664600
664600
664700
664700
665200
665500
665600
665700
665700
665800
665800
665800
666100
666100
666200
666300
666300
666400
666500
666500
666500
666500
666700
666700
666700
666700
666900
667300
667300
667500
667700
667800
667800
667800
667900
668000
668400
668400
669000
669100
669200
669400
669400
669600
669600
669700
669800
669800
669900
670300
670300
670600
670600
671000
671100
671200
671200
671300
671500
671700
671800
671800
671800
672000
672100
672200
672200
672200
672300
672700
672900
672900
673000
673200
673300
673600
673600
673800
674200
674300
674500
674600
674600
674600
674800
674800
675200
675200
675300
675600
675600
675700
675900
676000
676100
676300
676400
676600
676700
676700
676900
677100
677200
677500
677700
677900
678000
678000
678100
678200
678300
678300
678900
679100
679500
679600
679700
679800
680000
680100
680200
680200
680300
680300
680600
680600
680700
681200
681400
681400
681500
681600
681600
682000
682200
682400
682500
682600
682700
682700
682800
682900
683100
683300
683400
683600
683700
683800
683800
683800
683800
683900
684000
684100
684200
684200
684300
684300
684400
684400
684700
684800
685100
685100
685300
685400
685500
685600
685900
686000
686300
686300
686600
686700
686800
686800
687000
687100
687500
687500
687900
688000
688100
688200
688400
688400
688600
688800
689200
689400
689600
689700
689700
689800
689900
690100
690300
690600
690700
690900
690900
690900
691000
691100
691600
691800
691900
692300
692300
692400
692500
692800
692900
693000
693000
693000
693300
693500
693800
694000
694000
694000
694100
694200
694200
694500
694700
695000
695100
695100
695300
695600
695900
696200
696300
696300
696500
696700
696900
697100
697300
697600
697700
698200
698400
698700
698900
698900
699200
699300
699400
699500
699600
699800
699800
699900
699900
700300
701000
701100
701400
701700
701800
702000
702300
702400
702400
702400
702600
702600
702800
703400
703400
703400
703600
704000
704100
704200
704400
704500
704500
704500
704600
704800
704800
704900
705600
705700
705700
705800
705800
705900
705900
706300
706400
706400
706400
706400
706600
706600
707000
707100
707200
707300
707600
707700
707700
707800
707800
707900
708300
708400
708600
708700
709200
709400
709500
709600
709800
710300
710300
710400
710500
710700
710800
710800
711000
711000
711100
711100
711300
711700
711800
711900
711900
712000
712100
712200
712300
713000
713000
713000
713400
713500
713500
713700
713800
713900
714100
714500
714600
714700
714700
715300
715300
715500
715900
716400
716500
716500
716700
716900
717100
717600
717700
718000
718100
718400
718500
718500
718500
718800
718900
719000
719600
719600
719700
719800
720000
720000
720200
720400
720600
721400
721600
721600
722100
722100
722100
722100
722200
722600
722900
723300
723900
724400
724400
724900
725300
725400
725900
725900
726200
726300
726500
726800
726800
727000
727100
727300
727400
727500
727700
727800
728200
728500
728500
728900
729800
729800
730000
730100
730100
730400
730400
731100
731300
732000
732900
733300
734000
734300
734500
734800
734900
735800
736600
736800
737000
737100
737100
737300
737600
737700
738200
738300
738600
738600
739000
739100
739400
739800
740500
741400
741500
741900
742000
742400
742900
743700
743900
744500
744700
745100
745200
745400
745400
746000
747100
747900
748100
748600
749100
750500
750700
751800
752500
752600
753400
753600
754900
755600
755600
755700
756300
756800
757800
758400
758900
759200
759600
760100
760700
761300
761700
763500
763800
764300
764500
765000
765200
767000
767200
767300
767800
770200
771400
772200
774300
775400
775800
777100
777900
778000
778200
778400
780400
780700
781300
781400
782500
783100
783200
783300
783700
784000
785100
785300
785600
785800
786000
786000
786800
787500
787600
787700
788400
790300
790400
791300
791500
792800
792900
794600
796100
796200
796600
798000
798100
798700
798800
798900
799500
800400
802800
803600
804000
804300
804400
804600
806700
808500
810200
811400
813400
813800
814000
814200
814200
814200
817100
818700
819900
820600
823000
823500
825600
828500
831400
831700
834600
837100
837300
839000
839700
841200
841800
845900
846200
846300
849200
852300
859000
862100
864400
866000
868500
869100
869300
870800
874400
876400
877200
877400
877600
878100
890100
890200
891200
893600
897300
898600
902300
907200
909600
911100
913200
915500
917800
923200
923900
929200
942000
949200
954300
985700
997700
1014900
1043300
1048200
1067500
1072600
1073700
1097800
1140800
1296400
2751400
20804200
