603600
701100
569000
592600
573800
579500
409200
436000
382800
369500
408800
348600
619300
568300
610900
626400
584700
591900
666100
599000
561200
561600
501600
634400
481900
682200
593900
537700
669400
593800
615200
753400
614700
632200
604700
587700
630500
454700
601200
441900
568200
705800
576200
562100
608600
558300
501600
580000
770200
526900
587700
592200
601300
584800
603000
571200
572400
546600
608800
523900
578000
609600
558600
560000
246100
413600
614900
616200
915500
813800
607000
487300
526000
591300
614500
572100
605500
588000
576100
584600
618300
575200
632100
595200
464400
437800
522100
626500
591700
592500
656900
613100
608900
469700
475400
402400
381300
382400
376900
363500
381000
361700
432200
386000
350400
391800
365400
390000
359200
369300
609600
601600
577200
627600
584300
570200
487300
555300
603700
604400
583100
580400
532200
486500
501200
595400
553500
615600
549100
461000
580600
584900
576800
574500
610400
585300
524500
603900
596500
536000
593100
814200
604000
651000
588400
480000
577100
535100
592700
550500
585500
669900
578800
500300
566300
777100
591400
785100
328600
588700
585200
597900
525700
567200
564300
586000
577400
583800
581800
604500
589200
607500
579800
574200
587100
480700
923200
588400
541800
581200
654300
569500
586400
581200
592400
593400
562600
565300
567600
560200
589200
606100
577500
589500
570100
573600
568000
837100
711100
787500
598700
694700
607100
619800
1014900
615800
583300
633800
601700
604100
618200
686700
562200
579600
570800
564300
561200
622000
591200
592000
554700
600400
722900
596000
657800
594900
585300
675700
580200
584100
588200
568000
617700
763800
584400
461800
586300
597400
737600
597000
599700
587500
569000
584400
580900
608100
590300
707700
633400
472600
575200
482500
542400
634800
565900
687500
579900
592500
582200
891200
577000
575900
564500
569200
499100
592000
573800
618000
590400
678000
572400
513000
576200
576900
579000
414700
385100
362300
372200
341200
330800
360000
358300
381100
352500
361300
366300
455500
365600
372000
355600
394900
388400
383600
373200
371000
390900
583600
613500
603200
592300
593000
599000
585400
600800
563400
598800
600500
616800
569400
575500
574000
695100
593800
611100
570800
618700
547100
517800
528600
608300
577500
507600
579800
580900
529400
557300
574100
555000
578200
563100
522400
638100
583100
610400
595300
555500
578100
660400
578100
575600
547500
572200
566100
707800
592800
569700
783300
571600
558000
569300
572200
572700
541900
376100
332700
381500
352700
376000
350600
369300
309300
465300
294600
379700
375300
584200
604600
591900
557100
575700
590500
608000
394500
401700
354700
595000
459300
574900
387200
600000
615900
581900
654800
607100
703400
645900
648100
632700
611400
673000
574500
593500
566700
587300
577500
440300
393600
457000
358900
440900
377900
750500
424700
412300
497000
400700
412500
417000
454400
401400
454400
432700
387300
366200
398900
633200
572000
613400
389600
372700
358700
714700
606800
580100
582100
579900
657000
524300
606900
611400
610300
610900
619800
590200
622700
389300
356200
383000
389200
597200
600300
632100
626000
594500
652400
585600
615800
574700
585900
600500
377400
361500
347700
379600
384400
375400
358800
492400
597000
587500
388400
382500
380500
376000
407300
382300
351800
379400
354500
383000
375100
371300
488200
368400
518800
376600
305600
299900
375300
519300
314600
373500
388000
397000
361600
361200
393200
380800
318800
500100
341400
368900
348600
678300
571800
620600
377700
394500
350200
629400
390600
308800
370100
401800
433400
380300
374600
483400
381000
373900
402300
375200
312600
353600
530400
580500
739800
565900
570800
567800
577900
589500
617100
577100
642400
418700
379300
376100
408900
379500
371700
363300
617600
604200
570800
534100
580200
619700
374700
364700
353300
524500
365900
375700
401900
687000
609900
615900
373700
311300
362600
441000
592900
593000
716900
606300
619900
684100
576000
605500
615900
577500
629400
585200
588300
525000
570700
571600
661200
570000
552700
576400
579000
615500
568200
585200
552000
603000
907200
588600
616200
591800
574600
594100
584900
665800
626500
579900
539200
628100
599500
638400
584000
620600
726200
530700
576800
577200
574900
587300
592200
592600
574400
707700
576900
688000
502100
666300
604000
576400
667800
575300
593900
578700
583300
449900
611400
550800
661500
609800
618200
654400
599100
609700
568400
577100
1048200
558100
581700
434700
452900
562400
601700
585900
592000
702400
594200
448200
416700
438500
364500
378400
378200
377400
632000
581800
614400
644700
591500
535700
396300
375900
428400
383900
367700
377600
674800
584000
459500
595500
600900
576300
706400
727000
544600
619300
591400
606200
370800
379200
395700
523500
486500
384800
574700
698900
594200
562500
563200
656400
711900
552100
583300
601000
462600
634400
382800
367200
385500
361400
300900
340800
362200
783200
563800
566300
567200
576600
671800
380600
379800
357700
325900
358500
377100
380600
643200
581800
537200
582500
543200
612900
610300
609100
532200
618900
596000
550200
609000
570000
489500
595700
351700
386200
370200
389800
365600
359000
361800
375100
340800
368800
375600
379400
348700
372900
362600
355900
365100
362700
351100
366100
367600
346900
313900
379200
353200
379300
359000
364500
363400
363100
385900
376600
361200
378700
360000
354100
349600
373600
358700
366900
364300
351000
374700
425900
372900
371800
576000
614900
278500
373600
305200
338700
376000
363700
360000
452100
351000
368000
363600
366000
584000
582300
562900
638700
510200
626400
594000
566400
578600
555400
538200
574200
576300
360800
363000
364300
352200
351600
386200
376800
368400
355900
378200
380600
366400
383600
384600
371400
650700
594800
511900
388100
374800
386100
372600
348900
559800
601400
363000
353300
350800
367000
359400
380500
390600
378800
363100
369700
357500
363000
384000
317500
424000
375400
317000
376700
365800
375300
399800
566600
582000
560500
571400
572400
612300
553700
595200
590900
577400
764500
610700
606000
608800
479900
589800
595600
597000
566800
609700
551100
581900
601700
576000
598500
558800
584000
635500
560300
629400
565200
633400
603200
590500
575800
572000
587000
552100
587800
575500
583700
758900
582500
608300
647800
579200
586400
575300
584200
552600
662900
573900
668400
563900
542600
637200
580300
584200
615100
546100
579600
555600
599800
568200
570000
592000
567400
717600
584300
619800
585800
487100
598500
557900
568200
594100
599600
570600
575700
574800
531600
450300
673200
564100
593500
617800
605400
571200
607400
589600
594900
589300
585100
683800
569900
571400
613700
588000
617200
577500
575400
562500
582300
564600
781400
710700
598800
594700
587600
647900
558200
585100
558400
588200
587400
539000
603900
569700
557400
570100
708700
580700
561400
600700
592500
628200
581700
571000
520200
584500
468000
377600
369600
374500
357300
384400
355000
310900
374100
369200
324000
375300
374600
348200
360100
333300
753600
611600
565900
564500
631700
596200
602800
559300
598700
552500
568000
626700
570600
590000
477000
533600
614000
554800
566700
543900
536700
665800
584800
591500
572400
589700
553100
434000
383700
563200
576200
559000
598600
557400
643300
591800
564000
613800
590100
603200
580100
592500
599200
571500
609400
578200
616600
584500
627000
583200
628100
619000
625400
556200
518800
603900
586000
586200
811400
577400
526300
599400
517200
514100
617000
573500
565200
554200
575400
604400
554200
578900
569700
555000
581800
567800
591000
579500
617900
586400
708300
624400
573000
564800
564100
544400
633400
593100
584200
582400
588100
590100
595600
650400
583600
784000
578100
636300
586900
585800
588600
660400
598500
577100
591400
594800
582800
603700
586700
579100
582700
578200
599000
448400
570300
577100
791300
591200
585500
598500
538900
618500
624100
577000
592700
565100
579700
531100
542300
568300
568600
612600
578900
585600
565900
594800
576100
745100
629800
637600
623600
592600
590400
589800
599900
595700
588900
599100
626100
577900
606200
590900
609700
573500
556400
554900
605000
608100
614300
590600
800400
651900
630600
589900
587800
612700
424900
421500
392800
326500
374100
478000
395700
417000
385300
383500
374800
378500
402200
417600
380700
686800
516200
407500
415100
390700
413500
403200
406300
396500
396200
377300
414200
423800
408000
401000
403700
380200
595600
592800
476600
579500
693500
685900
603500
611900
476100
599600
370000
436500
397300
442000
376800
386100
386800
379300
383500
386700
360100
383800
420700
366700
412500
371700
362500
352900
390900
397300
375700
382100
562600
608100
596600
462000
580800
627600
577800
597300
622700
600700
618500
600700
597600
595100
658500
575900
618800
439400
589600
565700
585900
580800
607200
619300
616600
604000
561700
572500
595000
576800
575300
568000
591200
458400
588600
591400
864400
587200
570500
573000
450000
577100
583300
577200
608600
581000
607900
591200
609000
571400
609200
574800
574000
612600
577000
577000
538300
684300
564400
582800
609200
564200
599400
580400
464100
574100
605100
565000
618400
567000
593500
626300
567700
636300
595300
535800
600800
468900
639100
599000
573600
553600
569600
596700
580800
596800
564700
590100
607100
630500
415000
385800
371300
384700
373000
379500
683800
586300
605800
592400
603100
590500
575400
627200
485300
593800
612300
608200
595700
578200
580400
572100
484200
579800
578800
587800
582600
476800
591200
580700
651700
562000
560400
534400
621200
616300
606100
583700
862100
575000
609800
559300
508000
562100
598900
582400
579600
584000
665700
611100
544200
548100
588400
588700
395700
379200
382100
386900
369500
378100
355200
1072600
601000
692900
601600
593500
405200
382600
363500
409000
393000
389900
360100
370800
345200
380400
396800
386600
356700
400300
329700
442100
417300
576800
613500
349300
354600
382500
363100
318100
375400
373900
380000
364500
377600
393100
362100
402800
354100
366500
368200
347800
390800
366000
323300
381200
378000
360300
387800
351600
603900
716700
384500
347300
357900
359100
620500
574000
377300
386600
319400
375200
579800
594100
582000
596600
407300
341000
382800
615900
624400
617900
577200
617600
367500
347600
376000
332200
370700
362300
374000
553600
655200
609200
593100
570900
602200
564200
580900
391800
324800
387300
394500
597500
521800
598400
598700
493700
633500
620800
692800
343700
392600
386100
378700
385900
384300
492400
432400
372400
405700
361400
379700
564800
378800
372700
384800
377300
373800
385400
372700
588000
662600
648000
597100
587200
648700
626200
649300
359400
385300
664600
423500
445200
377700
326600
369900
390100
366700
429800
422300
401000
426400
396700
346700
311400
583100
623100
785300
877200
500000
704800
705800
651500
329100
439400
416200
402300
521700
699300
746000
627200
605000
650900
406900
385200
371300
424600
374900
580800
372600
396500
448700
378000
392800
608100
378600
419300
375100
398900
367500
551300
634800
573700
595800
649000
591400
589400
394600
455700
386100
387500
380100
353200
650800
627100
669800
626900
597300
623900
331700
386100
423700
369200
384900
375500
730100
617100
513400
559000
618300
609300
610600
473400
605500
610500
571100
591100
386400
378300
386900
402400
452600
375900
379100
625600
576100
601300
604100
620900
725300
390800
392600
427800
380600
390900
391000
654600
390000
398700
383600
326800
379600
392300
633100
663000
602500
643500
619500
598900
313300
379700
385300
382700
379000
382900
379400
391200
388500
409200
410900
569400
472200
407200
401700
386600
460300
480700
368300
376100
379900
403600
375800
387200
602900
591800
684400
600400
602100
621600
365300
384800
460200
584100
578100
640100
544300
366300
562900
385300
364000
349200
633500
430300
317700
417600
387700
381000
384700
646500
414700
374200
399200
419100
504200
400500
658800
618600
622300
586000
591700
631600
639500
541800
601800
597600
575400
657100
377600
365600
384400
397200
405400
423100
568100
448300
369100
550400
544300
384800
397500
463000
383500
395100
423600
467600
376900
460400
436400
389100
391800
401400
377400
387000
387900
725900
587500
583200
399100
366800
371400
717700
618600
401600
467400
377400
361700
631600
498900
391400
390800
594600
592200
574300
383100
371900
639100
379500
381600
374300
720200
683800
386000
378300
509700
507900
372400
798000
603600
649100
569000
616700
446700
402600
374800
629500
2751400
454500
676400
646300
669600
417000
454700
398000
515300
414900
654200
479500
383200
338300
382100
369500
382000
389000
572600
394700
333100
442000
386900
404800
382400
378500
390200
424200
414100
375100
421800
427900
393400
386600
377400
530700
424600
404100
432600
388200
382700
318700
629400
637500
609700
383600
327100
436800
645200
619300
609800
591700
596700
484800
406600
439300
406300
644000
619600
407400
498500
411600
454100
456000
352600
369000
378900
392700
455200
312100
386400
370000
441100
413600
623400
646000
611600
603900
607500
482500
621800
699600
572200
579800
630900
596700
790400
632600
594300
688100
577700
597900
586400
566200
641700
591500
574600
629300
654000
605500
605800
504100
701700
639200
564500
626700
583600
691000
585300
649900
590500
597400
608500
582500
621800
711000
643400
613200
599000
498500
609600
603400
584400
578600
634600
667800
635900
608900
573800
586000
417900
909600
542100
610400
379200
653900
464600
479100
580400
659300
759600
422900
411700
430100
419000
359200
401300
370800
421600
411400
403600
379100
327400
412300
417300
403000
398500
373900
370800
361800
374200
370000
375900
605000
585800
631700
687500
650800
655200
372400
423200
380800
398900
368700
372100
588200
342700
377900
367800
444200
402500
649000
398600
591500
628400
630400
555600
609800
387400
384300
366200
383500
467800
459800
685100
402000
382500
408000
395100
445800
736800
512800
423600
394300
405000
434800
403800
408200
433500
689900
441000
392400
389000
405300
430200
405500
454000
384700
376700
393100
402800
346600
426400
405600
404900
372500
380900
368900
394100
600500
598900
574900
318000
371000
385000
394500
377200
376800
386600
375100
381800
368500
386700
380800
389600
367700
385500
389600
377700
382700
352900
391900
366300
366700
337200
356700
374900
593000
592000
553300
573500
562800
566800
551500
585800
583300
590000
560600
585000
539300
587900
399300
397300
380700
411100
392000
394100
390500
372700
396100
394700
376500
377600
898600
387100
387300
360000
366100
367300
317800
378300
513600
570000
579300
498500
729800
365900
389700
365800
373600
294600
360100
350900
360700
383300
607200
473600
553900
549900
693000
431000
430400
405700
439600
422600
426100
422900
465600
408700
449100
432300
644500
616700
440500
457500
487700
421400
310700
405600
439100
370400
382400
372200
390800
416300
344400
374600
414600
389200
393000
395600
400400
383400
305200
453400
386100
366300
345800
423100
386100
380500
363800
382500
371300
385800
350500
396700
412200
382900
435400
460900
429000
384900
426700
633500
634300
639900
604500
619200
634100
414000
462000
427400
388500
440300
387400
385800
370900
666500
398100
422600
381400
391000
395400
374500
364100
386200
383300
374600
389700
407500
395500
468300
379600
373100
364200
378500
410700
376900
372200
596800
563300
581700
605300
611300
567800
616400
597100
576000
378000
383500
346200
355800
383600
380000
374700
355500
356500
384000
377400
347700
375700
375200
378600
378700
392000
607700
576100
611500
541200
580500
413200
573100
328000
320200
376600
390100
373600
443400
396100
605800
652900
617100
628100
606700
552800
607300
613600
713000
464400
440600
425400
433700
687900
620500
557000
444800
468200
420400
432600
626800
715300
712100
434100
439200
415900
437500
418700
407100
388800
447400
404100
421800
390200
398600
405600
376800
590900
600500
611900
600900
631500
610800
618500
559200
612200
543800
580100
573600
614800
484900
551700
620400
617400
597000
618400
595400
655500
597500
585000
610300
621700
604200
607900
545300
614500
579300
595800
616800
386200
386600
396600
394300
431900
381400
400400
398300
388600
377700
585000
627900
642800
497400
662200
621200
426900
453100
500200
349100
388000
391600
390600
534500
390800
709800
485800
394400
388500
450900
382200
386600
505300
414200
373300
365900
402100
379600
529000
407700
623000
392500
409300
353600
424400
419900
420100
638500
626500
598800
622000
606000
432800
400900
394200
319900
316100
425300
353000
633700
629800
612800
654800
599100
571800
428500
379500
379800
457100
380100
435700
655600
655200
623700
626900
613300
713500
695600
408700
543700
386500
327900
417200
669000
643400
573000
669400
624300
416000
504100
595700
680200
719600
734300
422000
469000
432100
491300
531400
328300
395000
392000
375400
379600
405800
468400
381000
403900
364900
401500
388900
372100
414100
415600
388800
382900
377600
385000
395200
458600
383100
346400
379300
371200
376600
368100
379100
434400
395800
382700
413200
392600
373200
582200
397500
380100
401100
419900
393400
349800
390700
424000
609700
609300
626900
634900
501000
308200
407900
413500
413700
403000
406200
604100
398700
319300
387400
419500
381300
384900
595000
371900
402500
382700
373800
382300
578400
414400
396400
374300
312600
505700
361400
403400
542400
388500
375600
367100
376500
377500
319500
418000
381800
394900
384100
408800
422900
332900
704500
718500
617500
653500
627700
803600
604400
387900
380600
371000
402200
576600
591200
625500
390200
390800
646500
363400
393300
445300
646800
590100
585800
603500
685500
602000
602200
622300
596300
421700
385400
383400
363600
359900
402700
384300
704200
586900
629000
651300
659700
696700
421900
384700
526200
385800
410100
395200
646100
585300
586400
603100
477800
728500
614400
601400
644600
618000
677100
601400
626600
615900
601200
537700
464300
590100
588500
568100
637100
422500
500200
408000
390700
389700
380100
351700
666400
595700
586600
570300
596400
671200
610600
601100
603400
429100
718400
599400
607000
592600
512600
585300
595700
495200
590100
635100
583100
640900
639400
605000
601400
683600
645200
584700
605600
637300
601600
669600
588400
584200
587000
765000
589300
569200
586600
582100
592600
597800
710800
616900
596200
605500
657200
698700
585800
588200
674600
662800
600600
584500
563200
617600
732900
603700
608700
629800
609000
626300
662800
636200
533200
614600
598800
592800
664500
564100
600100
592000
582100
547100
640300
642500
616500
596800
576000
570200
602200
565300
649200
608900
587200
565000
588100
558200
564200
573000
579700
561300
577000
507800
604900
580000
580600
564800
576600
562300
562800
603800
588300
554100
556400
615000
561400
566000
586800
603600
874400
604200
621900
636000
643200
618300
614700
585000
601700
602700
610400
632700
610900
630200
583200
489500
613000
591300
659700
589200
609500
591500
587400
554600
588300
576500
581900
563900
592100
582400
460500
601100
580900
569300
608300
514500
567000
629700
569500
781300
583600
572000
559900
569700
693000
622200
603700
645000
615500
600400
611200
641000
727700
600200
595700
594200
617200
629100
499600
589200
643500
575700
591900
606500
541900
849200
595900
643600
580900
579900
582300
570000
588600
578600
568900
596100
714700
596900
590600
606000
596700
622600
585300
638100
699500
579200
577400
598800
399700
386400
384500
390400
399700
791500
436100
392900
387000
395100
424200
431500
444700
409100
404200
397300
410800
450100
396000
392800
449200
393800
366000
634000
606500
612300
578500
663600
621900
609000
601300
593000
587500
460600
632200
379100
398000
360700
413400
386500
363100
400200
365000
383800
373800
352500
360400
379700
390800
369800
365000
370100
349900
360500
367900
420400
351900
372200
342800
374500
353700
377600
368300
384900
367700
364900
319200
377900
354400
356600
376200
598100
642800
606400
602300
481400
383500
282500
306500
485400
377700
357000
562400
626600
594500
599700
530100
476400
385300
317300
392900
380400
375700
375100
379900
377400
361300
354700
314600
356800
382300
357600
444400
354800
372200
348000
370200
377700
350800
392400
385500
398100
385700
380600
352100
354200
369600
594500
608300
351200
378400
364500
358100
376200
369200
381000
401000
376400
519700
593000
573100
589400
380500
372800
377800
383600
630700
614100
566100
606700
575700
604600
608700
611600
380900
366400
351300
287100
604900
586500
602700
637500
624400
332600
427600
365900
814200
352000
396100
392700
358000
386400
384900
372700
381900
397000
368600
578200
599000
596800
703600
573400
445800
370800
457100
375700
390300
363700
689700
575700
587500
565800
582500
681400
591300
581400
606800
588000
839700
654100
643600
629500
619700
642500
609500
642900
631800
559800
592800
618600
588900
537000
568500
587600
810200
585300
593800
588600
616900
574100
578600
586300
588500
602800
584200
617500
662100
618400
589400
590300
562100
608900
621900
574400
584400
550000
398100
373800
379900
392100
276800
390600
380400
596200
606800
589800
566800
558600
775800
599600
587900
595300
555400
601400
571000
600300
597800
573500
577200
404000
621000
620400
593400
551900
410000
570500
596000
556700
653500
599100
604300
534200
597800
532300
589900
627300
591100
587000
593800
582700
618700
585800
745200
596600
605700
569100
418900
418300
378900
373100
390900
576800
612500
571600
565100
664500
599600
566400
600400
605400
555100
572300
573800
567900
678300
587200
636400
610800
595400
365000
584900
585800
588000
603300
593200
554700
585300
591600
623400
588100
598600
626600
620000
714100
578600
536000
543800
573400
722600
435900
595600
603100
589700
455400
675200
603100
579800
426300
601200
616800
606700
594800
598500
596500
607200
599100
605400
591800
558300
701800
572600
591700
607900
608100
630900
607100
595800
605900
595000
820600
699800
683100
471200
666700
638200
580100
472500
586900
610900
623600
818700
618500
625400
629000
611100
662800
585700
595700
659500
563100
586500
794600
587000
605000
677200
642800
600900
622200
608100
489400
602300
622500
581100
599200
580500
574100
578100
635400
556500
480200
564800
590400
897300
581800
597900
607100
581300
580200
587400
569200
571200
567000
607500
600000
589000
603200
570400
650300
585000
583000
477000
682700
633600
590700
598100
593500
636300
618800
618400
600600
582800
590700
594900
593800
713000
602200
663100
460300
722100
621300
585700
595500
581100
606700
545500
660700
591700
576900
609200
514100
658000
563900
619600
463800
531800
607800
572200
598500
592800
595900
534300
574600
549900
619300
558900
558500
814200
589200
578100
560100
577900
629000
596800
558800
581800
630000
634600
645400
617400
465500
494100
641700
621900
614700
570700
589400
622800
588300
645500
580700
652300
694100
581600
592200
529700
561300
565100
555100
629800
589000
581900
604700
507300
373300
517700
395200
318100
377000
383100
591900
591000
610900
591600
563500
790300
648200
604600
599500
584500
649800
590100
463700
555300
607300
592700
587800
589300
600900
605400
594100
603200
569000
627100
553400
559200
613100
495300
596100
580500
594300
476700
578900
587900
609200
587000
585600
581000
598100
469500
584000
719800
579600
610300
622000
572300
465700
620400
588300
597300
465900
552800
600600
571600
578400
464700
556500
698900
566400
549700
575500
565000
578800
604800
631200
601600
574700
608400
588900
618200
599200
610000
578100
622600
625700
485500
595100
596000
596300
594100
600600
581100
553800
599300
515800
599700
596000
574600
559500
628200
622600
616000
546400
533200
583800
566700
545100
600400
607400
614600
575500
577500
607300
689400
605200
607600
634900
610900
504900
599900
590300
604300
620900
609000
637800
592500
647100
649300
575200
582400
597300
624100
471400
428200
487600
404200
406100
365600
579000
758400
618300
585300
566700
767800
709600
611400
587600
592600
487400
598400
596300
584300
600700
594700
575600
669800
544400
627500
671000
575000
594700
602200
600300
727400
614400
591500
662900
462900
499000
594700
592800
702600
590100
587400
604800
577900
583800
570600
607800
600600
575100
683300
614000
625300
583200
786000
571900
689600
575500
618100
624600
582600
567700
446500
614100
592600
584000
585500
658600
657500
595600
511600
593800
876400
578000
623500
604300
578900
540100
680200
605100
597700
612200
579900
703400
601100
584300
602800
589100
804400
590200
584100
588300
564600
620700
592200
574000
585100
548500
450400
372400
381100
361800
381500
360800
385700
612000
580000
472000
615500
571700
562600
526100
401200
382100
384800
387800
398400
384900
420600
645600
421500
397900
393200
320100
387900
387900
418900
425600
410700
427600
377400
393300
384100
388100
373000
378600
365100
386500
823000
388400
386500
390300
383000
341600
398300
409600
445100
395200
399200
384900
358900
391800
376700
359500
462700
355600
593100
595600
384900
352500
363300
379200
396700
378800
381300
374100
334400
378300
370000
363000
587700
379100
376900
315000
371600
386800
380100
360400
474300
299700
411400
389500
390200
306100
368800
601500
612800
618200
685400
605800
599300
617900
585200
381500
393000
543200
357000
559800
612300
623000
634800
596400
624100
455800
354900
436200
399000
367400
370300
609200
378100
371900
377300
420500
382600
395300
373800
606800
633000
385000
311800
384300
369900
363100
496800
529200
609700
376800
609800
657700
428900
392100
376700
386000
357600
397700
414000
638500
613800
613600
638800
616100
491100
361100
379000
376000
378500
378100
368000
364900
637600
590700
652700
577500
620600
599200
411200
388400
370800
480500
608200
590100
571600
627400
364900
368800
369800
379500
386000
452300
371000
785800
627300
649000
594200
477200
618400
387500
381000
310400
375700
359500
407200
473900
297600
360900
376900
365700
421500
312700
653200
670600
587000
595800
566700
581200
709500
344100
375100
390500
377500
347100
363200
391900
352900
345300
363900
364100
371700
354100
395200
368000
378900
354600
379300
374300
410400
366600
378800
510600
384300
394400
380500
378900
368600
364200
380400
554100
598300
590600
583800
561400
384700
392100
374200
380300
378400
382000
381200
361500
390300
383900
378800
375900
422700
376900
383400
368100
378000
377200
391100
376000
351800
337700
636800
693300
572500
469500
573100
459800
382300
360200
362600
376200
394100
368400
385500
393100
384100
373000
414900
361700
369400
297500
379900
381800
538800
376800
356100
380000
385500
381500
508900
308000
393300
393000
367900
421700
420600
387300
578300
350500
457500
371800
362000
319900
384700
387300
402600
373100
390300
364400
395400
370000
372800
697100
558300
337800
394500
398300
378100
299400
370100
421200
380100
361400
369700
361800
298700
303400
595500
375300
397700
454700
393700
357800
734500
598000
565700
567500
585900
573200
586800
390800
380300
391700
333800
411000
732000
564000
398900
218600
427500
498200
598600
599600
606000
603800
620200
588500
662900
404600
377900
443200
394500
378100
392400
373000
720000
584300
556900
490800
366000
358600
370200
400700
452700
386100
397100
396400
369500
400300
334800
415600
383400
366800
402800
389400
389700
619100
442000
348000
393200
382800
391400
409500
628400
386800
304800
392800
431300
405200
411400
543100
395400
367100
395800
408000
399200
364700
427800
393200
403500
433300
379500
380100
390700
502800
628900
635700
633400
445600
401800
476400
377300
345600
381900
378700
331200
356700
421700
738600
603700
476900
372100
358200
380800
391300
390000
400700
390700
379400
366300
325200
594000
498700
622300
376600
394400
366100
343400
674600
576800
598700
629400
593700
680300
619400
588100
487500
615500
777900
397400
386600
389600
454200
583100
635600
661500
643600
583200
607100
520000
679100
609300
631600
648900
617000
728500
393300
408900
383200
587500
386800
382100
612700
626100
609300
594400
609400
640700
644900
618700
634600
771400
604900
632000
615300
594000
614700
592300
611400
380400
424800
384500
441500
1073700
620100
599900
635200
603200
902300
638100
594000
608100
611300
540900
685600
626700
627100
586200
587500
578200
604200
546400
404900
372000
441700
647100
626100
611100
489700
602800
440300
597500
615500
630400
382100
398000
393900
398400
384000
381500
400400
387100
391600
499300
370700
391700
398200
457500
594600
645100
464800
391700
382800
384900
523500
379300
365700
606200
595500
623200
482600
379800
378300
556200
377400
382200
368100
374200
380400
394900
730000
404900
436600
384800
332100
370500
602600
576900
383000
397700
401500
413000
499500
364700
479300
571700
449900
389800
395600
394000
351400
615300
624000
381800
465000
483200
369600
446800
373400
384900
380100
309100
510100
376700
374300
584600
381800
385900
404600
417500
346500
360700
538600
431600
381700
362000
383600
371100
383400
423000
426800
353000
367400
379700
518600
384700
374300
395300
371100
377600
330300
371200
360200
369300
631500
616600
596000
624600
612400
573300
381900
373000
394500
380300
387300
371500
696900
394300
364100
384900
375700
361000
370300
470800
655200
428200
398100
447400
390800
384900
659700
607800
605400
607500
649400
657000
387800
328800
361400
412800
392600
390900
381900
357400
397900
380800
474500
517000
373800
720400
577300
406000
516300
379100
379700
406400
628800
588000
598600
609600
592500
911100
627100
619800
627300
599800
635600
604000
610500
639300
468000
385800
394700
381300
402800
408700
598300
444500
457600
409700
408900
391500
411700
707900
393300
414700
318400
398400
387800
375200
453400
595300
633300
639900
579400
681400
631100
629000
581500
636700
622400
629400
589100
416800
377900
387800
458800
706400
591200
555800
616600
630500
733300
579600
635500
575200
606100
624400
585600
638700
610500
599300
658600
613500
604600
593700
716500
475700
660700
382700
400300
397200
479500
625400
336700
618700
604500
695100
625300
509500
392200
425300
390300
634500
590700
533300
378800
443300
380700
398700
405700
388100
491100
630600
391400
388700
391600
483400
372700
423600
604400
606200
579900
599900
859000
595300
568100
846300
435400
415800
631400
655900
631000
489500
664200
633900
671200
614700
389600
341000
459600
748100
593800
607300
616400
598500
457700
658500
613100
609600
696300
671700
440400
378700
381700
407500
390100
385600
634400
633300
553600
458300
394600
490700
492400
405200
397400
454900
393700
409700
482000
423600
434900
428300
470500
409400
496000
422400
402700
414700
399100
410900
403700
711300
394700
547200
611100
626500
642400
416700
607600
603900
420900
398200
421400
731100
375500
376400
407700
535900
389200
402700
425500
378700
434000
414900
429600
393700
388600
446200
457700
432400
395200
443500
435300
475600
403100
395200
364400
398400
420100
388300
394400
366100
311900
376700
379500
382400
394300
451700
605600
598900
601100
611100
601500
614400
604200
545700
389100
417700
389200
409400
615500
652900
615100
608700
588600
373400
386400
389300
407100
384000
394000
405500
597600
647100
604400
580400
597200
637200
597500
601300
361500
342900
389300
459800
324000
396100
377900
385600
631100
466500
442300
594900
571900
389600
388200
505000
497700
373600
429200
349400
377700
409100
377500
363700
667900
598400
563500
590100
615500
585700
582800
595000
605900
611500
684000
575800
370400
378800
402000
364400
387800
396200
394300
379300
377900
376200
325200
367300
373900
592200
581800
588100
654200
643600
525200
372400
387900
377800
387300
368700
371800
564000
370500
384800
408300
383100
368800
325100
368400
393300
523700
387400
391300
530600
393500
374200
693800
619400
363700
399700
362300
396200
607600
639900
653200
638700
634800
599000
445600
997700
379300
413400
401900
386800
546200
610700
590900
641300
592200
674500
378400
391200
373200
375300
541000
313500
342400
410500
525600
378800
376000
429800
397700
366900
621700
394300
364400
381000
316800
370700
380700
397300
612200
594800
633600
590500
683700
382500
377900
364600
384300
517500
362300
389200
385300
390500
383100
384900
355800
376600
381700
487200
510500
411300
383300
430700
355200
366800
382900
507200
405900
387900
417500
403500
576900
642000
630800
613100
705900
588700
519400
392200
378100
426700
409000
384200
431000
576500
599500
401400
371200
571400
366900
381300
642000
439800
478000
408700
513100
404000
401800
586300
369000
437600
527100
369400
357800
532400
382400
393200
386400
317600
433200
407100
635300
627300
597800
611800
611900
632800
624000
584700
694200
460400
638400
646600
608000
596200
569600
601500
637900
739100
577800
393100
388700
552900
374800
385500
365800
384300
391800
420800
395500
591600
616300
580100
584500
603500
371700
381900
393200
427600
384300
393400
368100
406000
372100
361100
348300
392400
412600
375800
452700
804000
597400
379600
374200
306300
365200
672200
605400
590500
631000
606800
917800
614500
641200
605800
338400
392300
493700
497600
451200
383600
486200
602900
600700
620500
591600
561700
482700
592500
593500
545300
629800
573200
588200
593700
569900
590000
612500
552600
585100
568700
554800
591400
592600
587700
573300
583800
571500
542900
584400
601100
574400
577800
559400
592700
618600
616900
599800
837300
586600
640100
579600
590800
659300
631900
587500
643800
679800
561500
713700
636800
455700
568000
588900
643000
606300
525300
589200
616900
565500
607800
635300
588900
588600
683400
585700
588000
780700
614100
598800
612400
586300
633400
627700
626400
610000
634000
596800
465600
573300
627000
602600
585200
580800
583800
600300
603600
384400
393700
404700
395900
372600
382800
385500
606500
606500
591600
450500
600200
608500
702400
450200
590700
576000
598900
610300
600100
595900
650800
602100
598600
619900
544500
649900
588100
569900
599800
710300
582000
577200
602500
587100
676100
629400
592500
583600
593000
602700
614700
591200
616700
629000
699400
586600
587000
588300
638200
600100
610300
641000
588300
621800
582000
633100
619400
633700
609500
641800
767200
624900
629500
587000
635600
684200
589800
621500
516400
588800
593600
599600
598800
652400
589500
587300
741400
611100
655500
608900
607600
723900
612800
605300
579900
608900
622100
798100
571300
442400
660000
648100
390700
491200
384100
497500
406200
376800
400100
472500
386400
386800
378600
380200
386900
577100
595400
592300
384300
388500
394900
371800
405600
365200
361300
368100
383900
375500
389100
370100
598700
632200
601600
583600
630500
608700
599300
571000
536400
582700
610500
471100
610100
589900
577900
742900
591000
602300
582700
569700
692300
489800
599000
604500
598600
556800
610300
573400
605300
597300
600600
585000
600900
602300
607200
572400
558500
369400
359900
362600
368600
384500
373900
371700
410400
355600
387100
373800
378200
386400
298700
374300
603900
605100
569700
616300
464600
588400
590000
598700
586700
570300
366700
368000
390500
380100
384200
371300
371900
688800
539500
796100
445400
588000
573600
570800
638500
370500
411800
372000
370500
422800
376100
398900
619300
581700
545400
577900
585400
595000
601000
607900
635100
595500
603600
579100
631700
476900
629600
380800
344000
376000
367400
401000
376400
385800
631100
584900
591700
578700
521800
595400
588100
669100
459500
703400
665600
738200
752600
724400
705700
442300
480900
407000
465600
446100
407600
454000
418700
413300
389600
643900
616700
600900
387100
411400
418800
381700
386100
377700
357600
359100
361400
360800
361400
393700
370500
362600
405700
420600
407100
334500
451500
438900
399300
377300
661300
395600
417100
458800
436200
303200
389700
472800
620900
597200
581200
373400
403200
357300
704400
523300
350900
359600
380100
387400
354800
606200
365800
408400
402100
403400
510300
373900
396800
400300
394400
383100
395900
446800
382200
767000
590900
553400
593300
585200
512300
586400
376400
393500
414200
303000
541600
624200
598800
469100
669700
592900
596400
546600
393500
397100
589200
342100
416800
547800
397400
545500
376000
405800
426900
492200
474200
398000
399300
394600
400200
380500
391500
402800
388700
405900
424000
370800
385500
656900
513300
582400
602500
566600
613300
399100
387200
366700
353800
343800
373200
374900
444000
392900
396200
415900
369300
358100
374500
377800
613500
382300
380200
378300
374900
354000
376600
373100
333300
398000
346900
361100
388700
571500
640200
627600
646000
672300
603600
629700
565200
587400
602900
583900
676000
590800
620300
586000
574700
564400
582100
552300
561100
599500
446400
585600
587600
500500
588400
594500
655300
598600
583000
596200
584200
642800
594200
646800
594400
620200
869300
579400
610700
614700
590200
549900
606600
603300
590400
544200
540800
565700
587700
594500
626500
603400
571600
576500
617700
632700
610400
602200
590200
589500
580600
579700
787700
1043300
582300
743700
474000
635200
621300
660000
604800
587100
626600
386100
371000
391400
366000
357800
342500
402800
356200
364700
373300
371400
630100
615400
582400
417900
479200
402000
370000
385800
380200
366600
393500
375500
382600
388100
383300
390200
299100
351400
351100
395900
374800
346600
409400
357900
343300
361600
367300
374200
329600
361400
372000
358100
385200
346400
356700
365000
370400
360300
369600
380500
367700
394000
405200
396900
450000
720600
601300
658900
571400
569700
642700
579700
576700
608200
608300
606000
684200
618700
605600
490300
554500
635500
596700
560800
549200
560800
621700
618600
606400
481800
650800
636900
581000
613300
613300
563200
798700
577800
636300
605300
576000
558600
598000
614300
606800
610700
676600
596900
831700
642100
620600
621600
624600
662300
588000
587300
612800
608600
598900
605400
560300
527000
494800
502600
561800
602000
603100
616900
593700
604600
592700
587800
798800
582300
582700
533300
602200
391700
388600
369800
381600
392800
366800
368300
393700
421600
580900
602600
611800
631100
564200
579700
579800
592800
598200
625500
870800
852300
617500
644600
635100
778000
611900
619900
666700
596000
608800
603300
621200
593100
577800
592000
617600
605300
603500
572800
572600
587300
580400
626000
600700
588400
621300
575200
518100
579600
555800
628100
607800
585500
588600
559900
653200
591200
567800
594300
587800
575700
631500
601500
616400
671800
597700
646300
620800
643100
756800
620600
627700
632900
601000
579700
587900
576200
598900
582200
582300
579300
727500
598500
654100
592600
581400
598400
580900
590100
569600
612900
591000
602800
612800
623100
582500
567900
482600
584400
680600
577300
548200
598000
585300
608600
579200
594200
566100
655000
574700
551400
579400
586100
547300
670300
629400
573000
430800
417200
416300
452100
435000
371800
383200
346300
421400
406100
431800
396000
446800
438100
403200
445700
442700
466800
434900
434600
454000
437900
426700
456100
410900
420200
401000
529200
425600
378900
458000
363200
378800
404200
375900
413200
387900
400900
326100
451200
398800
377700
394100
386600
386400
397100
324800
379500
394300
375200
299900
378800
370900
298200
379300
636700
386800
314900
399000
390900
386600
370900
442100
382100
424400
384700
372500
371900
396100
376300
621100
423300
431300
425800
639100
638400
615600
414500
390200
410300
381900
396500
380900
375000
390900
628500
575400
584200
509400
585500
421000
385600
359700
385200
399400
369400
591400
486800
616200
722100
450300
604600
756300
578400
649900
954300
610300
543500
414400
411100
385300
487500
614700
381200
409400
595700
461100
580200
391000
399100
384100
404700
403800
417600
409200
368100
415400
618400
620600
620800
623300
624100
405700
377600
436500
390300
371100
288700
397400
643600
618700
433900
611400
406000
442700
390800
304100
502800
403000
369800
413100
590400
377400
385500
369700
375000
361600
354500
368900
434900
445000
621000
592100
370200
311900
349200
443900
356200
403000
382600
338900
380300
388600
357800
637700
587300
385400
307400
392400
390600
577000
380600
620200
630500
629200
383500
454600
609000
625300
627000
613100
532500
557600
566700
380700
409100
319700
375500
648600
614100
604900
678200
613100
942000
590900
449700
391600
582500
600100
579300
592700
570000
557600
500500
792900
705900
677900
684400
595900
712200
572200
607700
587800
577200
571000
704600
607000
634600
602900
562500
574500
636600
562300
576500
617800
714600
600600
607800
643800
624500
573900
589600
602200
510400
580900
575100
625700
657600
665800
868500
593800
591800
681600
609400
601000
454700
590200
644100
590200
608500
661400
589100
596400
594700
597000
584400
589000
536800
608500
598000
498600
578900
707800
585000
581100
563100
613500
604900
580400
592700
575200
617300
600700
601600
507100
570900
582600
585300
686800
535400
591200
581900
576400
582800
661000
643800
706600
607400
626300
594800
596600
597100
597600
593800
575700
617900
660000
624400
602800
513300
602100
585700
456900
480200
606300
583200
583600
593200
576000
412400
314800
508700
399300
651800
697700
595000
622100
612400
630800
651000
429100
485600
429700
396400
690900
620600
690100
589200
660700
634300
658300
586000
579300
659200
407900
392400
389300
405800
372500
378700
615700
718500
531400
551300
593700
629000
712000
616300
583400
577900
550400
631000
567100
575600
585100
591500
592300
584500
624300
594700
486400
621600
647600
589300
582800
595600
584100
656800
421200
330400
403100
541800
470300
611200
443200
446500
390400
440100
383400
393700
542600
637600
417500
371600
435400
331800
406000
439100
399000
396300
407600
418800
404900
612600
637400
662400
584700
601300
588100
526700
394600
430100
390200
391700
337000
406900
404400
598200
607100
590400
592800
583000
659500
601700
583500
601100
396400
387800
397800
603100
446000
644800
592900
560400
666200
620400
623500
636600
598800
640300
583500
596200
611400
620500
646700
565000
588000
462000
436300
609600
633500
577300
579200
567800
566300
452300
388000
388700
400100
589100
568500
710400
671500
607100
436900
399500
386500
397500
457100
391200
399200
398000
354900
388900
352500
581000
382600
370400
364300
343300
360300
390600
309700
533800
281600
346900
356600
370000
363000
635000
615700
624500
441000
402400
419200
421500
401500
324300
429500
343700
661900
585300
566700
388000
369700
378700
373100
367500
372300
395800
542500
364100
369000
365500
396300
316300
388800
548300
627900
624100
570500
572200
623100
585800
711700
574500
596200
579300
599500
619100
553400
577400
572600
639800
589000
572600
559600
605900
463700
579000
615200
481000
570600
604400
605600
596000
632600
631100
713800
619400
624900
600000
623800
651000
607100
674300
579300
585500
604800
521000
604500
597800
577500
579700
608500
551800
782500
595100
586600
591600
573300
388000
395200
377600
370900
384900
367800
375700
541100
579300
586800
588300
606000
575400
611100
618500
604500
468000
593200
628700
577100
575100
638000
601100
711800
617300
722100
657500
489700
608100
591500
588100
501800
622900
595500
613300
602100
604100
575100
568900
569700
591000
598300
615000
570500
581100
579400
572500
584500
608000
565400
683800
461000
573400
613600
570600
552300
566200
572600
561500
517400
566100
640000
541100
581000
582600
562100
586200
578400
585400
462300
552900
538900
713400
589100
584800
666900
707200
585600
586800
611300
586900
580000
562300
586100
578200
587100
570200
595900
585000
585000
754900
579100
580200
479300
538800
564500
587800
576600
578700
586200
590700
603100
614800
610100
597600
608200
580600
629500
559400
606900
593800
724400
599300
627800
626200
640700
698200
569900
586800
447400
555000
577200
696200
644100
630500
719000
574700
595400
710300
643000
501300
584600
605400
655000
589700
591000
575900
590100
589000
619700
599100
580800
612200
601000
641200
604100
606300
639700
636400
593600
592800
587400
606900
605600
628400
619000
590300
586300
468800
586200
584800
570700
623800
619300
603000
406000
376000
377200
379500
357200
420700
404700
602500
644400
765200
20804200
663600
755700
742400
617500
601700
700300
626800
649000
607000
579300
606500
615300
612400
610000
601400
636700
601400
482900
575900
620700
602200
605100
608200
605900
594100
570000
596700
573200
579800
586800
581200
652900
547200
558900
572600
563800
949200
608900
615100
482000
640600
588000
605700
595200
400900
397300
395800
382400
422900
408900
505300
615700
607100
630900
562200
572500
630200
624000
601900
611200
696300
563200
558500
551100
649000
589500
570100
621000
564100
580700
595900
627100
597800
566700
546500
552900
583500
577700
555600
588200
528200
598500
628700
615200
576000
558200
533300
694500
597500
603800
751800
602600
596600
588700
591800
641500
702000
581200
588500
578800
559900
599000
577900
625900
699200
706400
634800
624900
599500
744500
590400
594000
634500
642500
643100
581200
604500
662400
606300
788400
532200
665500
613100
564200
577500
593700
494200
609000
606600
614100
620900
523700
551100
589700
635200
828500
591900
577100
645000
583400
627700
578400
528300
619100
584200
475200
708400
599700
530900
602800
626900
841800
611000
542900
596000
581900
590000
589100
628100
664100
573300
564700
588200
604200
497700
586000
626300
783700
585300
589600
468000
570200
761300
591500
586700
464500
571400
552800
581700
615300
588800
591900
635000
583800
596600
591600
573800
569600
597300
376400
375200
374400
378300
367600
410000
387400
471000
345000
377100
373100
376100
385900
371900
374800
373600
346200
366200
368200
343600
603800
374500
468600
406100
356900
401600
351900
545600
390600
369700
387800
764300
585200
633700
389000
373000
466100
317000
382200
370000
385200
412000
397900
385300
418700
336300
367600
375300
388600
381700
374700
623900
441100
412800
416800
396100
398900
336700
601600
388000
394000
377600
374900
367800
373900
525300
346900
363700
374300
377100
361400
355500
587100
559600
538800
595300
573400
813400
338800
382600
328200
355100
415100
369500
355400
369400
357000
374300
375100
404000
350500
367300
590900
599100
448000
616000
567300
618400
579500
590400
590500
552700
588900
569200
569100
586600
415100
379400
380200
383000
521100
384500
599900
389100
382800
1097800
628100
604800
643800
416500
389000
407100
386200
377100
467400
407000
392700
383500
449800
385200
395900
648200
387100
403400
371900
423100
403000
382500
913200
363100
402900
279600
393400
384400
376500
672200
545800
396400
441400
385300
367900
368100
645800
599600
591700
562400
621200
579600
392200
407700
454700
411700
384100
425500
368400
466300
624500
584500
366300
377800
371300
582800
642600
473900
394900
608300
622200
387300
389100
411800
661400
446900
373700
384400
394100
734000
617100
421300
343000
364300
380900
383400
401800
401400
396700
425100
343300
428600
378600
413300
583400
411600
373000
402200
397200
393800
422500
391000
419300
396200
410000
457800
386600
393200
357400
378500
410600
431200
363900
405200
365900
340900
430200
426600
423700
399700
433300
470400
651600
684700
476000
432800
693000
461900
742000
628900
679600
436800
391200
428300
508700
689700
602500
636300
439000
396100
399000
368700
428700
358900
388600
352500
370300
439500
373300
369100
328400
378600
385300
390700
407600
613400
537600
547800
584900
583400
735800
570800
558900
450900
586700
581600
601700
602000
672900
579000
578800
637000
656000
890200
985700
786000
653000
613700
602500
586200
590400
636200
577500
608200
602800
664700
684800
536900
591600
463600
619000
923900
586000
622100
726800
738600
612400
602000
589800
605100
592900
610500
689200
682600
615700
570200
594600
612200
607900
581600
580000
689800
662400
604800
588500
586300
607700
597800
568000
595800
604600
594800
707000
603700
629300
616100
571900
595600
607500
601500
1067500
599100
682000
648700
585100
585400
625700
697600
586900
654500
589800
611600
622000
610500
584500
621700
557600
561800
587200
798900
660200
605100
618300
627400
559400
593800
709400
692500
743900
723300
653600
625100
618300
623400
692400
525000
485500
623200
660400
808500
606300
623500
618200
619400
719700
605300
581400
686000
585300
707100
657000
588800
655200
622700
614000
613200
598000
670600
596600
485800
628900
613600
675200
728200
598400
616000
594900
646300
589700
718900
613800
625800
609300
589100
655600
596600
609400
412900
410800
332400
359900
552500
595500
612400
639400
606000
607400
405000
420800
469900
388100
393400
399900
365100
580100
649200
606200
591000
574400
709200
427900
584600
624000
632700
534000
393500
624700
628600
607300
586100
673800
614100
621800
632200
599200
734900
736600
594700
734800
574500
778200
721600
601100
722200
651800
755600
626100
598900
598500
612000
726500
581900
582400
629700
593700
601200
607000
588200
621900
591100
601300
583100
608800
462300
707300
598000
869100
609300
567800
580200
563000
619300
606100
649100
569300
578100
706400
584200
599800
685300
589000
455000
417800
682800
615900
379200
388900
427500
324000
393900
450600
680300
638300
604800
619400
678000
647500
604200
592200
386500
377600
383300
361400
432900
370200
369800
442700
372400
390400
317400
492900
579700
594400
574700
274500
383100
299700
507200
390000
348200
804600
396500
373500
379100
636100
586300
488600
610000
584500
629300
622400
639900
841200
587400
618100
580800
682400
427700
458700
274500
487700
568200
390600
641900
724900
599800
606500
621200
586400
619400
645200
622200
598100
594800
627500
642800
497700
421200
602400
432100
649900
596200
614100
484400
581400
725900
609400
618000
592500
579500
657700
422200
380200
383900
374700
375600
393700
375400
582900
602700
585200
591600
581900
718500
607600
595700
620800
604000
331200
590600
634100
592200
614300
609600
449800
380500
592800
625800
626400
823500
453100
613800
691900
595400
604500
651800
609700
634500
628700
690900
627800
446800
434600
480800
711000
588400
626400
584000
728900
603100
599800
609900
618800
617100
420300
633700
622600
593000
625900
640000
580500
596000
610200
606800
627900
574800
727100
588700
603100
589400
610000
620200
593700
574200
749100
796200
511900
405400
394700
383700
407900
676700
598000
666300
598900
704100
604000
593500
597800
610400
528100
578800
589300
582400
568600
573200
775400
586900
576400
572600
592800
592700
579300
574400
609300
585900
566300
584200
577300
582800
454900
578800
580400
572600
533700
579100
597500
647000
546800
589200
549400
578000
575100
660200
619700
577000
582500
601400
713500
592400
575900
731300
594700
632500
609100
560700
577600
628200
581300
599100
591800
591300
591800
463600
602600
699800
617500
644800
716500
594900
619900
584000
657900
741500
644100
584900
603000
584600
610900
651800
565800
650700
712300
607300
611600
664000
635300
626400
588500
715500
453500
614900
878100
610400
722100
573000
622000
706300
640800
596200
690600
580900
632100
565600
593800
590000
592800
623400
644200
619300
624700
680000
599800
578900
598900
616000
825600
597600
598400
649200
580500
587800
629900
590200
594700
635100
617300
640300
623300
594400
601500
648100
893600
595300
597600
651500
618400
745400
718100
611600
617800
637800
677700
614900
612600
577600
574200
603200
590400
607800
578800
585400
595000
412000
369200
379500
369100
393300
383600
387700
574100
595800
617400
611200
587500
372200
401800
305200
381200
373300
385600
315100
564300
549100
580100
609900
653300
519000
381900
442300
373200
390800
390600
369000
382000
377900
353400
334800
395000
374400
711100
587700
596900
655400
665700
591800
667500
702300
572900
611600
599700
622200
688600
647300
416800
617600
652700
699900
403000
531200
664700
468200
400900
401500
361900
430400
395600
463900
348200
604600
626100
440600
428400
420600
401700
402700
373900
515900
369700
598800
455200
599100
579900
595100
653600
642900
631300
644500
645400
623600
482700
403700
407700
399400
442100
398100
520500
421500
408900
409000
404700
417200
407000
787600
438800
407100
404300
393000
719600
635200
615200
621600
611800
623600
531400
400400
411800
371200
408800
385300
415700
313800
604700
598200
600100
672100
585000
436700
384500
460500
395500
431100
386600
387700
375400
606900
608600
592000
580700
579100
600100
329500
386400
379500
396400
409400
375200
476000
380700
396800
373600
391300
375100
406900
396000
439400
384200
372600
371700
374400
378800
373500
666700
372500
431400
439700
642800
593500
601800
615900
648400
589900
614600
586100
428300
432100
401700
391600
430600
637700
393500
390500
378600
370000
380200
373200
382500
311900
361100
370000
378700
368100
592300
601700
610600
446400
380900
395900
375400
394400
625800
600300
877400
632900
470400
476100
342600
369300
351200
368900
379600
619300
381300
386200
377200
365300
353900
390600
415200
431400
586000
711900
635300
673300
638900
629000
319600
596500
617700
638800
667300
575100
555200
632300
618800
601800
598600
458300
364000
404500
567500
634200
527400
357600
382900
574500
441400
389400
372900
367300
309300
624500
554400
591700
583000
413000
366200
601700
584200
613200
584900
597600
598200
365400
393800
435600
373100
459000
585900
726300
400000
400700
671800
634600
624000
626400
406600
312500
413500
389800
380700
366500
571700
492100
565900
375800
330800
379300
577700
610400
644100
586000
658800
654800
587400
573400
628600
627100
616300
386100
379900
441300
623800
619800
581200
595000
617500
819900
598400
581900
396400
396200
398600
358300
627200
591600
597100
594100
607100
439800
385400
413800
381300
378000
360500
360200
356100
522200
586700
589900
648500
592800
554900
601500
595500
576800
591900
498800
591000
667300
575400
594500
551300
611300
604100
627200
588500
624700
589900
594900
586200
483700
583200
405600
456100
403800
433400
403800
589900
666500
597700
588200
585400
605500
635000
602600
636000
839000
495300
608400
620300
632200
647500
627800
613100
611600
684300
510200
631100
609800
605600
586300
601400
601900
658500
574400
414200
404800
487800
392600
390800
616100
608400
578800
610300
592700
622300
590400
651400
583000
590500
579400
594000
686600
588000
581500
599700
579100
538800
619500
600300
594600
579000
582500
471100
589600
560500
607500
592300
570400
601400
581100
576900
640100
596500
542400
624700
624400
666100
656800
702800
609100
646300
403200
404100
411900
399000
426000
389000
360600
374100
430700
410600
385100
379300
350600
631600
593700
557300
648700
582500
643100
602500
581800
559700
658400
618500
608100
655900
617100
591900
586900
573400
586600
647100
589400
364200
391900
380600
368800
394700
621200
605800
633700
611500
592800
600700
621100
806700
641400
661300
652000
637700
558000
614900
407300
380800
675600
595900
638600
392400
400400
378100
374900
385400
333300
402400
400800
380800
384900
394800
381300
393900
380800
725400
371700
406000
393700
356600
366900
400500
393900
412600
387100
417400
403600
386100
383500
380300
404200
605100
591500
611300
621300
562000
422400
386000
444900
409000
320700
349700
383300
579000
634700
603100
586500
656700
410100
414200
690300
760700
626600
589100
616400
618800
615100
357600
599000
585700
610000
621100
422200
366000
394000
619000
602000
625800
602800
593100
643900
601900
601200
604200
639200
638000
625000
617300
750700
605600
613700
576400
555700
571200
585000
574500
686300
575600
710500
610100
591200
589200
583200
597700
611000
576200
604900
614400
717100
691600
695000
616300
593100
626200
566000
598900
786800
831400
670300
612100
629900
632200
676300
780400
699900
584800
647700
866000
592400
587000
578700
587300
571000
632100
785600
586400
467500
585600
579600
597700
633900
643500
636500
738300
474900
584900
598400
581700
601100
605800
688200
616000
623000
612700
661800
523600
616600
710800
668000
527100
679500
575400
633800
621100
623800
669200
625700
643100
630700
666700
631400
618300
624500
594500
616600
592500
648100
640300
587400
594100
737300
589900
613800
646300
618900
580100
631200
502200
604100
690900
649500
621600
582400
585400
664100
721600
611600
649900
600000
729800
666500
613700
715900
467600
646900
726800
759200
477100
608900
620300
657200
678100
633600
627700
654600
715300
647500
651800
625800
619900
668400
570700
636500
589900
688400
585100
615000
575600
610600
592800
635300
594500
660300
619700
602600
626900
604500
606400
575000
584800
590400
662300
565700
600600
602900
704500
428200
375300
421000
460400
643000
653600
609800
603800
592000
632600
577200
597000
608300
381600
374500
380400
354300
601600
589200
614900
568600
612200
599900
608100
600800
730100
586700
555800
589400
575400
579700
560600
741900
565100
606100
437800
384800
413700
567400
877600
530800
384000
375600
374600
389700
367100
373500
376800
378300
558000
587600
627500
628200
470000
730400
599900
451800
401800
704800
607500
605100
608500
384100
309100
467300
384900
638800
494900
463100
423500
376700
596900
641200
667700
592900
615200
405400
410000
580400
425100
313600
397400
397400
421800
705600
596600
595200
679700
890100
695300
748600
704900
616200
611700
423400
418500
395100
396000
416500
437000
389200
409600
389400
418500
407400
409700
413600
425700
444600
414200
451900
422900
420700
514900
413200
395700
418300
444700
435500
422900
407400
585200
411300
414600
422100
393900
433500
380400
387500
478100
450400
455900
389200
382100
386200
417500
472500
613500
467500
590800
414000
615100
702600
397800
410700
404100
434000
387100
459900
640300
635200
632800
594300
625700
677500
384200
411000
367600
384000
384000
403500
394800
652600
618400
501600
391900
409500
451200
374500
440100
415400
403400
378800
418400
399200
378800
397200
394300
404500
369900
602600
713000
501400
402400
400200
386700
447500
402400
417900
408800
404900
417900
396600
372000
605400
450500
405200
356900
393400
396500
390500
592900
429500
390400
374700
381400
307500
378500
412800
520100
436400
341200
319800
366500
357100
586300
637200
593700
605900
599700
586000
406700
659600
647500
426500
607700
672000
576300
393700
434800
306400
383500
606200
362300
638100
559600
402300
399800
388000
630400
687100
572000
396300
398700
379800
578000
814000
319400
406100
398100
387200
384100
368500
383800
633300
399500
407000
388800
422200
396000
426500
451600
406600
412800
391300
386200
652800
621700
633000
641900
517500
619900
661500
613900
538700
386900
384800
400700
343600
393100
417200
390500
401800
388500
403500
399100
606900
408800
415900
380200
375400
570000
613900
401400
301300
470500
609200
439100
654400
393900
389100
403400
391000
377000
625500
402700
446000
400800
417900
366400
334600
421100
418100
386000
426800
394300
378700
373000
573400
495800
382700
379400
385200
349300
373100
577900
611400
671300
676700
558800
428500
439500
600100
630900
595400
656100
609600
563600
604000
616700
583500
534400
539600
621700
629400
599600
591100
392200
632600
401000
400500
443600
527600
675900
648400
585700
399700
365600
290800
485100
646800
588600
635300
609700
592500
625400
620100
641300
697300
501100
617300
499300
383300
444900
388100
397800
465000
480400
597900
646200
492100
375000
582600
395700
427100
391700
372300
375800
372500
376600
399900
424700
592400
389700
355100
377300
373300
407500
429400
381900
388000
351300
406300
389000
613800
624500
645800
598400
582100
661200
430800
415400
423300
414600
416500
636600
656700
622400
630900
590700
612100
616500
654000
666500
593500
602200
600000
389200
384500
313800
397600
597100
392300
360400
375600
372300
386600
368600
374400
377100
406300
598800
603500
604700
582200
395100
1296400
544900
396900
401900
399800
466500
804300
415600
633600
384200
385500
650300
592900
636300
563400
639900
565100
589600
386200
388000
385200
375100
383800
362200
373100
394100
346500
459300
374000
353300
367800
655900
602900
495500
641100
404600
421800
562200
538400
318000
422000
420100
387400
597700
396700
637700
583500
590600
594900
320500
450000
476400
763500
714500
435400
737000
464200
436400
484000
500500
929200
698400
426900
409200
456300
330300
398600
399400
610100
608200
622300
594600
404300
642400
612600
694000
584000
658500
599000
599800
617600
615100
634500
616300
412800
414200
448400
387300
365400
425100
640000
426500
420800
399700
402800
390000
392000
390200
618300
475400
624500
716400
671100
619400
674800
656100
612900
612900
492200
627200
620900
599700
623700
630000
651200
590300
602200
416300
608200
467100
590600
396500
352800
611700
497700
580700
596500
614400
737100
589500
533100
393400
387900
410800
605900
380400
441700
665200
600600
420400
395500
626900
701000
617400
648900
580400
617200
682900
391400
344200
385500
379100
366600
431000
834600
620200
508800
695900
680600
694000
579000
596200
580100
591900
443100
681500
663800
387300
385500
392700
401300
389400
673600
638800
619000
589000
615600
682700
574700
574900
559700
692300
706600
737100
630100
600200
767300
628900
584000
388700
396500
437400
584700
394400
674600
599300
598500
568800
384600
616800
580500
585700
613600
403400
393600
639400
650500
639800
615500
540600
611800
545000
411200
391600
368200
383200
394100
606700
641200
584600
586800
694200
701400
396800
431300
407700
362600
405400
244000
619400
651000
593600
574100
622700
619900
581700
378700
385900
377400
556500
376200
630100
615200
619400
588700
611600
477700
569500
636600
475700
629300
455600
592500
647200
582600
598300
603700
627500
582200
629100
690700
571700
683900
387300
395800
398300
398600
394700
702400
578800
390500
405300
590200
386600
406100
465400
453600
389100
642600
389000
391500
399400
616500
385100
405600
445500
353300
377200
551200
704000
494300
408500
388500
388600
465800
381300
397400
377200
344300
372800
392100
351400
434100
385200
400000
389300
367200
377000
366300
408800
380400
390100
408000
387400
379500
386100
371100
377500
377800
378000
377800
392000
350000
390100
464800
405400
374200
389100
392900
378100
380600
774300
760100
623100
432200
427700
348900
422600
396200
398700
372800
423100
387800
403000
792800
637700
646400
398200
394600
371300
373800
377100
408000
372600
388400
366000
365100
379800
395400
368600
367300
372900
379400
399400
359300
354500
378800
373400
369000
398300
349200
384800
361600
447500
354300
349900
396100
392400
392600
372100
382200
582100
364900
350500
360200
380300
370800
718000
392600
409800
380100
407600
381200
377000
381700
409400
379700
356800
398600
381200
373600
431500
346400
367200
406700
383800
354800
379700
375100
657100
661000
730400
616700
737700
408500
382500
617800
425200
383000
419100
429400
390100
377500
396300
410000
400900
393000
381300
407700
513400
573200
443000
375700
400100
360900
379000
373600
378500
398900
217600
373200
354100
396300
379600
392300
344600
372800
380400
373500
331700
375800
393200
522200
547700
377800
372000
387000
396400
392500
360200
377900
398200
384900
386600
390200
558700
572500
364000
440200
356600
375300
365800
504000
407300
399500
335700
672700
713900
407600
436200
413900
395100
449400
395400
390400
398500
387600
414300
387300
416000
381600
413200
395500
399600
487700
401700
441000
395700
430000
392800
378700
420700
394900
400800
313000
375500
386400
388900
373000
616800
620800
595200
394400
393900
401200
389100
361700
411500
405000
374800
389100
392300
409500
400000
381200
373700
388900
397100
382600
414900
403500
387700
384900
383100
335100
385800
680700
603900
630400
646500
672200
393400
415600
557000
583200
606400
586100
547300
487800
371800
382800
384300
500200
402800
355100
416100
379000
376200
360400
335800
376000
394000
647700
380900
365200
377800
385900
377200
347200
366700
416600
387100
388600
414600
651600
629500
641600
607400
608300
639200
625000
601500
408800
644400
528400
374900
382500
441200
593000
635800
625700
566700
604100
638200
401800
778400
641200
664600
591000
604500
802800
403200
374500
351600
375000
367400
598800
744700
619400
621900
592300
472300
461700
594600
506800
381300
391400
390300
528200
412700
406100
436300
409400
402700
423900
418200
617600
507900
424400
395100
458900
410900
650700
425400
391000
412600
410800
419300
501800
379400
376400
377000
392300
359000
459800
644000
483300
528600
432000
443200
598900
456900
401800
433300
727300
387600
545300
498300
590500
583400
583300
581300
423300
564900
403100
430200
419000
366800
755600
421900
616700
528400
599400
399400
654000
378800
423800
405900
379100
404100
312800
555200
400100
584100
608300
601900
567700
440700
378100
435200
442700
405200
318500
402000
593600
468800
372200
400500
526900
406100
393700
623700
404500
391000
415600
587000
597400
509200
396000
396600
465400
610500
598600
747100
740500
433800
575300
357700
376700
369000
383300
402300
425600
393700
355900
373800
390200
440100
410300
332500
643800
629100
392400
662400
632000
603500
478600
597800
633100
476200
389300
308800
388300
396700
375500
370900
493900
365700
375200
385200
384400
372700
375000
558400
366800
388400
428800
386800
402800
394200
565600
366500
409900
373100
373100
394800
402600
596100
682500
721400
540400
414100
386200
409600
353000
445300
745400
590000
592300
651700
587000
601700
572900
606000
576100
571100
591600
575100
598600
562600
644400
423100
373100
376700
377800
404200
392800
390200
384600
409100
371900
419900
356400
395300
377500
394600
374600
379400
396500
379800
396200
394000
378600
314100
393100
366600
417300
383600
378800
544800
425800
371800
298700
328800
379900
375900
322400
655000
624900
615900
772200
641200
577500
478300
398900
388700
387900
402100
394300
459300
517500
397700
391300
362100
415500
376300
371800
386000
380500
359600
382800
577900
420700
387600
549500
581400
381600
371300
377300
381000
366600
394000
401400
396600
382200
369700
346000
364500
374600
338400
376500
375100
377000
351200
361900
380000
379900
388800
452700
586800
374400
355000
363900
371600
362800
367100
367000
346000
373900
396200
598600
385200
383500
394900
674200
707600
603200
597300
596600
611900
570900
578900
402400
373400
369300
385500
357000
345600
375700
322400
466500
590000
577700
579700
578300
448700
548600
596500
320600
366100
359700
364200
362700
377100
367300
372100
380300
370100
360400
357500
386400
374600
370300
391600
366600
348900
370800
397000
346200
371300
381000
349700
353200
339600
342200
580200
578200
578600
595400
576700
561200
583800
459300
691100
540200
449800
411900
390500
545000
381300
378000
382100
393700
384400
377600
369100
576300
632100
581900
580500
464000
325800
545800
593600
578600
604900
571400
576800
385500
384600
372100
379300
382600
373900
330100
395300
625800
583900
617300
492700
597600
403400
629600
570100
604900
637200
747900
783100
606700
620900
595600
752500
622400
458000
597700
618800
477100
615600
676900
646700
603000
617600
597600
593300
727800
596000
405400
644000
1140800
796600
500000
390200
393300
482900
615100
522700
388800
384200
373700
631900
645000
685100
593200
585600
658400
404300
392700
412700
424800
392800
380800
586200
667800
625800
607400
570800
652800
511200
629200
548900
388400
432500
474400
463700
389100
324000
428300
395300
377500
404000
597000
543600
584900
577300
686300
608900
444100
425200
397100
454900
621200
528000
393300
574600
606400
445200
387900
370600
382800
410800
567100
385000
410000
361600
390800
366000
444900
418500
385000
390000
408200
375900
383900
322100
393700
410800
402900
387200
395000
385000
407600
469400
394300
408700
404100
328200
380500
385200
410600
372800
388100
371600
439700
393300
393400
390300
309200
406400
427600
389600
389900
393900
428800
534100
385700
426400
553200
605800
641600
598600
582900
312000
691800
602400
623700
718800
380000
455600
392600
374300
604600
651200
640300
599700
414400
448100
396000
519200
379500
391300
395400
383300
367100
273800
576700
372400
369400
381000
374100
370100
441500
372700
389500
382500
370400
393300
402800
379800
383400
376700
623800
571900
375100
372400
379800
387800
359200
369700
364000
383200
343600
371600
333400
396500
373700
309800
375300
383000
380600
363000
347200
394300
377000
386100
358500
708600
451400
597900
627400
626700
845900
396100
401900
399100
406200
361900
386600
400000
569500
588100
560900
375300
404300
392800
388000
394200
363800
383100
374200
371500
382600
374200
383700
379100
379800
376900
389100
396700
385000
394500
366800
383000
400200
422700
383200
375700
375600
381200
375400
383400
359600
413900
376300
348900
377100
324000
363700
291000
521400
476200
412500
371200
371900
341800
369200
370600
390900
375500
361900
374800
379300
236400
467400
705700
405200
525800
424000
386300
594700
569100
398500
400600
394900
400200
410000
379900
376000
383400
361300
403000
382700
294200
306400
374400
424600
574100
599000
589000
413700
566600
516400
556000
586200
599100
592900
599800
631800
648600
407100
383100
390600
397100
391200
380900
377100
392300
403500
392200
368500
512900
378600
381400
343700
379400
386300
363800
372500
361000
388600
361900
370200
413200
346700
616900
645600
604700
846200
470900
413600
400400
694000
445700
381200
389800
391700
384400
522900
401400
404900
424100
382900
393800
419100
400400
432100
404500
421600
407400
403300
402300
688400
673600
631500
613900
605800
572800
799500
601600
600600
606700
608200
623800
568300
614300
585200
568400
596100
482800
577000
597600
621900
617400
757800
664600
633100
417200
345700
369300
362900
397200
407300
414800
390300
373000
398200
306100
423500
401600
390700
382000
420600
366000
418200
365600
374000
446300
379100
375400
379900
379300
367100
383200
406600
431200
396600
260900
420300
422500
362600
615100
622400
632100
533200
632000
599300
421300
337100
433200
426400
449200
388700
659600
587600
602200
568000
471200
616200
389400
384400
394100
430200
412000
376800
639700
584200
589200
402000
403900
374800
383300
538500
474900
604300
396900
401500
376200
660100
761700
493000
380100
418600
360600
437800
439800
585400
609200
614800
599800
660200
363200
433600
475600
739000
678900
645600
622600
599000
613300
614500
602500
629000
597100
638600
650600
401300
389700
388000
406700
330800
354300
393100
618400
680100
383100
414300
385100
389300
382700
442500
436100
563800
573900
598100
596300
374300
356600
601800
620800
510400
384900
418900
394600
381100
390600
459200
357500
390300
461100
386700
417600
364700
367000
323400
318900
400700
605800
611000
392300
426400
739400
390100
681600
672900
681200
627400
628800
636300
434500
409200
407700
405900
364200
631400
720000
593300
635000
599500
611200
426400
631800
399700
405200
404200
456900
579600
593500
591800
675600
599800
599500
393100
386100
404600
386100
407900
373000
566200
675300
618800
596600
582100
593600
627600
568100
569900
572600
559700
696500
605000
609600
415900
465400
549600
591000
618900
410400
389500
395900
390400
383800
403900
391000
379500
377000
369900
389300
392300
372200
507200
357400
602400
600000
393000
388800
433300
391400
474100
322100
386000
350200
530300
626300
588700
565600
584900
370000
455700
394400
429600
371800
368800
358000
381600
424200
374600
301600
392800
375200
312300
308000
398900
436200
373500
381500
385100
363300
395900
308700
626300
614000
609600
817100
704500
612000
387000
392700
369700
402900
379500
372600
388900
407700
376000
417100
396900
378500
437200
365700
350500
362900
377500
376100
