1211600
1008400
997200
986600
991200
984600
992500
993400
1099900
1068800
1005200
985900
1009200
1169100
1315800
1167700
989600
1106100
995600
998700
999500
1056000
1005900
1233400
1056600
1021800
1003800
1076100
1015700
1260700
1260400
1064700
998000
1003300
1044000
1015600
1006900
1004500
1032800
1004500
1146200
1030000
1002300
992500
1111400
1207700
1367700
994300
988600
996000
1008500
1002300
1012900
1042500
993900
1030700
1142800
987900
991100
994700
1304500
1530200
1035400
1001500
994400
994900
1000900
1048900
1068000
1013800
1172900
1131200
989300
990200
995700
1070000
1231100
1506700
1005500
993800
1133100
1001400
1030600
1433500
1066200
1071500
1034400
1028600
1043000
1045200
1040600
1040800
1026900
1201600
991600
1011800
1041600
1007100
1154800
1184600
1010000
987100
986100
989400
1006600
1005000
999900
1006200
1051900
1020500
1025900
1011100
1051400
1020000
1090100
1277400
1134900
1029200
1031000
1031400
1030700
1022600
1021200
1047400
1057400
1058600
992700
979400
969400
1011800
1240400
1046200
997400
988100
990600
1008300
1002100
1009600
1007500
1012100
1042800
1014300
1016500
1011600
1014200
1007800
1097400
1187300
1017300
1007300
1007800
1028800
1013800
1014000
1023200
1018400
1019800
1017100
1033200
1001500
1003200
1002800
1047900
1102600
1041400
1088100
1092400
1057200
1008000
983500
970800
1012400
989600
1064400
1188700
1005000
1122600
997800
1236100
1365100
1022100
984100
1009100
1006100
1013200
1011600
1012600
1001000
1011400
1004800
1021700
999500
1009200
1006500
1206700
1154800
1058600
1017700
984900
1086200
994700
995800
1004400
997800
1005200
1001800
1156900
1008500
990900
1015800
1253500
1120500
1148000
1006100
985300
980200
993800
1008600
1013600
1005700
1013800
1003900
1008400
1013100
1013200
1008900
1135100
1094800
1026800
1017300
981600
1162700
987300
1015100
1006300
1023100
1014000
1009600
1004400
1015700
1003600
1013100
1424900
1109700
1027100
1009700
1025200
1014800
1008300
1006100
1019400
1010700
1020900
1008500
1003500
1021800
1009100
1040200
1338800
1005500
1257300
1028000
1026200
978100
992600
993900
992700
996300
1011200
1047900
1059000
1148000
1122300
986300
1469400
1204600
1056000
1018200
1016600
1006100
1010200
1013300
1006200
1015000
1053800
1029200
1075000
989200
992000
1171400
1056700
1004400
1081900
1036400
1023600
1171000
1035100
1034400
997700
1007900
998800
996000
1179900
995400
1042400
1128600
1071800
1083600
1081300
1005600
998200
1003300
992700
1000600
993700
1011900
1171200
1138300
1001000
1002500
995800
1292200
1082000
1020100
986100
993200
1029200
1001000
1000400
1010300
1011700
1006600
1026300
1008900
1053800
1011700
1045100
1365800
1061500
1165900
1107200
1040300
1015100
1029300
1043300
1105600
1042200
1253900
1011400
1113600
987700
993700
1253400
1134200
1060700
983400
985300
1002200
1014000
1003800
1019900
1004500
1020300
1013900
1017700
1040000
1013300
1021300
1057600
1167400
1008600
977100
987700
1000300
993500
999400
1004200
995200
1006800
1102800
1007000
1003300
1036300
1005700
1011500
1065500
1007700
1004800
1018400
1011900
998600
1004700
1010700
1004800
1006100
1028600
1012500
1013500
1045100
1007500
1011300
1076400
1027400
1040700
980200
1000200
997900
1014600
996300
990600
985100
1000300
1002700
995100
994900
987600
991000
1147500
998100
984000
991100
985200
1002700
1002000
1001800
1012200
1003900
1010100
1014600
1030400
1011400
1000800
1079900
1010500
1066400
973600
988200
990300
994300
996800
1000400
1004100
997900
1061400
997100
1014400
990900
995900
1285700
1004500
1244400
1017000
985900
1004200
986100
998800
1001100
1000100
1002200
1001900
1012000
1005400
1091100
1017900
990200
988800
1226000
1099600
997600
994000
1000400
1007100
1007700
999300
1000400
1005100
1010300
1004800
1011300
994800
999400
1006700
1054400
1176800
984500
977700
984000
1112200
1143500
1006500
999000
988100
997000
991200
986400
994700
985400
1058700
1014400
1116000
993100
1050800
987600
1000200
998200
998300
1000000
996000
993300
997700
1007000
995000
993000
1093900
999200
990800
985500
1005500
990700
992700
988000
1056100
995500
989200
997500
1005900
997700
991000
1098700
1084800
1008600
1007900
997400
1000300
996200
1003500
1040200
992500
986000
978500
993100
998100
1015400
1001000
1152600
1033900
1012600
1010100
999800
1003400
1001900
1012700
1004900
1002500
1010100
1009700
1011800
1009100
1017100
1038700
1421900
1007900
1004500
1005300
1041300
1248600
1140100
1027900
1003000
1013700
999800
1103100
1268700
1371000
1168400
993200
1007400
991200
1115100
1103100
1057600
1045100
1015400
1272000
1129100
1222400
1032100
1015300
1001600
1009200
1005700
1019000
1005200
1011600
1017800
1101400
1134500
1053800
1014000
996800
1007600
1009100
999000
1022400
1017900
997600
1011200
995500
1008600
1015500
1005800
1211300
1021200
1007600
1009600
1003200
992300
1073200
1013000
1003700
996300
1006300
1000400
1009300
997100
992500
1039600
1203300
1021300
999000
987200
988700
986800
997100
996000
985200
1073100
1001900
1008500
999700
998100
986800
1016000
1023500
1245800
1001700
994000
1003300
992500
992700
989500
998000
999300
990300
1007000
986700
1051000
988800
991000
1118800
1026100
1005900
983600
1007000
1001500
1010400
1006800
999500
1019500
996400
1003500
1017100
1016100
1001200
1077900
1041000
1033800
979200
986100
993700
993100
1014000
991500
988500
987800
999100
1000200
1006400
991500
1004200
1122800
1147200
1019200
1054000
1022700
1051200
998100
992800
1006900
1001000
997000
994300
996500
1004100
989000
992200
1035300
1001600
989900
1029400
1061000
998800
998400
1015500
1033200
1008100
984300
982900
997500
999800
1010200
1012400
1003300
1014700
1005500
1000900
1280600
1068000
1012000
1020000
1109300
1137600
981600
998600
1070500
1044800
997600
1061100
1108900
1003100
1028800
1245300
1128700
1062700
1103800
1133000
1009000
1023400
993200
1014800
1006400
1003100
1076200
1188700
1074600
1006100
1031700
1319800
1088100
1058500
1111400
1021200
1015300
1003900
994200
1052100
1117400
1067900
1095600
1013600
1038100
1129500
1405200
1163300
1091300
1032500
1054000
1082700
1070900
1002400
993100
1065800
1184200
1021900
1079600
1078100
1103300
1086300
1229000
1216200
1232200
1080000
1054000
1050500
1054700
978200
1032300
1102200
1096800
1080400
1075200
1090100
1081900
1398500
1105700
1088800
1096700
1096600
1099000
1021400
1004000
1054400
1010700
1006400
1008000
1013000
1007100
1005000
1004200
1146900
1065200
1042900
1046600
1043500
1036500
1032300
1059400
1058000
1056300
1069100
1034200
1057500
1515300
1212000
1173200
1099400
1078300
1129200
1116700
2629900
1117600
1738600
1108000
1092200
1161700
1124800
1293200
1325800
1251800
1255100
1236800
1223400
1236600
1219900
1789600
1205400
1186100
1199700
1312900
1272300
1215900
1203500
1199600
1208200
1194600
1182200
1177700
1159600
1133800
1132100
1127600
1123800
1102200
1129700
1126400
1115200
1106900
1055000
1034800
1077600
1047200
1040200
1044900
1016400
1019300
1015000
1070200
1059500
1009500
1087800
1090200
1103200
1073200
1011000
1110800
1031700
1009300
1000900
1016000
1011200
1006000
1016700
1070900
1019900
1005000
1154800
1234900
1127700
1070000
1075000
1033000
1026300
995700
1012800
1022900
1038700
1038900
1097700
1002200
1010800
1045700
1077000
1168800
1113100
1067500
1011800
998500
1010700
991500
999200
1006600
1029400
1050900
1087600
1019200
1006200
1057200
1269000
1143900
1063100
1009100
992300
983700
994800
1005100
1009600
1012700
1067900
1011600
998500
1012900
990800
1013800
1308200
1028700
1098200
1034000
989400
1001300
1012400
1003500
992700
1005300
1202700
1033600
1030000
1054300
1041900
1084200
1170100
1136800
1089000
1024500
982500
994700
993100
993300
1007600
1033900
1006700
1016100
1017200
987900
990900
1027800
1259100
1068600
1020700
1017200
1046200
1035600
1040800
1062500
1093200
1017600
978000
984600
992100
989100
993400
1072600
1351700
1076200
980400
990400
994200
987700
988200
1007100
1015400
1022500
1034900
1000100
986500
1001900
992800
1061900
1194500
1111000
1077400
1043300
1021000
1041700
1034100
1084100
1000200
988100
988300
1008600
1010800
1007800
994500
1111200
1283100
1185400
1048600
1000900
1009900
1004200
1069200
1000000
977900
997400
1022300
1018100
998600
994400
1069900
994300
1139200
1022900
1005000
1027500
998100
1009700
1074700
1002800
1002900
1002900
999300
1002600
990800
1029300
1047600
1040000
1515000
1066800
1066500
1065800
1032000
1091200
1015000
993900
992100
1078400
1207600
1003200
1132400
1341600
1076800
1391300
1074500
1042700
996700
1070900
1015500
989900
1002300
998300
999000
1013000
1009900
1082800
1005500
978000
1123000
1259000
1315500
1069200
1051500
1035000
1025400
1027000
1026000
1081000
1003100
1004500
1085100
999700
978800
1046700
1058900
1171800
1052500
1076400
1011700
1001000
1006400
997900
1000800
995100
1005900
1040300
1007400
1043400
1039700
1008200
1240600
1119800
1075300
1052200
992900
995300
992200
997700
995200
1015500
1051200
1074100
1012300
1015300
992400
989800
1205800
1097600
1105300
1037500
1016200
1022300
1008800
998700
1004700
988700
1044200
1000600
1018600
1013100
1009900
1025200
1124100
1180800
1083700
1035900
1006500
992800
1014800
994000
1009400
1053600
1067100
1012400
1014200
1008400
998800
999000
1219100
1286400
1068900
984100
1006500
1018600
1025400
991100
1041000
1029500
1033800
1001400
1018600
1025500
997700
1088800
1146500
1203000
1079500
1026800
1037200
1032800
1019500
987600
996600
985200
1016700
1007900
995600
1010500
983600
995500
1152700
1182200
1005400
975500
986200
993700
998200
999400
1012900
992800
997600
1001200
1004300
1018400
1031300
999900
1108800
1196100
1070100
976900
972900
983900
995300
999500
993600
994600
1006300
998900
1000600
997300
990200
999400
1031000
1259500
1189100
1029900
1020200
1129500
1026300
1006200
1020500
1008700
1025200
1186200
1015700
1019200
1008800
1011000
1155900
1099200
1022900
1027400
1104600
997600
976200
985200
979800
988900
1011200
1000100
993600
999100
989500
988600
1233000
1167200
1025000
1134400
1018100
1034100
1009300
1010000
1070400
1021500
1042200
1166100
1009600
1029400
1013400
1124100
1216600
1125700
991200
983100
992900
989400
985600
1002600
999700
1005000
1007000
1039300
999100
1011100
999800
1030400
1245500
1094900
1025100
1012600
1018900
1022300
1011100
1005600
1007300
1010500
1041500
1026500
1005900
1019200
1003000
1036900
1203400
1145800
996500
995500
983300
998300
998500
999700
997200
993600
1010800
1021800
993000
990400
998400
1002900
1233900
1136700
1091300
1017000
1127300
1016300
1014500
1022200
1017600
1020300
1021300
1194300
1014100
1031100
1017100
1062900
1209200
1059300
974700
966600
1000600
1006300
990700
991300
993900
1001800
992200
1003900
989700
993200
990500
990800
1372500
1073200
1002100
990100
1123400
1001500
1005400
1000400
1043900
1003700
1018900
1161600
1003600
990800
996600
1146300
1198000
1268700
1040700
1025400
1162600
997300
1004700
990400
988000
992200
1004100
1006200
1011200
999700
1011200
1112800
1407400
1068700
988800
979700
1009800
1003200
1014400
1004000
1011500
1016800
1063800
1143400
1010100
1120300
1046300
1430900
1230400
1016500
1011800
1006900
1017700
1041900
1014200
988700
984400
992400
981300
1010600
1005600
1020800
1002400
1204800
1197900
1021500
985100
1111100
991400
1000900
1009100
1010400
998800
1051800
1163100
994100
996800
988900
1211900
1220500
1026900
1235700
1028500
997000
1083000
994200
999900
1112800
991600
1033400
1146000
1021100
1003600
997500
1169300
1168700
1205600
1042800
1043600
1041400
1037700
1024300
1028500
1042500
1055900
1079200
1030900
1037400
1066000
1196700
1183600
1087000
1010200
987700
988600
1014100
1006500
999700
1003100
998700
1027900
1016300
1008300
1007500
1011000
1010300
1082000
1131600
1038800
1031600
1012500
1025600
1022200
987300
989700
989500
1038500
1233000
1014400
987500
1003700
1058200
1392700
1197600
1065400
1022500
1014100
1105700
1007200
980100
988700
999900
1017500
1023500
1017200
1000700
1014100
1006700
1212900
1057700
1068900
976900
1082100
996100
989900
1008400
992600
1001400
1014600
1150300
1000900
992500
1010800
1137700
1115800
1176800
1011500
987800
1009100
1097500
1031500
988000
979700
992400
1006300
1003100
1009300
1003100
1009000
1030200
1212700
1049200
1013600
1004400
1002000
998200
1012400
1011600
1002900
1003600
1046600
1009000
1008200
1016100
1009000
1004800
1184500
1297400
1054000
1094800
1003500
1012400
1017200
1008100
1002200
999000
1006700
1001500
1006200
999800
1010500
1015300
1446600
1112500
985100
984100
982900
998100
987800
993300
996700
1002600
1037200
1240800
1005700
1003600
1006200
1241100
1199300
1030100
989400
991600
1011000
1020000
1009800
1006600
1031800
1006700
1027100
1027700
1014100
1000200
1009200
1021300
1420400
1207500
1056300
1044900
1040600
1022000
1021500
1029200
1017100
1059600
1071000
1089000
1025400
1023500
1043900
1119600
1128000
1010600
973800
976000
970500
1221800
991400
991500
993100
1002200
1014300
1024500
1003600
1009000
1014500
1147800
1171700
1032700
1006600
1028300
1014900
999000
1008300
1005600
1000600
1007500
1024900
1010900
1008100
1008600
1010000
1046300
1101200
1053100
1032300
1273600
1025300
1010500
1005700
1000600
1002600
997300
1013400
1022000
1018700
1005800
1014600
1004300
1103600
1327900
1185600
1032600
1033100
1041000
1040500
1036000
1033000
1057000
1062500
1044200
1033900
1072000
1024200
1108700
1161300
1125600
982700
977300
980100
1003500
990100
987000
995600
1002300
1036500
1166500
995400
984600
989300
1288700
1208900
1018900
1060100
1116700
990200
990800
1001800
992500
987600
1018700
1163900
996700
993100
1003400
1117700
1046400
1266600
994400
991700
997100
982200
1169100
1003400
1002900
995500
1003800
1157900
992600
986500
993900
1038800
1211200
1150400
1001300
1013800
1116200
1016200
1010200
1002400
1011600
1064600
1023200
1165700
1003100
1014400
1021900
1117300
1403500
1094000
998100
994600
996900
993500
994700
999700
997700
1009800
1032400
1122200
1194400
1003500
988700
1457500
1101400
1203100
1032400
1009500
1015800
1004400
1015800
1029100
1011000
1017400
1011600
1004100
1017200
1018300
1010800
1174700
1233600
1125900
1029000
1017700
1023100
1017900
1057300
1018800
1021600
1026200
1134700
1053200
1028100
1026400
1076000
1309800
1063900
1039800
1095700
978900
988100
992300
989900
995000
999100
1066800
1141200
1001200
1002300
994900
1130600
1059100
1167100
1075900
991700
986900
985500
985800
999900
1022700
1011200
1004800
1018000
1015200
1037900
1009900
1001700
1059200
1087500
977500
1112300
979700
984100
1006700
1020500
1020000
1064900
1010600
998800
1002100
1010500
1010500
992200
1304200
994200
994600
979600
994900
994800
1006900
1010900
1009900
1010300
1034700
1003900
1005700
1018600
1011200
1031400
1088600
1029900
977100
974500
980300
991500
998100
990800
994500
1000400
995000
996300
991100
999500
984200
994800
1096200
1017900
986300
1006500
984800
1001400
1008400
1015200
1005600
1019100
1002300
1022200
1016400
1003900
1003200
1001900
1082700
1028200
1005300
1008800
998900
1002300
1002700
1009700
998700
1005400
1022300
1007300
1014500
1024200
1011100
1096800
1196500
1110700
1000100
1020900
1003000
1010700
997000
1004800
1008600
1004400
1007200
1193000
1022300
1288000
1072200
1049100
1131300
1211500
997900
995700
1003800
1011600
1001900
1004900
1023700
998800
1086600
1043600
1018400
1012200
1036400
1000900
1035700
1332500
997800
988700
985000
987700
992800
995800
1018500
1088200
1012300
1027700
999600
1049600
1063700
1192300
1047700
1058500
1041800
1058000
1031200
1026200
1029800
1027100
1064700
1057600
993400
984800
988800
991700
1005100
1007400
1003200
1040100
1112600
986700
983100
984000
988300
1004100
1093400
997600
986900
1002200
1006700
1003500
1016000
1011900
1066600
1016500
1188600
1079100
1033100
1026000
1033000
1037500
1033500
1094900
989300
989500
1006300
1001600
1006300
1005000
1005400
1002500
1077700
1016700
1001700
1033200
1008100
1019200
1001600
1014200
1012200
1009400
1008300
1012800
1011000
1012800
1006900
1036600
1073600
1002100
1017600
1011200
1010900
1004000
1012800
1007600
1006300
1011200
1012800
1017300
1006600
1007300
1010400
1036400
1225100
983200
967700
977300
968300
977300
993000
994500
1007400
996100
1008000
999400
997200
1001200
1047500
1058800
996800
1195400
997500
996600
1013300
1002400
992100
995500
1009400
1013100
1010300
992300
989800
999200
996100
1116300
992600
977100
993000
987300
995100
991400
1000300
1002900
993600
1008900
994500
990100
1005800
988400
989700
1052100
991300
993200
996200
1001700
1015500
1140600
1068600
978200
984700
986300
1011700
993800
1027600
996200
1004600
992800
996600
1001200
1184300
991500
985900
983200
996300
987700
985300
1001000
986500
996400
1234300
1007400
983100
987400
997700
998500
999300
1313400
1059700
1286300
1070300
1003800
1012700
1005600
1011100
1055000
1005500
974700
997400
982800
1012700
990800
1018200
1153100
1003800
1014600
999700
994500
1001900
994600
1008900
1010800
990900
1000600
1018200
994400
997200
992500
1026000
1127000
1057300
1031700
1055900
1021400
1088000
985800
1011100
996200
999700
1000500
987000
993700
989200
1005500
991100
1114200
1012100
999400
992600
988600
1015500
987800
997200
998700
999900
993700
1005900
1003200
996700
994000
1003600
1014800
1064900
988800
998400
993600
1010400
1005700
990200
987600
996000
998400
992100
1016500
995000
992100
997500
996200
1142200
1012800
987300
975300
979700
987200
994200
1007500
1071500
1005800
988800
996000
995700
1001500
990000
1002600
1106200
1194200
992600
997800
1006900
989900
990600
999300
986000
995800
994900
1006000
1060000
1008700
1002300
1041900
994000
994700
1002700
994900
1002800
989100
995600
994000
991200
998400
998900
993100
987000
993100
998300
1542100
1277300
1044800
1032800
1028800
995000
987000
981500
970500
978300
1026000
1004500
1020900
1001000
1001200
1066400
976700
972000
1176500
990300
1041900
998600
992700
986400
995600
992100
1006400
995400
1004000
996200
1168300
1011500
990800
988500
992000
981900
999900
1001600
1004500
1010500
1008200
1007800
1009700
1012400
1011200
1011100
1028100
1006300
1006000
1009700
1003400
1015400
999400
1003900
1004200
1001800
1006300
999100
1004900
1019400
1019300
1010600
1059200
1010900
1005200
1013400
1000500
1019500
1002100
1015300
1002800
1026800
1031500
1002200
1002600
1002300
1004500
1013900
1029600
1018600
1007600
1009500
1014300
1017100
1002000
1005900
1011900
1010800
1001300
999800
1002300
1007900
1009100
1037400
1013900
1034800
1001000
1003700
1006500
1013800
1011700
1004100
1007100
1013900
1004200
1009200
1002000
1012600
1000900
1047000
1018800
1004000
1015400
1003600
1016100
1013000
1004100
1004000
1009600
1005100
1004400
1008900
1003500
1001200
1129400
1225500
1011900
1010900
1011400
1020800
1001900
1000400
1043300
1114800
1016600
1011500
1012200
1009600
997000
1016200
1007500
1002900
1011500
999700
1015000
1002300
1009200
1002200
1054300
1063100
1098600
1009100
1011600
1029600
1032700
1089000
1005200
991900
1044100
979500
990300
990500
1014800
994400
1002600
1004600
1302200
1311400
1081900
1207300
1027700
1031000
1024700
1032600
1042200
1027500
1022700
1030100
1020300
1025700
1022900
1047500
1248100
1294300
1060900
988600
998100
987900
1020500
1006900
1010800
1184200
1186500
1001400
990600
1003100
1053200
1333100
1147700
1015200
1071200
993600
993000
991000
990000
995100
1019200
1181000
1120700
1005600
1003400
997100
1349000
1271300
1049200
1007600
989000
983300
1001400
1019400
1012500
1016500
1016700
1014400
1017200
1010600
1012200
1007800
1157300
1272200
1080900
986400
1099700
989800
1052100
998900
998700
996800
1087000
1215500
1003100
994600
997800
1041800
1143400
1162300
1128700
992500
984300
993200
997200
1003900
999100
1024700
1030500
1037300
1013600
1026600
1011100
1116500
1092000
1261700
1011900
1009500
1004500
1014300
999700
1013400
1005800
1015100
1008400
1008200
1004800
1010700
1008100
1001300
1343400
1041200
1247100
1164100
1049400
1036600
1040200
1043900
1030300
1036000
1063900
1081200
1013800
1001300
1016600
1013100
1276000
1000000
987700
988600
988400
999900
990800
1022400
991500
996400
988300
1006000
993400
1003300
987600
1063700
1083600
1012700
988000
991100
989500
1005900
1028200
1004100
990900
990800
995600
1022500
985400
1076800
1111300
1004200
1100700
1010900
1005800
1006100
999000
1003600
997200
997000
987000
993100
994800
991600
1003000
1002600
1001100
1031300
1085600
1014900
992800
1005700
984600
1015200
1099200
1022300
1006100
988900
1005800
992900
997200
1010200
995800
1016300
1016300
1098000
1002600
984000
982400
977600
1003200
992500
1001000
999700
1016400
997700
1016300
993400
1058200
1002500
997400
1335400
996800
1009000
1002000
990100
995100
991100
988300
994100
987900
1004300
994100
987900
993500
995200
1051000
1016200
1007800
995100
982900
972000
986500
988400
987700
987100
995600
993800
985800
1012100
993800
994600
1006600
1106900
1194000
976200
977200
1046300
996300
999700
999100
1004300
995200
997900
1010400
1002000
1005400
991400
1069000
1036000
977600
973300
990000
990000
1002000
1004600
995300
991600
1012500
1014300
991700
989300
999800
987000
1107500
992900
1004200
992700
1018000
994300
1000600
993100
996300
1002600
992300
999300
996600
998000
990300
990900
1025100
997600
970400
975900
975000
979700
987800
998500
1004100
988000
999500
988400
1025100
1234000
1004300
985000
989400
991900
984500
1023500
1076300
1024400
1011500
1005900
1000300
1001700
1001700
996600
1016500
1218100
1000200
982900
994600
987900
1006000
992800
1244900
1206100
997700
1008900
1048200
1014900
1034200
1053900
1192200
996800
985100
991500
991500
1016500
1007000
1067200
1132000
1160200
1048200
982600
1104400
1010200
1022600
1145000
1055100
1011600
998800
995600
1005200
1018200
1057800
1066200
1351600
1028500
998100
997400
1005100
1019200
1114600
1059800
1040300
1054600
1034200
1020900
1042000
1066200
1083700
1015900
1243700
1021200
1086100
984400
1015500
1118900
1013200
1035400
1071500
997500
1131600
1026900
1056500
1121200
1047800
1337500
1091900
1066000
1071000
1072600
1091300
1067500
1060700
1065500
1072100
1098800
1086100
1098800
1874900
1137600
1241500
1083500
1068200
1101500
1084700
1072000
1071900
1076100
1074300
1064400
1079500
1069800
1038900
1065000
1070900
1487800
1152800
1068100
1067300
1035600
1039800
1033900
1070300
1029200
1054500
1042200
1070100
1066100
1044200
1006800
1097000
1121300
1104900
1149100
1004900
974000
977000
1044300
1002700
990800
998900
1045600
1009100
1022300
1001000
1054100
1143200
1315000
1122800
1064700
1006300
1043700
996300
989600
1038900
1001700
1042400
1006700
1009200
1022000
1000200
1013600
1111500
1223100
1136500
1033800
982200
999500
991700
989300
1024200
987100
1004200
1000000
1004200
1018000
986700
996200
1155000
1148700
1106600
1039300
1039000
1039400
1025300
1019100
1036000
1039500
1081500
1031500
1059400
1039600
1042500
1060100
1202700
1055500
1027400
1030300
1044900
1034000
1024800
1022600
1029400
1030300
1186000
1212400
1037000
1028300
1049700
1145100
1036500
1178100
1061000
1002600
1048800
1042900
1031700
1025400
1028700
1037700
1022600
1031900
1215300
1035300
1175000
1019800
1173100
1012500
1001500
980300
992400
1023600
1003200
998400
996600
1002900
1006600
998800
990400
1020200
1064800
1059000
1119300
1178800
1069100
1044400
1037400
1103200
979300
977600
971100
990200
1016500
1009100
999400
1080000
1001200
1120900
1342800
1103000
1021300
1019200
1105100
1009200
985900
989600
1010000
1011200
1020000
1008200
1069000
1043000
1011800
1094700
1124300
1176400
1089700
1016200
1035400
987400
1004300
996500
999600
1007400
1010900
1045200
1035600
991500
1005000
1092200
1305100
1155300
1070500
1081000
1009000
978800
984600
994400
1001100
1047300
1004200
1047500
1000800
1014700
1032600
1057000
1205900
1091500
1136600
988800
1000500
1000600
1003000
1000700
1007400
1024100
1046900
1032100
1006700
1008900
1066000
1257600
1078700
1203300
993500
997700
1023700
994700
1001400
1000100
1012500
1048000
1010200
999400
1003000
990600
1034200
1166600
1256300
1102400
1013100
995900
1002900
993600
1007400
1017300
1057200
1037100
1017800
1010900
1012700
1027200
1032400
1145500
1156500
1047700
1005900
1011500
1004300
1020300
1023700
1008200
1052600
1007400
1026300
1018700
1052800
1000400
1062300
1190100
1237600
984900
986000
1005400
998500
991900
990300
1039600
998500
1000800
1002000
1004800
996100
998600
1042200
1190800
1108000
990100
988300
989700
1005500
1011000
1001400
1037900
1002600
1057600
1015700
1000900
1007600
1004300
1058100
1244300
1172600
1179100
1061600
1078600
1094900
1096300
1053800
977700
978600
998500
1001900
1008100
984100
1012200
1103000
1214100
1505800
1030100
1031700
1034600
1050300
1064000
1038200
1039600
1075800
1077800
1034100
1042300
1066900
1081400
1185000
1055900
988700
996100
986900
998600
1044600
999300
997400
1001800
1007700
1000600
1009700
1003600
994500
1021700
1099000
1447400
1029600
1036800
1032400
1028900
1039500
1030200
1034300
1071100
1043100
1042100
1057800
1033500
1041100
1197500
1203000
1002500
989100
1109200
998400
990300
1007900
991600
987500
1008100
1158500
1004200
989000
1005000
997200
1294700
1151100
1011000
990500
992400
986500
1008800
992300
993200
995200
1004900
1161800
1109900
1004500
997600
999200
1607300
1118900
1004900
984600
996400
989200
988500
1013400
1007900
1005500
1008700
1011300
1024300
1006100
1014000
1015200
1477100
1290500
1054500
1010900
1007100
1018100
1020600
1006400
1006900
1012200
1032900
1043500
1022300
1024800
1004700
1008500
1183300
1144100
1006700
1017300
1016400
1027200
1007700
1007200
1008600
1020600
1027800
1010100
1006600
1006400
1013400
1052900
1295600
1101100
1061000
1007800
1010100
1009200
1000500
1003500
1005700
1013700
1015600
1022700
1012000
1013500
1012000
1106000
1303500
1221600
1008700
1094500
975700
999600
1001000
985800
1006900
1032100
1235500
1007400
986800
1003300
1004700
1356300
1189900
1078500
1034400
1029500
1029000
1032500
1024200
1048600
1016100
1034200
1051700
1019600
1043100
1019200
1028400
1483900
1121400
993800
1040900
1010400
1026200
1003700
1037100
1038000
1132100
1106600
1014400
996500
1001500
990500
1163600
1101600
1093100
1040100
992300
994100
1030200
1078500
1038400
1003900
1022400
1043300
1061700
1006600
1001400
1025200
1011400
1245000
1278800
1051400
1047900
1028700
1045600
1136700
1009900
1004300
1071700
1085900
1008300
1003500
1098500
1098600
1099000
1213000
1293300
1028900
1033200
1127900
993700
991500
1004000
1023200
1091000
1009300
1012300
1078100
985700
977300
1115000
1151100
1038900
976900
1025400
1039900
1001000
988900
993900
1010500
1019900
1009300
1030500
1024400
998200
1169300
1141500
1186900
1051700
1056200
1092000
988300
981600
985300
996100
1025600
1024000
1018100
1033200
1004700
1016700
1012300
1188800
1150100
1099600
1271400
1023700
1005500
1001000
1001000
1006000
1042500
1046200
1068700
1003200
1008900
1008800
1026000
1224500
1108800
1110400
1006500
1007700
1005700
1022500
1015400
1016400
1028500
1093000
1017400
1010900
1006300
1014300
1153600
1171100
1142100
1041300
981400
976900
988600
999500
988500
994000
1330100
1101300
1014600
993000
989900
1032200
1067700
1221500
1167400
1072900
1074100
1200200
1068500
1069400
1066800
1123300
1001400
988900
983800
1011200
1009400
1150600
1166400
1071700
1003200
1018000
1023400
1008200
1002500
1006000
1055000
1026000
1015300
1012700
1008700
1024800
1014900
1099100
1303500
1078300
987400
968700
999700
1008400
993800
1031300
1015800
1018500
1016800
1022700
992700
995300
997100
1064600
1405900
1089800
1011600
994200
986400
997300
984000
1049400
1001400
1023600
994000
994900
993000
1003400
1007900
1167200
1137000
1036600
1256700
1097200
1091400
1032300
1147700
1012500
991500
1001900
1012400
1009000
1028500
1016900
1063700
1048900
1251400
1042600
1049700
1050500
1025400
1117900
1010600
1011300
998500
1026700
1003900
1004100
1015400
1031500
1011200
1206500
1109500
1008800
975400
979700
1006000
1050900
997700
1005800
1007800
1012000
997200
1010400
1064700
1068900
980400
1082500
1211700
1052500
1028000
1032400
1090000
997400
1002400
1017600
1014900
1025200
1009700
1017900
1044400
1002800
1007600
1128200
1049100
1196200
1010900
1027400
983100
1001000
996100
997600
987100
1001800
1022200
1065900
1009600
1005700
997500
1054000
1175700
1059900
1001700
1035800
1011500
1010500
989300
1003700
1002300
1013300
1025800
1065400
1002200
989000
984400
1055300
1202900
1088600
1057900
1005700
1007200
1013500
1011700
1011000
1010800
1006100
1110000
1033600
1011500
1021400
1015000
1035300
1110200
1181100
1369100
1073000
986100
987000
995300
992900
1000100
1078400
1034400
1006300
997300
1002600
992800
1064400
1270300
1109900
999200
991600
1009200
1013700
1010700
1018800
1066600
1123300
1022800
985100
1006700
1000300
1049400
1240900
1197800
992100
996500
1004400
1007200
996600
1003400
1005800
1031500
1033700
1020200
1003300
992400
995500
1077700
1085200
1122300
1084100
1028400
1034600
1026000
1018100
1013200
1124900
1010900
1010800
997400
987500
997900
990400
991200
1385500
1109600
1065900
1225100
1121400
1049400
1026900
1110200
981000
980500
992700
1023600
1001900
1006200
991700
1067200
1239100
1037000
994600
988700
1025600
984900
1050600
1032500
994800
1008800
990900
1003400
997500
997200
1033900
1066400
1121500
1162200
1068700
1058800
1068100
1062000
1099600
1045200
992200
1025800
1011100
1062900
996100
1040300
1044900
1078900
1191000
1072600
997300
984700
992100
1063700
1070100
1005300
1015900
1062400
1042100
1016400
991700
997500
1009800
1115400
1228800
1077100
1010700
1005600
1028900
1021900
1006900
1005600
1002600
1022100
1035100
1015500
1001500
1018600
1001900
1043900
1150400
1083300
1008100
1030200
999500
1002500
1011300
1007200
1011800
1019700
1087900
1001400
1008500
1001700
1006300
1083800
1204300
1055300
1000500
1002300
1004600
1024300
1016500
1003200
1002300
1027200
1064100
999500
1024200
1014400
1016500
1157500
1322900
1140500
1046200
1017300
1007000
1001000
1016400
1005200
1013000
1009300
1014500
1009000
1012800
1014000
1008900
1139200
1368700
1090800
1121100
982200
995200
1000800
1002100
1079400
1003100
1016500
1159500
1045200
999800
1000600
1121800
1182100
1119000
1018800
997300
1011500
993800
1126500
992200
992600
1011100
1046000
1142700
992300
998000
990400
1038800
1177100
1128100
995100
999900
997200
1008700
1034500
1000600
1008100
1015000
1007200
1005900
998700
1010100
1003100
999400
1135300
1092700
1029900
976000
985900
1004800
999200
992400
1002500
1130000
1154200
1003600
984800
993500
997600
1137800
1347100
1156300
1113200
989900
997400
1578200
1214400
1120100
1750100
1399400
2281600
2056600
1271800
1117000
1082100
1088400
1113100
1110600
1120300
1124600
1115500
1118800
1109500
2426400
1742200
2170600
1320300
1135600
1171300
1094800
1118000
1843800
1705900
2156300
2593900
1742900
1333100
1380600
1349900
1345800
1344300
1370500
1321700
1324500
1323300
1337200
1380500
1352700
1346200
1352600
1355800
1345200
1342800
1372500
1403700
1420400
1396700
1368500
1460600
1392800
1397900
1361700
1370000
1330900
1325900
1341200
1279600
1252700
1244100
1222000
1249300
1499800
1219500
1215900
1192200
1206200
1166100
1185400
1152700
1136500
1115900
1102100
1102300
1106400
1096500
1130300
1109700
1091200
1073300
1022000
1023000
1024600
1026100
1022900
1022200
1038200
1065000
1030700
993800
989300
993400
1076200
1190900
1158000
1029900
991900
1051200
1002100
1001800
997300
1020000
1083600
1020200
1033100
999800
1014100
1073200
1058600
1225100
1116600
1051600
1008900
1015700
1005600
1014700
1014500
1041300
1092200
1033600
1008500
1097900
1012400
1090700
1239200
1318300
1098100
1035600
1077500
1203900
1130500
1093400
1126900
1108700
1004500
1047900
1097400
1012700
1006300
1258800
1121900
1293700
1100600
1063900
1085600
1042500
1081500
1229700
1098200
1049900
1048700
1050000
1021900
1035400
1253000
1127700
1070500
1076300
1053800
1099600
1099700
1151100
1053300
1088600
1010600
1117800
1090000
1081200
1179000
1521200
1098100
1078200
1122700
1155000
1165000
1096900
1099900
1070100
1047500
1076400
1040100
1053100
1098900
1037600
1097400
1114800
1127700
1159300
1104000
1070800
1088800
1038900
1027900
1115500
1043700
1046800
1092000
1088700
1074800
1081400
1133100
1061100
1060900
988700
998400
991300
1007800
1005600
1005700
1045600
1036100
1006300
1032900
1002700
1021800
1205100
1122900
1061500
1165800
1066900
1021400
1074300
1081100
1043100
1065700
1062200
1035100
1041200
1022300
989300
1065000
1214100
1063600
1001900
1008300
987600
1009200
996300
987500
996400
1006500
1028900
1006900
1001400
994000
997900
1010400
1382600
1081800
1009500
984100
983600
1009000
1008100
992900
1003800
1013300
1005700
1000100
1004300
1004200
992300
993100
1328800
1097700
1037700
1028300
1032900
1030400
1053500
1031800
1027700
1039000
1077900
1057200
1027700
1023300
1034100
1035800
1275300
1051400
982500
985700
993200
1012100
993500
1005700
999200
997500
1004400
1033300
996600
1005600
993900
997700
1227000
1098500
994900
1003200
1003100
1010500
1003600
1007800
995200
991500
1008800
1042300
997000
996800
999300
991000
1061600
1220400
1004100
981000
982900
992900
988500
989600
1008300
1069200
1104400
1157200
1031300
1123600
1111400
1270600
1433200
1125300
1317200
1106600
1438200
1226200
1280600
1486000
1075400
1056000
1064500
1078100
1107700
1106400
1117000
1129700
1119200
1101400
1094900
1152400
1401600
1176800
1132800
1136300
1145600
1131800
1138700
1115000
1108100
1094200
1118600
1157300
1123600
1122300
1110600
1214300
1230100
1089600
1049600
1035000
1050300
1054200
1078300
1114600
1093700
1076400
1046900
1053000
1089600
1250300
1178400
1158100
1122800
1067900
1310000
1069600
1006100
971800
1042100
1108300
1094800
1065200
1058900
1054400
1041400
1029100
1030500
1037200
1083200
1038100
1027200
1101100
1059500
1021900
1104400
1119400
1097600
1098200
1072500
1053500
1018100
1020500
1018300
1058600
1112500
1128300
1081600
1045700
1055500
1077000
1039600
1075800
1080600
1054000
1033800
1002000
997600
1002700
1010500
1024100
1025600
1003600
1030700
992800
991200
989300
1116500
1110300
1085900
1021200
1018600
1000400
994100
1031200
999600
1000800
1009500
1001600
1037600
1041500
1018200
997600
1117100
1116700
1136200
1104600
1071300
1203500
1044800
1028700
1036800
1041900
1080700
1032200
1188400
1048900
1026500
1089900
994500
1088800
992700
975900
995400
997300
1003200
996000
1001700
998600
1022100
991400
1000200
996300
1003700
1002000
1073100
1015100
997400
994000
999300
998400
990000
990900
994600
1030100
1008200
1006400
991000
1015600
1027600
1009100
1055700
1037700
1020200
1008800
1026500
1014100
999700
1004700
1013200
1016100
1019600
1017200
1026000
1014700
1018100
1019800
1096400
996200
1002400
1004100
998200
998200
996400
999300
1012900
1014900
1006000
992300
989500
1007900
1022100
1016900
1046600
1059500
991000
993300
1016400
1035400
1010900
1010900
1015000
1018800
1000700
994300
1007800
1035900
1062000
1056400
1988600
1094700
1000500
1013300
1015600
994800
1000800
991400
988600
1004200
998900
1000100
998000
1010500
1233800
1009100
992400
1010700
997500
1004100
992800
1061100
1002500
969200
1044700
991500
990400
1191600
1017900
1080200
973500
1081400
1009000
993100
999500
998200
1002500
990100
1007500
998800
990700
999500
998900
999300
1002200
1102700
1122800
1009000
998400
1000400
994700
1055200
991600
993700
994300
997300
1004900
995100
993500
995100
1124400
1101400
1219400
1031800
983000
987400
981200
1007000
993400
996800
1006700
986400
1003100
992700
995100
1064500
1211800
1016800
977700
980400
1002000
1005300
1002400
1002800
992300
1002800
989900
1002400
995900
992100
1076800
1080200
987100
979900
986200
998800
1005100
998200
1001700
993800
1017400
999000
1006100
1007700
1007300
1007400
988400
1084300
1000200
991200
995700
994700
995800
986700
998700
991100
1006000
999500
994700
992000
1026700
988300
1015400
1099700
1003300
986700
1004100
1000000
997000
989800
997400
997000
1013300
1000000
991900
1014600
1000700
1008600
1022900
1135900
1046100
1007500
1645400
1343200
1096200
1132200
1034700
1059500
1022300
991400
1004500
1002800
1008400
1120900
1217200
1069600
1015200
1009200
1008400
1000800
996700
1048900
1138700
1026500
1047800
1168000
996500
1019200
1430600
1037500
1031000
1028300
1021200
1030900
1030300
1097900
1085400
1095000
1133400
1024100
1010100
1001100
1007300
1106500
1026600
1021000
1075100
1008600
992600
1004300
1008400
1000400
1025800
1023900
1228700
995500
1002200
989300
1057200
1018200
1034500
1000800
993200
995000
1026900
1001900
1126900
1056600
1126300
1251400
1145400
1216800
1114700
1013800
998200
1038600
1008600
1015800
1033200
1012700
1154100
1014200
1007000
1115300
1087700
1074100
1047200
1063400
993800
1013400
1040200
1070900
1005300
1015100
1014600
1035000
1008500
994300
998500
1012700
1004700
1329600
1129600
1079100
1034300
1008300
1057900
1063700
1071500
1006800
1036500
1060200
1031500
1080800
1099100
1088900
1225100
1087700
1044200
1062400
1035400
1035500
1042000
1052900
1027600
1072000
1086600
1220800
1025300
1003900
996600
1015700
1139100
1142200
1106600
1041400
1050000
1027200
1062800
1054200
1018400
1093700
1077900
1046200
1043200
1073500
1066200
1174400
1233600
1217300
1050800
1078000
1031300
1083200
1065600
1056500
1038200
1075200
1088300
1040000
1042800
1065600
986000
1181800
1121200
1067400
1125400
1041500
1073300
1054500
1062400
1023500
1005200
1020200
1039300
1015800
1010900
1041100
1029700
1139400
1308100
1126200
1077400
1091700
1050200
1024800
1036100
1052700
1083600
1041500
1093300
1093000
1044500
1060400
1107500
1175200
1081600
1032400
1029300
1023700
1040800
1018100
1025400
1053000
1073700
1031000
1014500
1081400
1141300
1133700
1285700
1061900
1043100
1086000
1091600
1056400
1054400
1108200
1001500
1077200
998700
994700
1072500
1077400
993300
1131200
1219100
1041800
995400
1023300
1087400
1081700
1017400
1012000
1004800
1068500
1061600
1011700
1062800
1077400
1077200
1294600
1166500
1083700
1049900
1113800
1113200
1122800
1122400
1071800
1111800
1088900
1047700
1033200
1026300
1097000
1162100
1105300
1100500
1101300
1091400
1094200
1091500
1088500
1019200
1057800
1084400
1091600
1021400
1023500
1036000
1425400
1165800
1116600
1100200
1124600
1085900
1064200
1033800
1115200
1084300
1072900
1061700
1038700
1047300
1042400
1106500
1151100
1055500
1000200
1014800
992700
1013000
1012300
1027900
1007700
1011100
1001900
1010000
1012500
1002200
1009500
1089500
1210000
1089200
1058200
1005000
1015300
1012900
1016800
1009900
1010600
1040100
1017800
1006600
1010300
997700
1011200
1150700
1216200
1038700
986600
993800
999200
1024500
1002700
1027500
1001300
988200
1011200
993400
1011800
992400
1010300
992700
1229000
1104100
1040900
995400
995700
997400
1011200
1041600
1034300
1001000
1009200
1015200
1009500
1012600
998300
991200
1220600
1131800
1060600
1023600
1033000
1023500
1038200
1062800
1026000
1031100
1017400
1038900
1019600
1021200
1020500
1046000
1272700
1084800
1010700
993300
993600
1009700
1003600
1021600
1003300
1008900
1014900
1012800
1017000
1004900
1006100
1015500
1285500
1239800
1013500
1022000
1006200
1010600
1045500
1028800
1015500
1017700
1015400
1009900
1015800
1009900
996900
1073600
1086800
1095500
1068100
1037700
1129400
985200
977100
1008200
1004500
998200
1000600
1021700
988300
1001900
1001000
1003600
1134300
1217900
1002500
991300
1003900
983900
1006600
994400
997000
992700
1010300
1011300
998700
989300
987400
995700
1115300
1198500
1064600
1001600
1013700
984400
1017100
1005800
998600
1000300
991100
995500
991500
1008300
998100
1002100
1077900
1141200
1084400
1042200
1029800
1032100
1076500
1222800
1052400
1025800
1018500
1029900
1023600
1032100
1040800
1023900
1344000
1098300
1054800
1139100
992500
982000
1005900
1006900
990700
1033600
1002200
1012700
991700
1000700
1017300
993400
1235500
1104800
1079400
1036600
1078100
1031300
1027600
1044600
1035100
1024700
1210300
1166000
1025500
1024800
1026900
1180600
1329300
1035400
1040700
1018700
1017900
1021100
1006200
1077600
1010400
1018700
1362400
1034400
1017200
1009200
1031300
1691900
1155600
1002600
993300
1010000
1027700
1180200
1006500
1019600
1008900
1060600
1127400
1012000
1004300
1044100
1244400
1178000
1017300
1010100
999000
1011300
990500
992600
997800
994500
1014300
1170000
1000300
993100
1047000
988800
1297800
1024900
985400
991100
1004100
987600
1002100
1020800
1012200
1009300
1013000
1012800
1012000
1015500
1009000
1032700
1437700
1021400
974800
987700
998800
1107300
990200
991000
1002300
1006900
1151300
1004800
996000
999700
990200
1286000
1087000
1007100
994200
1001100
1005600
1005200
1011600
1007800
1007600
1015700
1005800
1011200
1012100
1003000
1008900
1065700
1156200
1123200
988200
988000
993300
1003500
985500
1047100
1004300
1016200
1254400
1006500
997000
998800
998000
1339200
1227900
1051800
983600
983000
1027300
1007700
1002500
1029500
1012400
1016900
1005000
1020900
1005400
1007200
1005100
1115800
1272700
1060300
1026800
1016700
1106500
980000
980500
988200
984200
1012700
1192700
1016900
1003000
1051000
1105700
1221600
1064400
1204100
1112300
1056100
1034900
1026800
1021800
1017900
1035500
1032400
1034900
1030300
1023200
1030800
1034300
1251100
1090400
1016000
979800
1002800
992900
1001600
1004800
1004200
1021200
1018900
1028900
1001900
1011200
999900
1047100
1292300
1086700
1044500
1026100
1030100
1039000
1023900
1030900
1032500
1035500
1033200
1058800
1039300
1027300
1026600
1200300
1303500
1127600
1057000
979500
978700
993600
988100
1057600
992600
1004800
1262900
1001900
1000500
1002000
1003200
1335200
1122300
1044600
1021500
1022900
1026100
1030400
1018800
1026700
1032900
1059900
1045000
1028200
1036700
1031800
1152700
1186800
1052400
1060100
1154300
973300
991600
971700
981500
984100
1010100
1004900
1006600
996200
992000
993700
1012700
1135700
1143700
1092000
1144800
1015900
1023700
1006100
1020700
1010400
1024300
1013400
1199800
1007100
1019400
1014800
1179900
1206200
1081500
1037800
1158900
982000
974800
980900
998800
991600
1017100
1010900
995800
994200
993000
1000700
1046100
1287600
1101800
1021700
1043000
1054600
1053600
1031700
1024000
1026700
1031900
1051900
1052000
1031500
1023700
1021100
1035800
1231800
1085100
1020900
1026000
1014800
1023900
1020400
1004500
1086200
1012700
1336200
1026700
1017000
1020800
1016000
1588300
1049500
997100
986700
980700
1005800
1001100
1002600
1006800
1021100
1049700
1180700
1125700
1000900
1001700
1082500
1418200
1111900
992700
990100
996100
998700
996300
983700
995800
1000000
1028600
1133000
990800
994900
1045000
1061700
1275800
1099800
998100
1107500
1002300
993300
1000800
994800
998800
1039500
1027800
1134300
990800
993200
1011900
1223100
1140300
1026400
1013800
987500
992800
990100
1002100
1009200
1010000
1015600
1007800
1013600
1004400
1009100
1015300
1040900
1322200
1060300
1007800
1005600
1005700
1134500
1020200
1023800
1028300
1019700
1025000
1158600
1061800
1021900
1098800
1233600
1027500
1083500
1088500
1061800
1007400
1009600
1012000
1007100
1069100
1012200
1186300
1005500
1127700
1003500
1002100
1374600
1129100
1002900
992100
983100
1004000
1004300
1001300
1013800
1016200
1004900
1012700
1008500
1015600
1017200
1005200
1408000
1050500
992600
986000
973500
995500
994000
991800
998000
1004800
1001600
1159500
995700
1000500
980900
1066900
1040500
1025800
1197500
1106300
1006500
991400
992600
981900
1003900
997100
1028100
1127400
991800
999100
1004900
997300
1232000
1025900
995900
986600
983300
993400
1007800
1007200
1003100
1011900
1004300
1020900
1013200
1032200
1050100
1082600
1423500
1045900
1016200
1002000
1000600
1001000
1006900
1033000
1006100
1082600
1004700
1002300
1004400
1031000
1086000
1030200
1146900
1182500
1138400
1275300
1191300
1001000
1002700
1011200
1087800
1060900
1060100
1060600
1035000
1052000
1012600
1049800
1354800
1118100
1133900
1196700
1072100
1096900
1164400
999200
1038700
1034900
1149200
1062000
1110800
986800
1310600
1157500
1048800
1188900
1185700
1080000
1078700
1090200
980400
1007400
1179800
994800
995400
1105100
1090900
1265600
1417000
1151600
1083000
984200
988600
1046500
999700
1006000
998800
1036000
1020000
1013600
1012300
1039500
1023300
1051500
1250900
1219300
1054100
1034900
1052300
1040100
1029200
1033600
1032700
1032400
1033300
1033300
1071800
999000
1055900
1120600
1379100
1057300
1035600
1084300
1070200
993300
983400
992900
1018000
1022300
1019800
1080900
1029400
1007000
1007000
1138700
1038100
1008500
1023200
1056400
1024000
1005000
1020100
1014000
1038600
1041700
1054600
1023300
997600
1028000
1216000
1193100
1062600
1034800
1080800
1032000
1014700
1011700
1008100
1030200
1081900
1234800
1024500
1157100
1309700
1068400
1372400
1173900
1211100
1006700
1020700
1012000
1005000
1002600
1005100
1027100
1038100
1037000
1026000
1011100
1009100
1284400
1245800
1149900
1093300
1031100
1028200
1036200
1110600
1031500
1089700
1078000
1158800
1006600
1021400
985000
1063600
1158300
1152400
1056300
1011900
988500
1006800
1007400
1009100
1025800
1076300
1023500
1010500
1022800
1018600
1015200
1136900
1248500
1074800
996900
981200
991800
1028500
1007400
1006000
1055400
1017600
1003700
1016600
1024900
998000
1000800
1138800
1184000
1148400
1095900
1013700
1028800
1012800
1142100
1155300
1073600
1048700
1029300
1065400
1025000
1029400
1105700
1345400
1159000
1073700
995400
995100
1001800
1028100
1092100
1017900
1015500
1018900
1030300
1057600
1030100
1004500
1098600
1279000
1084900
1046700
995400
992500
1004800
1058800
1011300
1003200
1006000
995500
1039000
1001800
999400
1050900
1119500
1236800
1097500
1008800
1004500
1009300
1063000
1082100
1014700
1008400
1062300
1010800
1008500
1068400
1059500
1019900
1253900
1263200
1083500
1038500
1023400
1043300
1053700
1026500
1006100
1027100
1083700
1006000
1050400
1065600
1022900
1056400
1271300
1146200
1057600
1017700
1077100
1052300
1048800
1094400
1029700
1086500
1013300
1053400
1056500
1000500
999700
1193200
1241500
1057000
1031100
1049200
1050400
1048400
1029700
1027000
1040800
1066900
1055100
1077700
1024600
1031800
1060400
1118200
1075400
1202800
1057500
994700
980600
988600
996800
1004500
1020600
1021800
1092100
1003700
1011300
1018300
1014500
1110100
1098500
1137300
1081000
996100
993700
1007800
1003700
1003800
1033100
1055100
1044300
1030100
1022400
1009300
1000500
1132000
1077000
1327500
1053500
1039900
1036900
1063200
1024500
1015500
1072400
1030500
1013300
993700
1000500
995500
997400
1150200
1175800
1003400
998500
989900
994300
1004600
999300
1000100
1060100
1003500
1013300
992700
1009000
997100
1065700
1107100
1090000
1178700
1259400
1029900
1081400
984900
997400
1060200
1013200
1026700
1030200
1006500
997000
989300
989700
1288500
1148700
1000300
998600
987600
987600
999500
1017800
1031300
1009100
1068600
991300
1017700
1003900
1006700
1094700
1163400
1069000
1269500
1068400
1042100
1058600
1051700
1057100
1019700
1011700
1020600
994100
1029900
995800
1045300
1052400
1216000
1109200
998800
1006000
994500
990600
1077300
995500
994400
1014100
1034900
987300
988900
991000
1001900
1046100
1174600
1176200
1158800
1025000
1081100
1010400
987700
996100
998600
1021500
1024400
989300
996300
990200
994100
1052600
1176500
1023200
986700
982300
993900
1003700
999000
1009200
1002700
1020300
1019900
1008900
1003900
999700
998500
1092800
1389600
1157200
1060300
1049300
1097500
997400
983400
1039300
988100
1042200
1143200
1002700
999900
999900
985600
1310500
1100900
985900
983500
986900
1011700
1003000
995600
999300
1005900
1032600
1024000
995600
1005100
997000
1010500
1105200
1130800
1075400
1033700
1060600
1083000
1045100
1020600
1028800
1049300
1095400
1188600
1179600
1006700
1041900
1069900
1416900
1129600
1054600
1026300
1020900
1050900
1021900
1022300
1023100
1043100
1054400
1043000
1029300
1029200
1025300
1110700
1184200
1215100
1138500
1000300
1003300
991300
995900
993400
984200
1111600
1185100
1001300
991000
1001100
995100
1307200
1098100
1061500
1024000
1031700
1064900
1051700
1034300
1021900
1061300
1093000
1049900
1024600
1040200
1021200
1065100
1120200
1104700
1110200
1115400
1052000
1029200
1031000
1086000
1129900
1082600
1223100
992300
1004900
988500
1035400
1154200
1242600
1183200
1049200
1032200
1038700
1019800
1032600
1058300
1038200
1088600
1064200
1036200
1019900
1026800
1073600
1144200
1228200
1135100
990900
1012600
988100
997700
1063400
1006700
1007800
1013300
1014000
987400
996600
1003500
1093600
1146800
1290700
1058300
1039100
1022600
1030700
1109700
1054900
1039000
1005200
1007900
1011700
993600
1001700
1022100
1085700
1130200
1069600
1281900
1111500
986800
1051300
1007300
995100
1013300
1021400
1012600
995300
1005400
1072600
1035300
1022600
1230200
1045800
1039000
1029100
1084200
1092200
999000
1006700
1012700
997300
997400
1008600
1114400
1005600
996800
1112000
1114800
1001100
985000
981700
1054600
1000300
1010300
1007900
1017800
1015400
1005100
1016400
1002200
1004600
1004600
1018700
1252600
988100
978700
993400
1157600
1061400
994600
1005800
1002200
1051500
1013000
1012100
1099100
992500
982700
1115200
1535000
1260100
1148900
1013500
1117700
999900
995100
1007100
1009800
1007500
1034000
1016800
1008200
1001400
1001000
1170600
1222000
1252900
1111100
978900
1006600
990700
991600
995800
1004000
1095500
1012300
994600
995000
1000000
1009100
1149700
987800
1099200
982100
995600
1000900
993900
1001400
999800
1026900
1034600
1015700
1007200
1011300
1007800
1041800
1302600
1110000
1091900
1152900
995700
1004400
1017900
1000500
1021400
1112900
1185400
972300
990300
1009200
1136400
1322900
1167500
1005800
1007000
1002900
1001600
1002600
996300
1009000
1133000
1000900
1003300
1005400
992400
997800
1041400
1185700
1128300
1049000
1350600
1058300
1031000
1025000
1032900
1061800
1057800
1040500
1039800
1066100
1168000
1017800
1385200
1146400
1015800
1006700
996400
997900
1001500
1017200
1063300
1009100
1004000
990800
998200
1027200
1008600
1076300
1196200
1091800
1012400
988600
996600
980600
993500
1010600
1002500
1011300
1005500
1014400
1004300
1006900
1014900
1033400
1059900
1335100
986900
1020100
1001300
1000700
1003400
1080500
1005300
998600
1003300
1029300
1002900
1011600
1020000
1030800
1008200
1161900
1036400
1036200
985500
975300
1050300
998700
1006600
1032000
998200
1001500
991400
1011300
989700
1002900
1047500
1143400
998100
993900
996200
997500
1000600
995400
996100
1002500
1050700
1005100
993800
990200
994500
998800
1000600
1206500
1084800
1004100
998200
1003800
990900
996200
988800
1004800
997400
999600
996500
1023200
1061200
1012300
1123400
980900
994000
1005300
997500
985000
996200
983800
991000
992600
986000
991900
984300
994800
993400
1113000
1016700
987100
995700
989200
983300
982800
1008900
1000500
1007300
1000400
1016100
1005100
1012700
999900
1059400
1006800
1001800
998300
1014400
1004900
1020700
1004300
1005900
1015300
1004300
1011900
997200
1000400
1001100
998300
1077000
997000
971400
968900
988900
1000400
998300
1002300
994800
1000800
1042600
991900
983700
997500
997100
996600
1024900
997100
991000
988500
982500
996800
998800
986600
997100
998700
1019800
992400
1005400
983200
1051500
988200
1186600
1006000
997800
984900
979700
983100
1000400
1012000
1009400
1008100
1005800
1022500
1008800
1019200
1226200
1030500
1003200
994600
1050000
994300
1003200
1221900
1215600
1019800
1030300
1030500
1020700
1020100
1015900
1008400
1023600
1017900
1027100
1016900
1014700
1023900
1031700
1309000
1149700
992200
982400
983300
984200
983200
1007000
1001700
998800
1001700
1006800
1001400
999400
1013900
1012400
1014900
1108300
997800
996100
1007900
998800
984400
999800
997600
1017400
997200
995000
1003500
997800
994900
993100
1003400
1053600
995300
992500
993300
990900
1000000
989400
990400
998900
994500
1001000
986700
997400
1009600
999600
1050700
996800
1000500
1003200
987900
1007900
1009300
998000
1009000
1001600
997100
988000
996000
987900
994800
1001300
1054800
996500
981500
968500
996600
980900
992600
1000700
996000
992100
1009700
993900
992300
999100
995400
1063000
1114600
1003400
988600
992700
1004900
1011800
1018100
999200
1008400
1005100
1019600
1008600
1007700
1006900
1006200
1121200
1038100
1029800
1005300
1016200
1002800
1005900
1010000
1015000
1012000
1002800
1007100
1010100
1013700
1017800
1014600
1123400
1024000
1121500
1259500
1148800
996200
1026500
1196100
1056800
1036000
1018900
1015500
1083700
998700
1303900
1129100
1006300
1039700
1044400
1050500
1296900
1080300
998400
1010800
1018900
1017800
1021300
1023800
1004000
1052800
1004100
1011100
1016200
1010600
1069100
1252300
1202500
1143500
1355100
1087700
1015700
1010800
1002500
1022700
1065700
1014900
1012600
1014000
1017000
1001000
1014700
1164700
1038300
1007800
1006300
1006500
1011300
1012800
1000700
1038200
1019100
1010800
1003200
999600
1010900
1006200
1012600
1046800
1105900
1065700
1247500
1034600
1012000
1014300
1026800
1050500
1007900
1015000
1072700
1020500
1011700
1020300
1112000
1283200
1090200
1014700
1001100
993600
1012500
1003400
1043400
1003300
1012600
1018800
1005700
999600
1001300
1012700
1038500
1068900
1139500
1208800
1086700
1018700
1001600
1054800
1016600
1002400
1022500
1019700
1029800
1000500
1000500
1040700
998400
1075600
1050100
991700
993400
987900
1003200
1061300
1016600
1013800
1014000
1007500
1006900
1014800
1062700
1034500
1118100
1350700
1040100
973800
980600
996400
1054800
995900
993700
1009100
1000700
1006100
1006600
1017400
1103700
1018700
1019400
1137300
1089800
1688200
1159200
1089500
1024700
1022000
1013800
1020000
1047700
1058200
1071500
1068100
1041700
1028900
1069100
1161600
1058300
1002400
1140300
1014100
1019000
1008300
1016300
1024500
995100
1012200
1062000
1004400
1019300
1012700
1504900
1070400
1063600
1094100
1012300
1009800
1033500
1056700
1071500
1032800
1060300
1046200
1077700
1087100
1119700
1313800
1170000
1207500
1219100
1062900
1037800
1040600
1036800
1037200
1062700
1106400
1030300
1025600
1031200
1051000
1050500
1140600
1049000
988200
986700
984300
995300
988500
1017900
987300
1048900
988200
1000600
999300
1001700
997000
1056000
1302400
1132000
1114900
1080400
1081500
1057000
1005900
1031200
1036300
1086200
1080000
993800
1055300
1047500
1040200
988600
1544100
1076200
1049800
1083800
1114800
1055400
1054800
1106500
1044300
1040100
1050700
1075200
1057400
1083200
1381600
1132300
1035500
1017600
983600
987300
996400
1004300
1063100
993000
995900
1013200
1006400
995000
1040000
1055900
1079600
1140800
997000
1111700
1102700
1266400
1043700
1119900
990500
990300
1033700
1015100
997600
1000000
1005700
1034400
1070200
1152300
1095400
1063700
1155100
1061500
1122200
985300
988700
1018600
997300
999700
997000
998500
1025200
995400
1118000
1050100
995100
996700
1006300
989800
1081500
993400
995500
988700
991300
995200
989300
995800
1022500
1002700
1014600
1135300
1037400
1018200
994800
1047500
1059600
1023700
1010200
997000
1001600
1015800
1012700
1078400
1072300
995900
1017400
1169000
1010500
999900
1000200
1091500
1001000
997900
1014000
992100
991800
999600
997600
1014800
994300
1047800
1016900
1072100
1183100
1076400
1054000
1054200
1012900
1009000
998000
1000400
996300
996300
1108000
1011500
997700
996700
992900
1083500
1100000
1017500
1055000
1022600
988000
1006100
1000800
991500
989500
1020800
1021900
1024400
1013700
1023300
1022400
1103600
1112600
1007400
1053100
995100
1053200
984900
978700
999400
1001100
993600
992400
994700
1000000
991000
1000200
1000000
1359700
1026400
983800
979900
987100
995400
1010900
996900
998700
1010900
997400
989300
988000
1034000
989900
993300
1107000
998900
1260900
1147100
1002000
998900
997000
998100
995600
994500
1013700
990500
996600
997000
999600
989100
1053400
1079500
1011500
1098700
977600
1129000
1003100
1003100
1000400
1002800
1026000
1004100
1007900
998400
995600
1055000
1363400
1008900
1007300
995900
1011400
1001100
1002900
1045700
1025300
1002500
970100
977300
971700
994500
999000
1051500
994400
994400
1003800
992900
999100
1006700
1001400
998000
1004400
996500
1002900
998200
1013100
997900
1001900
1010900
1007500
1229600
1136800
1419600
1175400
1063100
1024100
1045200
1029100
1047400
1058100
1048100
1026500
1039000
1027700
1030800
1122400
1007700
986700
987800
1026700
999300
999800
990700
992400
994900
993500
992500
999900
991900
994000
1044400
1029900
1271800
989000
979100
976700
985800
998700
1001400
992000
991900
993100
1005900
1015100
1055200
998200
994200
1000200
1224600
1169300
1014800
1000800
991900
994300
1006100
990000
995200
988900
1018900
1000000
1007100
993800
990200
1062200
1234500
1005200
997300
1000700
996800
988900
999100
993500
1002900
1010300
1005400
996100
990000
990500
1008900
1003000
1045500
996700
995300
1070900
989300
1011300
993300
991400
1000600
990900
993100
1007600
1140100
1274800
998900
1277100
1080800
1068600
1034800
1088000
1007100
994300
986000
998100
1004100
1016100
1015400
1058500
1004700
1061000
1068100
982800
984000
1315700
1123800
990600
990200
992600
1002500
999500
1002200
1067700
1098800
1003000
1132100
1016200
981800
985200
996500
1180700
1047000
1005400
1013400
1006200
1006100
1050400
1010000
1050100
1047400
1015300
999300
1014900
1010700
1004900
1021000
1310900
1065000
1090300
1144700
998000
981400
1006700
1047800
1086000
1036600
1063200
1004600
1012300
1030100
1007400
1106400
1234900
1066700
1025000
1011300
1000000
991700
1004000
1072000
1000900
1000700
996100
992100
1004200
995000
1001900
1084700
1167900
1038000
1296100
1061300
1045300
1027300
1144700
1004800
997600
998000
1025700
1001500
998900
1007900
1036500
1079300
1066900
1031800
1001200
991300
1011700
1063400
1021300
1009500
1013600
1000500
1004600
1003300
1017200
1067300
1019400
1002000
1139700
1159400
1004800
1000900
1001800
1099300
991400
1006100
998400
1009700
999900
1004800
1003400
1095000
997100
987200
1055000
1134900
1106500
1144500
1087800
997200
997400
994400
1025500
1017600
997700
1003100
1036500
1005300
987800
1065600
1177200
1078800
982900
997400
1032000
1009600
1003900
1002800
1001300
1034000
1029200
1019900
1035700
1007600
1013800
1106900
1184500
1007500
1001700
1055600
1002600
1004800
1001600
1010600
1002700
1005700
1003900
1041000
1001900
1005300
1047600
1054300
1212500
1027200
1351800
1056000
1003000
998400
1028600
1007200
1004600
1004500
1063100
1006400
1011800
1001300
997000
1193300
1172200
1012700
1111400
1006000
998300
1063700
1011000
1002900
1002100
1059200
1046300
995000
995900
1005200
994700
1188600
1147100
1146600
1200000
1105400
1020800
1054400
1041400
1037300
1130200
1033300
1151900
999800
1125500
991900
991700
1393400
1252500
1070300
989400
987200
982600
986300
1015800
1037800
1013200
1010900
1014000
1005900
1006200
998100
1112100
1183100
1029500
1017900
989600
999200
1003100
1006700
1006200
1062600
1001400
991800
1000300
998600
995500
1097700
1292000
1196200
1005800
1008200
1001900
994600
1003300
998200
1094600
1009800
991200
986900
997600
996100
1049000
1002400
1035300
1106300
985900
977300
990000
990100
1008700
1007200
999800
1002800
996600
992900
1001700
1001000
1009100
997000
1105900
1079700
996800
1004300
997800
1009100
999900
1041200
1144900
1000500
1003700
1013000
996200
995800
1007700
1002600
1000400
1214100
1080700
1002500
989900
1003100
1000600
1008900
1009200
1005600
1018800
1071500
1003500
1005200
998200
995100
997900
1040300
1283800
1009900
995800
988400
992300
1001000
1012200
1015700
1006800
1004300
1005700
1000400
1025200
1007300
1008700
1072300
1014000
1011500
1028800
1027400
1005000
1004700
1007800
1013800
1004600
1000400
1008200
999200
1001600
996400
1040200
1016000
1011200
1007900
1005800
1003200
1003100
1003000
1013000
1003800
1010400
1009300
1005800
1005100
1005400
1009400
1068000
1019200
1004600
1010200
1006000
1007000
1015800
1009000
1005700
999500
1009100
1001800
1008400
1012200
1005700
1005600
1175900
1022100
1241900
1228700
990800
982200
980300
1004200
1002000
1054000
995200
1083400
1167900
1172500
1016800
994900
1017100
1126500
1038200
1155900
991400
1001700
1004900
1016400
998900
1008600
1006100
1004100
1045100
1003100
988000
987000
1007900
1007900
1171400
993400
1006200
1032600
1009000
1000700
1140800
1123900
978900
1014700
1069200
988500
1007400
1009200
1006200
1007200
1009600
1132600
1058100
987900
974600
1002300
995500
1004600
1000300
1105500
1032600
1029800
1003300
1013500
995300
997200
993800
1164700
1044000
1000100
986200
994900
1003500
1005200
1004300
1099200
994000
984900
992500
1006900
996700
990300
997900
988300
1358000
1098500
1261900
1166900
1019600
1002800
1066900
1001000
986400
993200
1001600
1017400
1005300
1011500
1027500
1262200
1069400
1051300
1024300
1016900
1014100
1032800
1023800
1021000
1029300
1017700
1006400
1016100
1006900
1031300
1197200
1148700
1048600
991100
984500
1016900
1019100
1037500
988500
1009700
1002100
1008400
1016000
1009400
1001400
1047000
1143600
988500
970800
974000
996300
1068200
1002300
999700
1014700
1006900
1013100
1004900
1009800
1189800
1009600
1007700
1061200
1139800
1018600
1166800
1328400
1006300
1007200
999700
1005000
999200
1018900
1004800
1053900
1126300
985800
987300
1436900
998900
1018600
1064200
1014300
1014800
993100
1002900
1004500
1007900
993700
1038200
1010800
1028700
988400
1020300
1128100
1022600
1008400
1044400
1010900
1000300
1011800
1009700
1016500
1003000
1002300
1038800
1002900
1006200
1041800
1021100
1123800
1195200
1208200
979700
982800
992300
993500
1067700
1003200
1041800
1225600
1123200
1083100
1013300
1007600
1003000
1376600
1090800
1000800
984800
1016100
1009000
1007700
1013000
1016600
1037300
1001500
1015000
1005300
1006300
1016200
1039300
1137300
1105000
1006500
1001900
1003400
1003300
1059300
1006000
1049600
1126000
1054600
1005600
997800
1007700
1022900
1001300
1109600
1172200
1297000
1062500
1010200
1002300
1005800
1018300
1071500
1040300
1057900
1008600
1037900
1024100
1004200
1176100
1175100
1073100
1070700
1093500
1061200
1068700
1109000
1040300
987300
1029600
1018300
999700
1020300
1014100
1057200
1083600
1039600
993100
994300
1014300
1003800
985300
990300
999800
1015500
996000
1097000
1004000
996200
1033500
1104200
1063100
1151300
1016000
995800
998200
990300
1024700
1037600
1037400
1001200
992700
1002100
1002600
984100
1043600
1043900
1002000
1141000
1041100
1025400
1018000
1023300
1083300
1003500
989800
991400
1010800
988200
1000200
990800
1013300
996700
986700
1074200
1130200
983300
977600
1012000
1057000
999200
991300
997900
986600
996500
996900
994200
1104800
1052000
977300
1107300
1053100
987500
1005500
1041800
984900
974600
991400
1007400
994000
1008400
990300
992700
996000
1027700
1004700
1003000
1074600
1002300
998800
1112900
1169400
1161100
1028300
1008800
1006400
1002000
1026700
1036800
989000
983900
986600
1007800
1265400
992600
1014800
1314000
1004000
994200
1001800
1016300
1004200
1009400
1143600
994900
990900
994500
1020300
1015100
1113000
994600
1016900
1006800
1004700
993900
991700
1004300
991200
1005600
1152800
1033500
1011100
1019000
1012800
1019200
1085100
1007100
994000
1000200
1030000
991900
993000
1003700
1028300
1034700
1033400
995300
1010000
1006300
1019400
1018800
1020100
1000500
1144900
1157000
1033400
995400
999700
990700
1012600
1087100
1076400
1045500
1022100
1012100
1015700
1035800
1209600
1039600
1034800
1025900
1020500
1079900
1116000
977300
1046900
988700
979400
996800
1007200
998900
1004100
1047800
1082600
1026100
996700
1003000
998000
995500
999000
1001100
999500
994100
989100
1033000
987400
995100
1105900
992400
1044100
1055600
1006600
999800
1003100
1001100
1000300
993700
1085300
993700
1008500
1001600
994400
999800
1002200
1012800
1006400
1065000
998000
1296000
1089000
999000
1013600
997200
994100
997600
994800
1002600
995000
999600
1016300
1029100
1007000
1138500
1021200
1080900
1005100
984900
1012000
1010500
994000
1007200
997100
993800
994700
987800
990900
1053300
983400
1264100
1104900
1000800
998300
997000
996900
999600
1021200
997500
1010200
995400
1009400
991400
1055400
1011700
971600
1300600
1039200
982900
981100
1015900
1034200
984900
992800
1003800
988700
997600
992900
1000400
1111900
1002700
990300
998300
1020700
1027900
993300
997800
1062500
992300
997200
987300
1008200
983800
999400
991300
1061600
1001000
989500
996600
1006300
1141200
1101400
1229100
1040200
996000
1005100
1009700
1004600
989900
1013200
1001500
998000
1000300
1008700
998700
997800
1248500
1049100
1067400
987600
992400
1004700
996800
1001600
1000800
1000400
987600
990800
992600
1003400
1026200
1104900
1209800
1083700
1003100
978000
978800
999900
1006600
996700
1002100
1029400
1001900
980000
1088100
1020600
991400
981200
1321700
990900
992700
1011100
1012000
990100
992400
997800
1005900
1041700
1000000
1005900
997300
989100
1000500
995000
1106400
1094200
997100
1001800
1002800
993100
998800
999000
1020600
1001700
1001800
1016700
994600
994200
1005200
1001700
1101700
1145200
1041400
1030900
1023800
1026200
1019500
1032400
1062600
1055600
1047000
1053700
1026300
1018900
1078900
986900
1080400
1057100
985900
977000
987700
1012500
1007200
1202900
983500
1003700
975100
999100
991000
997900
994600
994400
993200
1111000
996100
1001000
1004400
1014900
988300
1070700
1050000
987100
1045600
993300
995200
999000
990100
1035200
990600
1345000
998900
977500
974500
1019200
1000300
1113700
1005100
1005900
998300
989600
999900
1002900
1029500
1064000
1003100
1051600
1147400
1155800
1077000
1179300
1081600
988000
993400
1022500
1014800
1220700
1013000
1058600
1030000
988300
1001500
1242300
1079500
982700
985900
1056500
1022700
1006200
1004300
1008700
1006800
990600
1001900
1026000
1007400
1012500
993400
1098700
1038400
991700
1041000
1036500
1005800
994200
1015900
996400
1010200
1000300
1030300
1093400
1058900
1031200
1150200
1048500
997200
1020200
1021200
1006100
1011700
998700
1006700
984900
993700
986100
1108800
1005500
993400
992500
999400
1002900
1087900
1015900
976700
983600
983700
986100
1028500
989600
1008500
999300
1015100
1004800
986600
995200
984100
1017800
1096800
991200
1008700
994500
1004900
998800
1006400
1008600
1003200
1010000
1188900
1004900
1008800
1003500
1009900
1000200
1038900
1106300
1028600
999800
997400
989600
983500
1012700
994500
995700
999300
1004200
993700
991900
1001400
997000
1014400
1143800
1007600
1002700
1005800
1009800
1009600
1010300
997100
1002500
995000
1041800
1019700
1015900
998500
995100
1121600
1369400
1010200
997300
1001100
1038900
992500
998500
1053200
1008800
996300
993400
999300
998400
1004700
990700
1016300
1078000
1000200
988800
989300
998600
1002400
1009000
1042200
1083100
1002000
1004400
995000
996500
1016800
1004200
1059900
1045100
1098300
1008800
996500
993500
995900
993900
1029100
1010000
992800
1021000
1018800
1026300
1009400
1029100
1059300
1000700
1120000
999700
999600
992400
1011700
1023400
1053800
1022600
1023300
1010800
1006200
1007200
992700
1111000
1040200
995700
1031900
1073800
1132200
1118200
1050400
1053600
1025200
1028100
1052900
1021600
1042400
1045000
1018300
1023500
1010500
997800
1181400
1055900
983100
1112700
1050800
1117300
984400
990000
993100
999900
1022900
1004000
1047000
1010500
1053800
1042500
1386800
1058000
1032300
1048900
1054800
1016800
1040700
1073200
1012500
981100
965100
1009600
986000
997300
1002300
1025600
1111600
1013800
1017300
1050900
997300
991000
1033500
1002000
1005900
994600
1004000
1141900
1030200
1022300
1006500
1022200
1039300
980600
1103900
1220200
1016000
1041000
988500
994500
988700
998700
1024700
996800
988900
1006400
999800
998000
1038900
1144600
1064500
990800
1017900
1005300
1016600
998200
1010200
1028000
1014000
977000
972900
999600
990400
999000
1104000
1161400
1011900
981800
973200
992000
997000
994400
993000
1029000
994100
979700
981600
999600
994800
994200
1037200
1094500
1068700
997300
990600
994100
989800
995200
994400
985600
998000
996400
1005300
1003500
1002200
998500
1101100
1140600
1005400
1010500
1108100
1144500
1129000
987200
1032500
1029000
984800
994200
997400
988000
1010300
992700
1010900
1237400
1077400
1000700
978300
995200
1022900
1006200
1054600
984500
983700
999800
985300
996500
989800
1004400
1067900
1031900
1299000
1011400
986900
989100
1018600
999200
1064100
989500
1003900
993600
1083600
1003900
1002100
1109800
1009900
998700
1291400
983300
1004800
979300
985400
1063500
994600
1005200
986800
1061300
1019400
1007600
996900
1021100
995900
1030900
1077900
1023600
997500
996700
996700
1099800
1012700
1029500
999200
996200
1000200
994600
990600
1043600
993100
997200
1016200
1124700
990800
998400
1006000
1034300
1004800
991200
995600
990400
994100
998800
997700
1083700
993800
993200
996800
1077600
1006700
996700
1012500
1020100
996400
987400
1001800
990500
1007300
989500
1006800
1051500
1006700
992300
1005900
1022600
1057200
1000300
1033000
988500
997200
1003300
996400
1001700
994000
996600
1085200
1011700
1014300
989000
996600
1018800
1169500
1024200
1051800
1018100
1035600
1003800
1021000
1023600
1016900
1003100
1080400
1023700
1015800
1032900
1004700
1002200
1043400
1149900
1212600
1095500
1245300
984800
994300
1000700
1080400
1085900
1200600
1017200
1116200
1118700
1001300
1274200
1060900
978100
974200
992300
993600
993000
989800
992700
1025300
991100
990700
991300
988000
1000900
1007400
1027600
1131200
1032400
992100
991900
998000
993300
994500
992000
1013900
997200
1039200
994000
1013600
995200
998400
1054300
1138600
1393500
1062000
1025900
1069700
1038400
1050100
1076300
1076100
1091200
1062100
1036800
1066200
1027000
1040300
1205600
1062600
1026200
1033500
1035800
999800
990900
1064700
1088100
995000
1001500
1003900
999400
1014800
1058600
1081200
1385900
1070400
1027900
989600
982500
1000600
1080000
1024700
993600
1006300
1021800
996900
1000500
1015000
1031400
995400
1092900
1083200
1019200
1000900
1002200
1011400
1029500
1016000
1005200
1002900
991200
1010100
1054300
1024500
1093700
1090800
1220400
1064800
989100
1020200
1037900
1044200
1009000
1084500
1068400
1074000
1006500
1006600
1044700
1095700
994900
1044400
1126200
1013900
1064000
1049800
1059300
1044800
1021500
1088400
1089700
1042700
1061400
1094300
1096200
1072400
1029600
1018800
1221900
1084800
1033200
1072900
1002700
1028900
1003000
994400
998600
1010400
1016100
1069500
1009100
1011200
1002000
990700
1126800
1033100
1049900
1040100
1023900
1010400
1012400
1022300
1091600
1038300
1025200
1015100
1020300
1059500
979300
1270300
1026000
982200
1059300
1113700
1024700
1044300
1030300
1031300
1035400
1100000
1110400
1012400
972400
982900
1002600
998500
1064800
1044200
1014000
1001000
1011400
999100
1012100
1026600
989900
1024800
988500
1009300
995800
1002700
984700
1035100
1208900
1082900
1075000
1038000
1032100
1032600
1062700
1032400
1045200
1072600
1034900
1033100
1030500
1021900
1017100
1020800
1097000
1076000
1079900
1056500
1057500
1046300
1038100
1037900
1067600
1025300
1084300
985600
977900
985600
976400
1016800
1076300
1080700
1069300
1237400
1135600
1113500
1057800
1051300
1025100
1045900
1091900
1219300
1015700
1156700
1116000
1087500
1007100
1016700
987500
1000400
989300
995300
1007100
1005100
1036800
1014700
987600
992100
998400
1005800
998600
1021100
1150200
1281400
1082100
1194200
1025000
1033000
1034500
1270400
1023000
998800
1007100
993100
1025600
1001800
984900
971200
984400
1009200
999900
1007400
1008300
1023400
1040700
1085100
1078400
995000
1004600
996700
996600
996000
993500
987100
991000
983300
999200
1000300
990700
985500
1127900
991000
1089000
1003700
1010100
994700
990900
997600
1006300
1017400
1003500
1017700
996700
1000500
986900
996800
995600
1104300
1157300
1008600
992400
1012000
1005600
1007200
995600
1012000
992300
988700
1009400
1000200
995700
1002300
997200
1036200
1008200
983100
995700
988000
1004100
990300
993300
1000500
987600
1004000
1000300
997800
1003800
1017700
1020100
1113400
1011700
993600
995400
1004100
999400
998100
988400
1017700
1006500
1008600
1017000
1020400
1029500
1006900
1029500
1078100
998900
989000
985800
976300
964000
997900
1026400
991100
990800
987400
1000200
984800
998100
983900
1104000
981100
983800
977900
984900
981200
986500
996800
989700
1013100
1005900
998500
1001100
988900
1006100
993500
1087400
1007400
997400
985400
990300
985200
991200
992000
1000600
994700
993000
999800
993100
987900
992500
1005500
1087400
1016500
987600
982700
984800
976600
995200
1009000
1000800
1005800
990800
995300
997100
1054700
987000
997300
1144200
985000
992500
985100
999100
988100
990400
1012500
991300
1002400
1001200
994000
987200
994000
992800
987600
1206900
969900
974600
970800
985100
1005000
981900
990100
992100
988900
989800
992500
998100
987000
1003600
1159600
1002500
1083100
989800
973100
965800
993200
995400
987700
1011100
987000
1000600
997700
991200
988200
994200
1060900
1005100
999400
987800
1002700
997400
996100
989600
1003300
995300
988700
1003100
992600
995900
993600
995400
1067600
1085800
1006900
985500
976600
982600
996600
1001300
986600
996600
998000
987100
987000
1066100
995600
998000
1346600
1008200
979000
974700
976900
994100
985800
984600
997200
994200
988500
994600
992500
998400
984800
1137000
998000
1036400
983500
983000
990500
1014500
986700
998200
1001300
994000
997600
993300
1002600
982500
996900
1150900
989000
979000
980800
970600
993100
991800
991900
993200
994200
1002800
1024500
1002800
989000
1000900
989700
1254600
1279100
1020000
1001600
989400
1000100
984800
1006100
994300
1005400
1011700
1006000
1043400
1010400
1096600
1073200
989100
1002500
1018500
1004000
994800
991000
1000100
991200
1006400
1000900
1016000
999900
1002900
1218400
1003200
974000
976000
980400
1000800
991000
1000700
1000600
990700
998400
1000800
986500
996200
990000
997900
1195600
981500
983000
980400
1005700
994600
991500
983100
995700
989600
991000
995000
996300
1007000
995100
1014600
996400
1188600
1010600
998500
995200
1010000
996200
1017200
1000600
987200
995400
996700
997800
992500
994300
995600
987800
1227000
1004800
975800
970000
967200
993400
989700
1031300
1000100
1004800
994800
1061800
993100
999500
1004000
1109000
987800
975700
976000
998100
988700
991300
1000700
1003500
990700
987600
1000600
992300
1000800
1001400
1005100
1096700
1002100
1014700
990800
992800
995900
994400
994500
1006800
998700
990100
1009000
1006600
1024100
988300
1103500
1029900
1013700
1179400
1031500
971500
977000
983800
1001200
993200
1005200
986200
1011000
1002000
986800
1104800
994500
997700
995300
1006000
1046000
984500
978500
965600
989900
1002200
995700
1007600
997000
996300
989200
1084100
1069400
993100
991200
1006600
996200
1000900
987500
999200
987500
993700
997300
991500
993700
989000
1000800
1224400
1112000
1070800
1062600
1126500
1225500
1302600
1012000
1033100
1011500
985100
993000
988000
1005300
1009800
1186400
984600
983000
992700
990200
1002400
1366500
993600
1175900
1108100
997600
997500
993600
994300
1003000
1009400
997000
1004700
1000800
1006000
1000100
1002400
1072800
1221900
1065500
1005300
1011300
1003100
1013100
997700
992600
1008800
1005000
1001700
997200
993700
991200
992500
1020500
1160000
1454900
1018100
980400
975700
1011000
999300
1004100
1004900
1192700
1021800
1002500
990600
999200
1058000
1097800
1193200
1151400
973600
969700
992500
999000
1002200
1015900
1006600
1003600
998400
989800
1001000
992300
1013100
1141700
1155300
1097800
1002900
1000400
1005600
1004100
997700
1002600
1001400
993200
996300
1011300
1004800
995800
1044900
1137600
1085700
1049700
1424600
1075100
997000
1005400
1001600
989800
1016000
1014600
1009200
1008400
1027700
992100
1006200
1023300
1064500
1025600
998700
1009500
991900
1003800
993900
1013400
1000200
995200
992900
994500
999100
987000
996900
987600
1235400
1075100
1002500
996200
997400
1007200
1001500
1002500
992200
994800
992000
992200
1000800
989200
1017600
1157300
1107600
1009800
1039000
971100
977800
985400
1004500
988800
986800
999300
999400
1001300
1001200
1002600
996600
1187400
1008000
979600
987900
994000
1005600
989600
1001600
998700
993300
1001200
997300
993000
1009100
999400
1005500
1086900
1001100
996200
995800
996800
990400
1002700
1004700
995500
1001600
995800
1006400
1003800
990600
1000400
994500
1152800
992900
973300
979100
982900
995400
988500
989900
985400
1002700
993700
1018900
1005900
1008900
989700
1152900
990500
1012300
975300
974400
992400
988900
998400
991700
992300
988300
1008100
987400
1003400
996000
993600
1157700
995100
977400
985400
1059200
981300
1014600
996900
1027200
984500
999700
983400
997000
1002200
1005900
1095100
992400
989000
973400
985300
989900
994900
1003200
995200
1014000
994300
995900
1000500
1002900
997400
996600
1109600
989300
995000
992500
995700
981800
1012000
995600
993300
985600
988500
1000200
999900
1009000
1000200
998000
1156000
997700
972600
982200
977800
991500
998700
1001400
995200
1015800
992500
985900
995900
982700
992500
995300
1080700
980100
981100
977100
991200
999100
986700
992200
1003500
989200
990700
991300
988700
995600
997800
1117600
1317000
1159900
1135700
1036100
994600
1002200
990900
1000500
1049700
992000
1046300
1026500
1006400
991000
1010300
999400
1004400
1119000
1023700
1017100
992000
991600
994500
994400
1023600
1166000
1013600
991700
1010000
989400
1033700
993100
1054500
1012300
998900
998400
1001900
1016500
999900
1006500
999200
1157800
1267500
1021500
1014800
1002900
1010800
1016200
1001400
1004700
992400
994000
1015000
991400
999400
1000300
1145200
1490900
1055000
1038000
1061600
1093900
1043100
1043700
1039400
1019800
1020400
1042900
1066000
1025600
1029600
1134000
1207800
1064100
1026500
1059400
1019500
1045900
1065400
1055900
1056600
1114300
1013300
1191000
1035600
1041700
1077600
985000
1086600
975500
994200
1009300
994400
988800
994800
996000
992700
990700
993800
986200
990800
1053200
1011900
992600
1068500
1011200
994200
1003100
1000700
1012700
993900
1000100
999800
1006500
1003600
1004400
995600
1003000
990800
1001800
1046700
1084600
1005600
988600
994100
996200
994100
990700
993600
998400
994200
992600
994500
990900
993500
990800
995300
1082300
985200
994600
991700
990800
1001300
1008300
985500
992400
998600
1006100
1006100
997900
996600
992000
993100
1038600
1009400
992700
1008600
993100
998100
1006700
1021400
1033000
1002300
999200
995500
989100
1001300
985000
999800
1177500
1006500
986300
983900
