148000
108700
109200
106700
111500
108700
103500
107200
123600
103000
151000
116100
110000
117300
128600
141500
113100
110400
111800
120700
112400
108200
144900
108000
179200
190500
123200
165200
247200
113500
124900
116300
132300
133500
125500
113600
120600
131900
141100
106200
110000
232000
117700
101200
111700
108400
102600
107400
108700
112600
112800
114800
129000
129800
110000
117400
124200
107300
107900
116500
106000
114100
113900
134800
115800
118300
127700
113200
114300
226200
121600
129800
108700
103800
110900
110600
100900
109200
108000
116200
148800
122100
165800
118300
116300
118300
127300
110900
120400
119900
125400
112200
138300
112800
100100
116500
112000
125200
101800
178600
106400
106900
102400
102100
137600
112100
104900
109900
118900
119500
112300
116200
119700
124600
116200
110700
110600
112200
119700
126600
110700
112200
105700
116400
173500
148000
105800
113700
107900
116300
110700
103600
123700
109900
111100
118300
101200
113300
128700
110000
125300
117700
112500
109900
112500
112600
113400
106000
132800
104200
118700
140600
108700
104700
111700
128700
113200
114800
108600
103300
118200
105400
107700
115300
120400
275900
110600
123600
109800
133100
270100
169100
112800
121600
122600
125800
131900
116000
125000
110900
113200
116800
129200
109400
107100
133500
122600
113800
113200
112800
120300
121000
114100
111900
107100
113300
108700
134400
149700
119400
297500
129800
130000
135100
104100
141400
111100
108900
120900
107800
144100
144700
103100
105000
105000
101400
131900
138200
117100
120400
113300
151000
114800
113400
145800
108100
123100
159200
108400
111200
107500
103300
118000
162000
119300
106500
110100
129000
118800
122100
119900
115100
121300
109000
110900
110600
120500
124500
115100
124800
117400
151400
191600
127800
108500
220600
112100
110700
109900
197700
112100
105400
113300
105500
114900
120100
119800
137700
120600
105600
131400
111200
109600
114600
107700
112700
104900
105400
103300
101800
97600
106100
99600
105400
103500
102500
135300
104600
114800
197200
141800
199100
142500
164600
190100
116800
148000
200500
139200
176600
201300
188900
189000
153500
144300
177200
233100
176300
173000
180100
198800
198700
156500
150400
160400
151600
117400
111900
195700
167500
116000
113900
103000
115300
108800
108200
133700
109700
111000
127600
110700
110500
110400
115300
123800
117300
116600
124300
121300
113900
104900
118800
107700
105500
106100
109800
114600
113300
104700
109700
105900
113900
118900
115500
125000
99900
105800
101900
108900
101100
140900
102500
223900
104300
112500
115500
116800
112800
122700
114700
106000
119200
105500
109400
105100
113200
110200
110200
141600
128100
106400
146000
129300
126700
179200
104300
113400
107600
117000
147600
106100
113200
118900
115700
116400
109900
119600
107600
132800
262400
114000
126100
121100
110600
126300
190900
136300
181800
117900
111400
101000
128400
120300
108800
100100
109400
120700
113900
116100
115900
111800
101600
141300
111000
115600
112200
106700
137900
146400
114700
117800
109500
115600
116300
119500
115000
108200
103200
105300
118200
117200
115000
113900
114000
123900
137300
119100
113200
105500
109800
104900
112500
105000
100500
106200
104400
100200
134500
113000
111700
165500
115400
127400
106700
179100
135400
125600
202100
107600
110400
102300
133100
113400
104400
124200
105300
161600
140400
106500
103300
101400
108700
102600
110900
129200
105600
187000
140900
134200
152700
111700
102300
125700
118800
115500
113100
108900
100700
126700
101800
108000
112600
105300
114700
131900
105200
113600
147500
110000
113900
116100
106900
108200
109600
117900
108400
116800
139100
110200
124100
147900
109900
146000
116300
127100
294300
104900
124100
106600
111300
109800
117300
105300
121800
112400
115400
112600
113300
158300
105800
109100
105800
136600
101000
102500
286500
119500
129900
158400
104800
102900
107700
105700
115900
115600
145600
110600
161900
153100
111100
146400
111400
133200
115000
112400
107100
105100
108600
137500
144200
110700
107500
118500
132400
123100
114600
109600
108300
132600
126400
107400
132500
106500
114200
134600
112600
104500
107900
106300
100600
121000
111900
114600
108500
144700
105100
101300
112200
106700
108200
119400
113400
132300
113400
158200
169100
118300
109000
117800
136800
138000
107600
111500
115600
107300
111700
105700
118400
115300
106500
120600
179200
105500
138500
111200
108700
118300
117600
116000
111100
104100
109300
116500
113400
109600
113000
254400
127000
115100
133200
140600
103000
107300
103200
157000
115200
106500
119900
117400
111700
103400
116000
103900
105600
116600
105900
104600
117000
108000
108800
106300
114200
124400
179300
154400
124300
134800
151100
124200
100200
102300
133200
117000
101200
104600
117700
115800
111500
109600
104100
115700
229800
108600
119600
112100
106100
111400
114500
102800
111400
106900
102200
105300
101300
285900
113600
103200
114800
109000
110700
113900
111400
101500
126500
104800
103100
107500
119800
111300
101700
133000
151700
113600
143300
220100
105800
117100
109900
108700
115100
110300
141600
116400
101400
102900
100100
119800
101300
101500
101900
114700
101600
105100
101200
100600
101800
106900
105500
103500
100400
103000
109200
100700
116300
101300
102500
101600
115400
105700
104600
99800
105300
113400
123900
112000
107800
108400
104600
113400
104400
114600
101700
110500
101200
101200
107700
134000
106000
114400
121600
135700
128800
105900
104700
106500
100800
112200
102200
107600
106800
103500
99800
106100
113800
112100
109100
168600
150000
129600
116300
126400
120100
125900
105700
115100
107100
104400
103300
103300
99500
102800
109000
103900
102400
108100
102600
153000
108500
114900
103200
110700
101400
123200
102400
114100
104300
104000
102900
104700
109200
118900
100000
104700
120300
107400
105000
117800
116900
100300
123100
101000
112400
103600
113000
141300
164400
114000
116700
110500
123500
104300
154400
112700
113000
121600
126900
123200
118200
116000
126300
139500
101900
111700
135500
132000
145800
142600
114700
108600
137700
115000
140600
104600
107200
127500
114500
128800
134100
115400
125600
106600
141500
253900
147800
136100
133300
106800
107000
117100
105300
121800
105900
139600
115700
106600
128300
180200
123000
111300
123300
113600
107300
120700
128200
248200
115900
114600
109300
133900
108700
108500
113100
115400
109400
105500
104000
121400
139600
135700
112100
113100
115500
122100
109300
116700
107700
108000
119300
114500
120800
120700
106800
129500
109400
114400
115400
122000
143300
108100
127400
122700
112900
115200
115600
137600
115400
109400
113100
151700
119200
117900
106500
114700
110900
119900
103300
130800
203000
127100
113700
111000
106600
107100
108500
106600
118800
116400
108800
117700
143700
115800
118000
111100
118400
110900
120100
112800
164900
107100
118600
100200
108600
152200
101300
102000
107400
107500
118200
102100
104700
109200
103000
101400
108900
119400
99900
99600
101200
105900
104600
109300
103800
142100
146100
128600
106800
107500
105100
110200
104700
118400
119300
106600
110300
109500
111700
102800
108700
113000
111900
109900
115200
112200
110400
111600
105900
115200
106400
113900
106900
151300
111900
144700
118700
107000
151500
112500
133100
120000
118000
124400
109800
140000
112600
113200
111800
139200
115500
125700
148100
193100
124100
124100
129200
114100
112000
106000
117700
101000
110300
103600
109600
111100
117700
110200
108800
125700
131800
112600
116800
108300
108400
126600
130200
113300
112100
113900
160300
118800
107300
107400
109200
119800
112100
138800
119000
119600
127700
107700
112600
131900
118200
107500
112100
126600
118800
109200
117300
114800
117100
114200
109500
130200
137000
115600
139400
123100
111700
117700
116600
106400
109400
112100
109400
122900
137600
141800
114600
109600
107400
143800
112200
116300
103400
107500
106900
106600
111100
103700
134900
113900
106500
117400
116100
105900
125500
145200
156100
147500
120900
124600
123100
116200
115400
109800
121300
123600
116800
140900
113400
111300
109900
106600
129800
124600
130300
143300
157800
116800
134700
110800
121000
107900
114100
111300
131600
104700
104100
108500
113000
109900
144300
111300
111200
105800
134700
111600
169900
105100
152600
147700
139900
121400
127600
156300
125300
129600
122800
135200
152500
143200
157200
120900
124600
133700
120100
123600
111200
234600
103100
132500
159000
107800
123300
116600
108300
117100
110300
128300
136800
121900
110300
114800
111900
102000
108300
107600
111900
117500
100300
104300
107300
115900
106000
108400
156100
116100
123700
121000
112600
117300
114900
107200
179200
108400
132100
107900
129700
130200
131300
131900
131400
117400
110800
137700
107400
110300
110300
120300
112000
113400
108500
158000
130900
115300
105100
108800
111300
105600
103800
109900
108900
114200
102400
104100
113600
114200
107200
117000
101900
103300
116400
134400
103300
116100
112600
138200
110600
139300
146900
102300
113700
109100
111200
106500
107600
165200
111300
117100
113000
119800
103900
115400
112800
111400
109500
131800
107300
115300
110600
108900
118300
114300
109000
109500
113600
130100
120800
108800
108900
110400
122500
111900
108400
106800
127200
117700
112100
141300
107000
121500
115100
107300
115300
127900
121000
137300
115600
105700
122800
111200
118300
136800
111000
121600
107600
113600
115400
114200
105600
125800
109100
108700
130300
119000
116200
119300
105700
114900
107000
117500
118100
119300
118800
119700
106400
132900
109700
128900
108900
105000
111700
117200
112000
112200
115100
159200
110900
102600
106200
109000
112700
120400
104600
105700
110500
103100
106900
106500
121600
115000
227600
123400
117200
100700
101700
104400
132400
116000
114900
99300
107000
110700
104100
117700
193900
105000
115800
100400
114600
111100
108500
109300
100500
109200
104100
100500
108600
111800
170800
130400
105100
101400
130000
108500
164800
110700
109900
103400
106500
113100
107900
128500
103300
102300
99300
126800
143400
123500
137100
103000
102500
107400
105200
112700
104700
105600
105100
109800
107200
111600
110200
103400
127600
170000
104400
113100
121200
140200
131000
127300
102300
112300
103800
108400
102800
106400
106800
343500
180900
120400
108800
118300
115300
109200
110600
104700
134000
117900
104800
122400
110700
113800
112000
126200
149000
158600
120500
105800
113000
112600
102100
105700
103400
135200
157200
166200
102600
140400
203500
134800
171500
111900
107000
100700
101200
101000
119300
120600
105500
134900
109200
137700
109200
106600
131200
118300
125700
125900
108900
109200
102500
124100
103000
107300
122800
108900
164700
126400
103600
134500
110800
110800
121100
109100
147300
124100
130700
215500
135600
118200
179900
110200
161300
113200
119100
131400
159500
116200
120100
113500
109100
120800
109000
119100
125600
104200
116500
104200
106700
104700
119500
150100
112700
107100
125800
128900
112300
109000
122100
117000
132800
130000
158500
124400
106700
126600
104700
104900
102900
112300
115800
112600
117900
143900
114800
114700
191400
100400
106000
151900
101500
113400
112300
135800
145300
117300
110100
138300
129500
111200
114100
114700
104000
105900
224300
101800
100800
112900
106600
112700
107800
126000
103900
102000
103100
109600
129900
171400
121300
119700
107900
112700
108500
143600
124300
108500
140100
112000
107500
117200
113700
110000
141800
114900
141000
181400
134900
108800
128700
113600
107300
101800
116500
100200
110700
102900
306700
113300
109600
113600
168000
121700
107300
112200
174900
101200
101200
114100
98800
104300
116100
117800
112000
146200
106700
115200
113500
102000
108500
113400
115400
129100
238500
114500
108300
348300
108300
105800
99800
108400
106600
106100
103700
104700
119600
118000
109600
109400
119800
99000
181700
115400
102600
113100
120800
113900
111900
119200
140600
127200
153800
113000
115400
113400
106200
121800
100800
107600
125200
108300
156300
180300
166100
106000
112600
144100
108000
138100
144100
116600
102300
162400
150300
108800
134000
121000
109200
99800
142300
104400
117500
129900
119500
110500
106200
101700
102000
119700
128400
127000
101200
105500
105800
106900
116900
115600
108600
348300
112500
107100
121000
100600
104300
103700
100800
142000
106300
131500
108900
102700
111300
145900
102700
104200
114300
107800
116400
108600
195700
117100
112900
107200
114200
323300
289900
140100
117300
140700
123500
116200
149200
171800
106100
105600
149200
112000
108800
100800
108600
119100
114400
121600
289900
111300
101800
102300
103200
112900
229400
141600
118000
119800
109800
121400
129700
123200
119600
125700
176300
151700
103700
130000
111600
105700
124500
138000
108000
113700
102100
140900
125700
141200
116300
107100
116200
113400
168500
108300
124500
147000
152600
118200
111800
116100
113800
115500
106700
102500
103800
128600
101900
187000
103700
107300
101900
122200
116600
111800
108300
113800
148800
119800
107200
112200
502900
117000
123300
120100
124700
420900
120900
116200
106100
114700
113000
123700
115600
108500
119800
112200
205100
154500
116100
147900
156000
146800
184200
106700
150000
112800
115000
110800
110200
106900
112900
117200
118000
119300
203700
128300
120600
122600
129900
114400
111100
113200
105900
122200
138200
111000
124600
117100
112300
121400
119500
140000
132800
136000
112400
178900
124800
122200
118400
388000
117700
103700
128600
132000
185600
122300
190900
441300
133500
102900
101600
111400
105300
134800
104500
136400
100700
102400
102200
113200
100800
108900
130500
122400
123300
225600
148900
162500
107300
102100
104500
161100
129100
157300
104600
104200
105100
113600
100800
135100
184500
158300
119600
117900
141500
114000
124900
108800
120400
114100
104200
107800
418500
111100
114600
109900
121600
130800
127000
109300
144800
163500
140800
133200
128000
110200
102100
160100
578200
117700
115000
127100
114700
140400
116200
145600
112800
123200
154800
123000
125800
126200
142600
140800
114000
110000
113800
119800
107600
111400
112300
107700
111600
127500
125100
106100
115300
131700
103500
136000
102100
107600
103400
112500
104400
101900
140900
123000
116000
106300
100700
101500
107200
100800
109800
103500
120200
158700
114800
109800
110900
110900
109000
106100
114200
104500
120900
143300
108600
137400
105900
111800
108800
150900
216000
121400
164600
120200
132900
142900
118500
105400
120000
106000
144800
118500
112300
100400
136200
144900
104700
184500
116200
136000
121600
110100
142800
173000
105600
107400
101200
119200
98400
129700
137300
142800
309500
115400
436300
131300
143400
145900
124700
113200
118100
115400
117200
112800
118600
356800
123500
125300
117500
122500
148200
108100
102900
106400
176600
113500
104900
119000
116800
128400
125100
101900
102600
113800
102800
132600
108800
107200
105600
125400
103000
155900
100300
121400
107200
111400
130400
102200
104100
112900
101100
108500
141500
106700
116800
112200
113900
124100
122000
118100
127600
120600
113500
116000
111500
107800
136300
124500
124200
103900
104500
101300
114800
193100
104700
122100
108400
119700
115200
110600
126000
105200
127500
106200
122400
109600
134800
101400
110300
99900
100200
130600
137300
98500
113200
129900
127400
109100
118600
348700
109300
114000
115300
115400
154400
107400
102900
103800
144900
138600
107200
102400
110800
105000
109900
105500
110100
108500
102800
101700
107900
107800
108500
132600
108900
104800
340900
117700
118700
115300
109200
106700
107700
127000
116600
119100
148900
137300
117900
117800
110800
113600
112100
109500
114900
122800
125500
145500
118600
112500
115200
118700
173400
112700
132100
117200
125400
120600
113900
146800
121100
131100
114000
121500
127000
217500
113100
110400
113000
117000
137300
115800
109500
141700
129200
111700
111000
126200
135400
112100
111600
112600
111000
129700
148400
137900
131400
165200
125500
117000
115900
134600
202500
117800
122900
117000
118100
117400
105700
122700
117100
106200
126500
127900
135500
107400
104400
104700
120900
112300
129400
113600
117900
125800
112900
148200
133700
466500
142400
138800
126300
116800
112300
121300
112300
101700
143700
102300
100000
119000
110200
132000
104800
169400
283400
109000
139900
118000
112200
130900
112200
129000
102700
118400
124600
118200
114700
129000
140900
129200
207900
125200
112400
132900
115400
128200
113400
116600
101300
104900
103600
106200
111300
117800
133900
143900
120600
126500
197300
117400
111100
108200
138900
114900
221600
131200
113900
128600
120000
116900
127200
117900
138600
131800
105300
110200
120500
144800
149900
115700
111600
132900
105900
126500
266800
253300
156400
212100
103700
119300
131500
123000
109000
125100
110800
113700
108200
117800
118000
111100
102600
99600
132000
102400
106600
127100
105500
100500
108400
130700
116000
109000
104400
113000
105600
110300
131000
105900
105500
104300
136100
121900
113400
120500
156200
104200
101600
346400
120600
101800
109600
214300
103100
103500
175200
117900
119700
113000
107600
162200
112700
103000
108000
122900
139000
138000
121300
152900
125000
111200
105700
129000
99800
126200
121200
102500
131400
203300
103400
116400
139800
111300
137300
107000
115900
102200
110700
115900
122100
115400
104600
100800
105400
123400
120200
111100
112300
109200
166200
115400
103400
211700
106300
143800
134800
151600
122100
142500
117900
102300
105800
103900
125100
139300
136700
102600
105100
107100
108500
155300
123600
108100
114500
126000
106800
152000
103200
115500
123600
150500
151300
103300
100300
104200
112700
213800
160000
126200
206000
201700
136800
149200
149100
131600
176500
138100
128600
224800
187800
160700
207300
138300
204700
191500
192100
184600
153900
130200
177100
150200
144400
189600
200400
123200
123000
117000
110900
106600
155300
120900
238400
120700
257600
137700
117700
104800
139500
136900
119300
112800
125700
110900
116200
113100
136800
110600
223300
105600
120400
152500
109500
109600
114500
117100
113600
126500
120800
117000
109000
138600
113200
134900
107200
135600
107200
119300
146000
201900
115300
102600
110800
109200
106200
100800
116400
110000
108500
130900
115800
118800
139200
107900
114600
119100
204600
109200
105900
113100
195100
400000
118800
109200
113600
132400
405600
114300
122600
157000
124800
177600
154300
170600
165300
154200
199600
117900
107400
113600
121400
114900
116800
119900
138100
109100
145200
139800
122500
109600
132000
102100
315200
146700
116300
105000
102100
100600
120700
112000
158400
112100
106900
136200
124000
110200
118600
108300
116600
103400
109200
110500
119300
112600
105600
200200
101500
106900
158500
111900
123100
109500
147700
124400
125100
141200
118900
114000
109700
111200
120300
155200
112600
121400
109900
113300
109300
118200
112100
119100
119700
109600
108400
104700
106600
105300
107500
102900
143100
108100
103400
146600
125700
144700
118700
108400
117300
112600
113600
106400
116500
122300
165700
161000
142500
134900
115500
121600
116100
143500
133200
120000
111100
119700
166600
106400
117000
132200
119500
115700
103400
123100
107700
115400
110300
124800
121000
288800
117600
125400
148900
107100
131000
126200
101200
126800
113200
113100
115900
119500
132000
116700
112000
115000
104500
111000
158800
166500
127200
108800
102700
123300
145000
133200
185700
149700
118900
101500
111300
128600
114300
128600
119300
131200
126400
185800
114800
123900
111000
111800
123700
195500
107800
121200
109100
221700
139300
117200
113900
107900
121000
120300
105100
129800
103000
109800
153400
121100
110700
136000
115000
123100
123900
100100
100400
111100
113500
103900
107800
111700
101600
103600
99300
127900
125100
118000
102400
108700
100400
101700
133100
103300
125900
105700
103200
105100
113600
102100
120600
207900
125200
113800
109900
112800
104400
102200
129100
370500
102700
118800
118500
123600
114400
107300
112100
141300
110400
124300
125400
102500
100400
121800
103800
109600
106000
100700
114000
105800
119900
151100
101100
120200
103300
101400
106000
99900
117100
103100
108700
109100
108700
104700
102600
101300
110300
111900
140300
108800
113300
107400
105900
101600
108000
110800
116000
116000
114400
126600
117500
127100
102000
114300
104600
109100
115600
139900
112500
125100
109800
128000
144400
106300
99400
100000
108400
338800
148600
123600
116900
128100
155700
120000
111500
108500
115800
118400
117100
115500
117300
103200
158100
126500
116900
125200
127500
111100
118200
113900
118100
106100
109800
102100
120500
115100
109000
110500
106300
125700
120900
110500
186600
141100
141500
123400
105200
108800
116700
113000
113200
134300
119900
177200
121000
114800
155800
124000
113100
105600
110500
105600
107100
112700
105700
105900
104500
139500
121200
134800
106300
111600
113300
130100
115300
107700
260300
114700
123000
117600
141200
114900
110000
108600
107000
110800
112000
110400
105800
125700
109800
106600
138100
139100
115400
133200
117800
102200
124700
128400
107000
125100
125800
112600
130100
107700
233200
102700
108300
152100
119800
118300
142100
110500
122000
116600
108800
124200
131300
117400
111300
111600
112300
112300
140900
183400
115000
128000
114000
119900
112500
112600
103500
114800
145100
130300
131600
146900
107400
103200
107500
112400
110400
114300
109500
117800
125200
108500
155900
117400
115600
108900
103400
154500
113200
108500
107500
107900
110800
113200
115800
118400
115900
108000
109500
110300
115500
122500
152000
143800
131300
151900
184700
102300
112200
108100
111900
102500
115000
109700
112500
113200
112100
112700
107900
110600
114800
115600
145000
117000
122300
121700
117900
252600
115400
119300
110400
103800
105300
114600
113000
119200
116900
122900
155800
112200
120100
130700
116100
128100
170700
162700
106200
111300
133300
114900
119600
112300
204000
110200
115200
120500
153400
147900
118400
141600
106400
110300
106700
105700
191600
258500
110000
134300
307400
126500
116800
114000
118300
113200
126600
110100
113100
109600
134600
118100
175500
126700
107300
153800
115300
108000
113200
111400
112800
168600
109100
123600
108000
114300
115900
107100
124900
105300
109300
107300
117900
109000
116000
106600
113900
336500
160700
119500
109800
120400
116900
125300
134300
117700
105800
119400
110800
133900
113200
114800
110700
114000
136500
162800
110500
137300
111500
119400
213500
132100
112200
112800
115200
122600
146700
107800
121100
110500
115300
123100
123000
109400
113100
131800
114200
114600
109200
107900
145700
115400
144000
161700
120400
127000
118400
132100
128000
113700
111200
141500
126500
162800
131600
106000
153700
238400
114200
126700
112300
116600
108400
115800
124400
108400
124000
112100
148800
110500
101300
114900
115200
148800
124700
108800
126600
120200
102600
99900
117000
117600
110000
141300
110000
109000
116200
146100
133100
108700
121400
123300
121500
163100
114000
114300
109100
131900
109100
114000
129100
122900
149300
104200
128500
203800
103100
105200
193700
108300
125300
135300
134200
115600
140900
127000
109000
112900
119200
175500
110500
108900
113400
125300
116400
110300
132500
112100
133200
109300
125800
112300
116700
111800
121400
138200
132800
117700
130400
112200
107400
122400
106700
101500
111800
112500
107100
119400
120900
165600
122500
107700
136100
116600
114600
130200
150000
109400
122800
133800
149900
115400
113000
125100
114800
113000
112500
101500
109800
106900
131800
115100
111900
111900
109100
114300
106600
107700
109600
108200
165600
104500
128200
109900
111200
114100
124800
113000
120400
102000
106600
154700
111400
141600
119400
111800
147000
104100
138800
142000
113800
120900
257700
112200
105400
115700
106400
118200
115800
188100
138100
106500
125500
108900
159000
116600
107300
125000
168700
111600
129000
113900
313700
122900
121800
109300
253900
118100
120600
117200
138600
113100
109300
106300
107600
111500
102400
140900
181800
105800
129900
127100
105000
114300
112800
128300
104400
106400
105800
123900
111300
103700
117000
124200
124700
106000
118700
111900
128900
110500
104600
110300
118800
118800
117700
104500
110000
105700
115300
119900
113500
109300
123600
113100
103500
135500
189400
126600
128500
115000
132300
124600
106500
108900
105400
136300
132000
110000
102700
115300
107200
111600
113600
102000
126600
123400
121800
110300
105300
119600
126000
132400
128400
336000
136700
109300
126000
104400
101800
103800
115100
122800
134700
103500
155900
112500
133900
359700
132200
106100
105200
101700
103700
108600
106900
130500
134000
151900
109800
122300
104700
105500
109100
114900
119500
105900
116600
114000
107800
111300
108200
106400
118600
116100
114700
111900
123000
120300
115800
128500
136300
125300
172200
119500
121500
114800
108300
105000
112900
117400
117600
121700
104700
110400
106600
112800
102500
116300
107600
122800
126100
103500
104600
107900
100100
103600
105100
115200
129300
106700
154000
101500
101900
104200
127100
106700
195400
151600
107500
99800
106600
118500
121300
135600
134300
118300
114200
118400
108600
101100
132600
119600
145000
110400
118200
141500
135900
114400
103000
283900
139600
100600
153800
115100
209900
117900
169100
106100
99900
125800
109700
102500
118200
108000
133200
104700
103400
122200
117000
113900
121900
118500
114200
134800
143100
130000
109200
112900
124000
100200
111600
128300
116900
130800
116000
117600
119800
120500
145300
100600
102500
104400
103400
120800
106700
130500
123900
109200
137200
110500
116500
119000
122900
102800
252500
103600
164900
123600
137400
318800
111300
115800
102600
103100
114100
101900
108100
173300
114600
131600
112500
121500
111400
120900
145300
105800
130500
113800
123000
104200
125500
106800
99300
134100
183700
121000
206900
151300
117400
112900
102500
113300
102800
113700
106000
108200
100700
101100
110000
115700
101600
100000
108800
109800
112400
116900
120100
320000
106700
105300
108300
119900
119300
102700
220600
137900
114300
118900
106900
105000
107100
115400
451200
111000
114300
128800
102200
108600
107900
136700
119600
103000
126000
103400
112800
173800
121600
104400
111300
112000
137000
105800
141400
101700
103000
113400
122800
113700
104500
315500
117200
122700
107900
112600
114300
110800
158600
102100
107700
108400
114500
105500
109000
114200
106700
111000
100100
106300
128500
103300
109400
105900
819000
108400
120900
132800
104700
116400
108500
115000
107200
108400
104800
109100
130800
136100
102800
107400
113700
109400
101300
149000
126000
117300
138000
102100
109000
109400
127600
101000
102300
123800
120600
106400
131100
123700
112200
99000
107500
107000
119300
104900
119700
106800
108200
113300
104500
117000
110900
110700
102300
107700
131700
116300
114500
112400
110600
112300
116500
115800
103800
103800
114700
160200
122800
135800
104000
106700
188300
176400
145300
127400
110700
118300
141300
119900
110400
146100
166600
104600
105800
101700
117200
114200
140200
121200
110800
142800
102400
105900
121600
111500
308900
109900
111400
124300
114200
131800
124400
107000
116000
106400
164300
112300
155500
118800
138900
189800
144400
169500
190600
136900
267100
159300
160900
132300
166500
159200
192300
143700
135100
135500
207800
170700
155900
188100
145300
170500
108400
155900
110600
116300
113300
129100
143800
131300
139700
107000
111400
111100
103800
116500
112700
104100
122600
104600
124900
458700
112200
107300
105400
129200
175900
100900
127500
103600
105200
101100
105400
116600
120000
103700
104000
103800
110100
128400
127300
125000
115200
142500
116100
118400
121800
132400
127200
107200
127000
127400
123200
109500
130000
120800
140300
139500
169300
140900
161000
121700
120400
134200
121500
113800
126200
121700
199600
108500
105100
124700
106200
123900
217200
125300
136100
129700
120500
131500
120000
119200
122500
141500
828200
121600
134500
134800
136100
121400
125700
128200
104200
116900
113300
118400
137500
133600
106500
110200
130400
119200
207500
112700
108100
108400
135700
254400
113400
125800
116500
129700
112100
109700
112400
146500
103900
236200
138000
110700
146900
107700
113700
117000
110300
130900
104100
103800
106000
114600
121300
109200
125000
117200
132700
101500
107600
118500
122900
119100
129200
113400
137600
124100
123000
111900
119900
106400
103800
114500
107500
111300
105500
104200
107700
115400
100700
104500
101700
101700
120200
101300
150600
125700
116500
180400
111100
177500
104600
117000
125800
104500
117800
113500
117200
242100
124600
121900
194900
104200
132700
124700
125900
147600
106600
163900
110000
112600
107300
148300
142000
104200
106300
126400
113600
108200
112200
118500
104900
119100
110000
119700
101500
100500
343200
130800
103400
99300
104700
104300
102700
157500
119600
108200
107400
119800
122600
124200
122500
116300
104200
99900
105900
99500
114900
110500
162300
119800
131300
154200
117200
108800
141500
109500
104500
117000
102400
109100
127700
102200
112800
113300
133600
104700
102900
100000
259900
154500
102800
110700
111000
123600
122600
111200
120800
107600
109200
115400
120700
109000
101400
115300
119400
144000
112700
133100
155300
123000
156700
133900
102000
118500
155100
125300
111700
119500
104900
103600
142500
113400
118000
126800
114800
106900
115900
115600
109300
122800
120400
117600
117700
121200
112600
113300
115000
103600
108400
119100
108100
114300
103300
133200
171200
118700
115300
129100
123000
106900
129900
113100
129900
139400
106300
121200
113700
119300
126000
110600
117100
105900
113800
108200
163200
143300
116700
110900
128900
108500
350600
145900
107300
117400
160200
110200
106900
125100
133500
122800
107700
112600
153600
128400
127100
113600
118600
153800
113400
112100
122500
111600
125200
103700
108700
104000
121800
176200
198100
127300
107700
107800
123400
119600
203700
110800
118300
109300
121000
113500
169800
241600
122800
100800
116800
176700
122600
169000
166500
108000
104300
114100
116700
116700
134600
116400
125500
129400
138300
147400
113700
99600
120000
118500
138200
134700
111500
181000
144500
138800
121600
121200
105600
154500
115200
123400
132000
115800
116900
158700
371500
127900
129300
152700
110100
267500
166200
106500
102300
113400
119600
114100
126200
107400
130700
147600
108200
125400
177000
210800
121600
101800
108400
125400
108600
239400
112200
120400
176300
108400
117200
120600
108100
112100
106500
128000
130800
114600
113700
124900
177600
116400
113600
146200
127900
139900
234300
110100
119800
149700
141300
100500
111200
144000
104600
128000
114400
119300
103000
101500
154200
103900
130300
189400
137500
112600
118700
104100
125400
110600
118800
121300
105700
103500
134600
125200
147300
116100
100300
102700
110600
123400
108100
102700
122700
114400
116800
132100
113100
113700
113100
134200
107300
247000
216200
196400
121200
109800
227100
115500
112600
117500
242800
137600
114200
125600
101900
101700
119900
109700
119200
127000
126400
114300
133700
126100
105500
101400
104800
124000
117900
115900
110900
111300
119600
123600
121100
117600
143900
118200
124200
108800
108400
119200
108800
106900
99200
105600
130200
104800
132300
107100
115800
108300
110000
153800
119900
123200
104300
152200
118900
104300
105000
101300
101000
273500
107200
111000
139300
109200
103000
107200
255200
118600
104000
153100
105700
107300
116500
107800
131200
102500
106700
101200
100400
149400
111000
102200
137200
107200
118800
187900
111400
102200
99600
139800
124000
120700
113400
103200
115400
152900
124400
133600
128800
99900
130300
104900
130600
116700
116400
111600
108700
109000
147900
125300
174900
106400
230500
102300
102500
126400
121400
111600
133800
116900
125500
109000
105700
99900
103500
117300
101900
116200
114500
143100
104000
107300
136200
124300
136700
131800
113800
115000
111300
117600
112900
146000
108800
140900
175700
104200
144800
107700
107600
103700
104700
114400
104700
106000
214800
106700
104400
100900
121900
105300
114600
125300
105200
101500
133100
108900
101800
108400
118700
137700
131200
107000
119200
156300
192700
117800
117500
121600
123300
133900
133600
109800
120900
116000
270800
106600
107500
462900
114800
110800
153700
104800
161200
102900
113700
106600
103000
432000
108900
103000
226100
132700
130500
102500
130100
100700
105200
125300
123900
106400
102400
122200
109200
106400
172200
116100
118200
145400
136200
154300
108100
120700
110600
208600
123400
153600
111200
114100
141700
102000
112300
108700
261900
119600
140500
114100
116200
101300
106700
132800
119600
123600
119300
123300
116300
130700
109400
116700
145600
104800
107600
118000
101300
106800
121900
125000
101600
107500
113700
101400
131000
230500
138700
134800
135400
109800
106900
104000
108100
101000
117200
114400
111200
133800
133000
136700
113500
158100
106900
103000
127400
104800
538000
108800
104500
105500
152600
134700
123300
115600
116100
122500
114400
136000
110700
145700
114300
142300
136500
114000
109100
148000
105600
172800
108900
109400
132200
109600
108300
106000
107400
129900
105400
122800
112700
111000
146800
126700
121100
140700
114100
108700
121700
124700
116300
110900
108300
117400
120900
107200
181500
198100
150100
148200
110100
112600
107500
111700
118600
132000
116400
105300
105600
117900
117800
112400
114400
112400
116500
124300
151200
324500
157600
124600
141200
130500
142000
162300
136300
129400
171700
115800
110800
105500
168800
112200
108700
115300
116700
117100
151000
153200
112100
181900
114600
111400
136700
106300
123400
123400
143000
112800
110800
154600
105700
115000
131200
108400
117200
177200
116200
118800
143700
136900
139700
210400
100300
103700
105700
108900
117900
111000
107600
136800
184300
108500
134500
129400
113900
124800
202500
101600
151800
126600
140500
112000
106700
118700
109800
109000
113800
130300
119300
115300
117500
131800
118500
118100
123100
145100
107400
114300
397400
113400
119600
137800
125800
113100
156500
120100
118900
109800
110600
103800
113400
115500
127100
155500
107500
112700
109700
128100
145900
110800
164200
113200
110700
126300
119500
123700
114700
120200
157100
105700
111400
179500
116200
227200
107900
101400
117200
109200
106300
109500
169900
102200
121000
119500
110700
121900
102000
124300
110200
113000
108900
101300
106700
102700
103200
101200
102100
123300
114400
130400
119300
140000
121700
113700
133600
103300
105800
140600
118000
119000
123300
124200
104100
106200
112000
130300
114300
108100
123000
122600
112400
115900
105800
118800
110300
131300
123300
115500
200800
112800
127400
109500
124700
103000
122900
101700
107500
110200
101100
106700
111600
110600
118300
104600
114600
108700
99700
112200
116200
109900
114300
132300
112300
111100
334200
110500
116700
122300
114900
106500
100700
100800
119800
101600
121300
110700
112700
137000
125300
112700
119000
111500
116400
104400
119500
105000
145600
107200
109000
236900
161700
128200
110900
103800
126700
109400
313700
111600
117400
191100
119600
130400
174000
109100
115400
132400
189700
190500
109800
101400
107100
139500
101500
103600
110400
123200
112800
107100
116100
267700
120400
116400
281100
294900
139100
131300
117100
219000
119000
111500
129300
130700
114200
117600
126000
126600
117400
126100
117000
128500
104900
114800
126700
126900
143600
147200
103400
113700
100700
110400
105200
109000
101300
170500
120800
101300
184800
107000
105800
114300
145800
112600
107600
100400
118200
110100
131000
146100
154900
143600
100500
136700
116500
108400
110900
116400
112900
114400
107500
115000
105100
100400
102800
111800
114400
112700
108700
110700
160600
99700
107700
130000
111700
157700
109800
100800
103400
261800
132300
127500
115300
107100
116600
112800
120700
105900
118500
111900
117400
117200
100300
112900
112900
115100
161600
116800
129700
157000
121300
118900
126000
133300
123400
118800
115300
326300
196900
110200
109500
175500
247000
112500
134800
116500
121600
118400
110500
105400
125700
124500
253600
100800
111500
129000
111400
101300
111300
122600
110800
109500
118700
109500
102600
114200
107700
126600
201200
118600
122300
181600
115500
119400
111500
111400
123400
105200
107400
110500
113500
109100
102500
113500
109200
145300
141600
103300
104100
116800
108200
144100
129900
131400
134100
167100
116900
107800
127300
114200
115100
126700
119400
115900
121000
101500
109800
112900
106900
118700
409900
132100
110900
143600
127100
127200
189200
120300
132000
109200
113700
110900
109800
194300
120200
111000
110400
115400
126700
104300
115100
114200
125400
114400
117300
113700
109500
112900
110300
118300
120100
554400
108400
112000
150700
127300
128900
111300
115700
114500
120300
231200
114100
152300
215800
118100
120500
109500
133800
116000
127300
106600
104200
101500
102900
127800
123100
128400
107900
166000
99900
99800
104300
169200
366300
122300
118500
228900
114700
146800
99200
125900
105900
104100
100900
115400
103300
118900
131100
115200
100500
101300
112500
158500
99200
118300
182600
101600
110900
101600
101500
129400
120100
102300
115700
106400
114700
101900
105400
100900
106700
111000
100900
114800
120600
115800
154900
124200
130900
163300
103500
228800
116100
108900
119000
104000
111700
151400
109300
108700
109500
119200
114700
109600
109100
135400
121500
111200
121700
108200
102400
118500
107400
121200
171200
137000
111300
110700
109500
131400
122500
121000
124000
111500
106200
102600
112300
109200
114300
116400
131800
108800
119200
108500
176900
109200
113700
108300
111100
329100
111800
113000
118100
122100
106500
110800
109800
106100
115000
131300
322800
109700
111100
122300
107400
126700
139100
113600
109600
112900
155600
159200
102100
99800
103000
100500
99900
142600
115500
107500
108500
131900
103000
109900
112100
106800
112700
118300
106900
130700
128200
120200
134300
138600
118200
124900
120000
120300
151300
116800
110200
126500
128000
106100
114000
117600
113200
114900
125000
116600
105000
107800
137700
147100
110100
473500
122800
117000
166300
112000
137300
108800
113200
106100
111000
113000
123500
124200
115500
126700
112900
120200
147400
106000
118900
129200
152400
112300
164400
128100
141700
121900
116100
106400
127700
117000
104300
109300
155400
116000
106900
150200
106000
130000
117400
113500
111600
112600
109700
132600
111600
114900
107600
121100
230800
100500
108500
109200
111200
113100
116400
125200
122900
119800
111600
123600
135500
112200
116500
114900
111900
114400
141900
114200
119600
743500
122200
131600
125900
143500
117100
156800
128300
113200
105400
107700
124600
113000
116800
114500
139000
118200
122700
127800
129800
132500
117700
156200
132900
119700
134800
147300
128200
114200
149500
359200
112600
114700
116700
101200
123400
115500
114700
195500
118000
124400
112000
131300
121500
140800
115000
120900
113000
111800
119200
111900
113500
106200
103900
121000
104900
99000
108700
100600
112700
107900
110500
121700
115600
110800
110200
106400
177700
126600
112800
118100
100500
113200
103400
106000
131400
116300
122900
156500
115900
110500
111300
141500
111900
110400
119900
108700
110700
109800
111700
122400
125800
132300
102100
130200
108800
117900
107900
118200
171600
117200
107200
110600
108300
156000
106500
160600
113200
162400
112000
177300
113800
112300
109600
246200
131200
151800
118100
107800
104900
118700
294900
103400
120500
117900
120600
117700
126400
100300
115000
124000
112900
128300
163300
103200
123400
119500
143900
113200
108300
101100
121200
112400
156900
232500
117400
113300
262700
105100
100700
213600
109800
109500
136900
103300
101400
103700
103400
100200
118800
103400
102500
105300
124100
138800
122900
105300
121700
102500
102400
104100
109900
101500
117600
115900
108500
165500
116100
106300
124900
105500
115100
101900
106500
126100
109900
144600
158500
117000
205800
127600
117900
120700
133800
120900
103300
117500
105200
143100
106200
125600
119600
155800
169400
106900
109000
116500
110500
121300
140300
111900
121800
110500
108800
131000
110800
115300
131900
111900
179700
115800
111600
114500
107900
236400
134500
110900
139000
120500
155600
167300
141300
117200
111200
108300
104900
102600
112200
123000
120300
124300
112400
125100
105000
116500
135800
166600
111600
319300
178300
136600
108000
173300
126400
110200
343500
108400
119100
115500
108500
121500
113000
138300
114100
104200
109600
115900
110400
112500
106400
117800
108100
125600
105900
105500
158400
125800
104100
104200
155800
107300
110400
111800
113200
132800
125500
112500
192400
110000
104400
110100
113500
127500
106200
113500
110700
187500
111500
192800
147300
108800
105700
110000
115800
116000
115500
116000
116500
149300
122300
117600
113800
135100
107400
116300
162100
113800
134800
118000
116300
118400
108600
111500
117400
370600
113400
136900
281400
113200
158900
136700
132200
131400
129400
233800
126100
123100
149700
118100
144100
125100
155900
133900
188500
111500
114100
117000
115600
120700
116000
122600
114100
107000
112600
107400
104500
122200
114800
138900
125000
132900
105900
115800
108000
122600
105900
108800
112400
123800
154600
112000
117200
118000
139200
335600
122800
119200
122600
122600
107900
120300
137000
122200
159300
337700
118000
119500
156500
169400
106100
104300
112300
102500
151900
110100
123700
109300
113700
110600
116700
115600
116900
116700
130400
126000
113100
160500
136500
117200
111300
103300
110700
120500
132700
112200
100700
116800
104400
108400
148000
122400
108100
114900
122400
117500
110000
123000
116400
124500
107600
116400
116400
108900
106000
111000
122900
153600
106400
105400
105400
114300
239900
129800
109200
127300
139400
116800
111200
103900
111600
114700
108600
149000
139400
112500
109900
110000
117900
109000
105700
107400
108500
103200
126100
177200
373900
127500
112100
157200
106900
116900
104900
110100
101100
104200
101000
102600
101900
106200
102900
132300
109500
101200
101500
116400
108200
127500
100300
107500
106800
100700
142700
115000
129800
131100
158600
126600
138200
121800
137300
106600
225300
109500
106900
114700
114100
115500
102600
125600
98900
102700
106300
134500
120700
106300
105700
104600
128000
193100
132300
116800
186000
112700
115400
112400
113700
115500
138200
109400
105300
123500
140300
108300
119300
125200
118500
116000
107900
102100
112700
116300
107100
109500
148400
118200
105300
143000
123700
111500
121800
122500
120500
130500
116500
131400
115700
142600
135900
200300
106400
163700
109400
150400
146100
109300
106600
110700
132300
101600
385600
125500
108000
103700
133400
129100
100900
117100
101700
101400
111500
123100
117200
109500
111700
107400
117400
120300
139900
130200
122200
117500
127300
118000
108700
112900
151100
132000
109500
138100
120600
135700
113900
114100
132500
115900
128200
130200
110400
109500
112900
142100
114100
110800
113100
145300
136000
127300
125200
163800
114700
112100
110000
177700
114700
110800
116200
104300
153300
139100
109000
104400
109100
111600
106500
111800
121900
112100
106100
115300
106100
118100
119700
106300
118700
105400
109500
116800
105100
121000
113900
109400
124200
108700
105200
111200
108800
100400
111700
116000
104800
107800
109900
111700
118900
110200
108400
113100
116500
161700
114800
117500
108500
111000
114900
249200
115800
157000
110900
112800
136200
102400
107100
119100
114400
116400
120000
123300
169700
124200
110100
106200
111900
107300
107400
109900
143000
137800
256900
110900
145800
222800
125400
115800
136600
129700
112200
110800
106400
112000
111400
106700
121600
113100
112000
117100
114700
115700
146300
129700
124700
170900
129500
280100
132500
119700
111800
134900
171500
142100
125600
106600
129400
122600
151900
110200
104700
149100
130000
127700
165700
115600
112700
102600
116900
132200
124500
125600
198600
109000
124300
137600
122600
148500
210400
110000
132100
151800
111900
122000
112000
115100
114300
135700
125100
117000
142200
113500
117000
117700
166600
130500
115500
112900
151800
119400
119100
115400
109600
116900
113300
116900
130300
109100
115200
110600
127200
113100
111900
131800
108500
136100
105500
108100
105700
117200
124100
110000
110600
101600
131300
141300
112100
127900
169900
107800
140500
128000
112100
252600
165000
102400
108500
105600
113600
108200
131600
113400
187300
105400
102500
112600
139500
105600
109300
101300
104800
132600
103000
102600
112200
105200
118000
114600
111800
105200
108800
106500
111000
116600
132500
107400
105700
122200
112200
127000
110900
134400
139500
131200
107100
153700
151300
103200
142400
197800
120600
124200
114700
110300
486600
107200
112000
106100
151700
107600
117600
148900
163500
111000
111900
290400
116000
119900
119600
123500
121600
116800
108100
112800
178200
125900
102300
112500
119500
105700
153900
114300
108400
107700
104500
117500
118000
106800
146300
107500
124900
227100
211100
120200
117300
141900
227900
137700
106600
120900
110400
110200
123700
125000
103300
112100
113300
115500
118800
132100
115700
114000
107800
108600
136200
113600
108200
108800
108300
134700
108200
110800
108400
112400
115600
119800
117200
212500
123400
136200
109200
108600
106900
109900
103800
100000
110900
104000
115600
124000
266000
380200
111200
121000
99800
101100
123800
100700
101300
107000
130500
106100
105500
109700
105200
100600
101700
151300
112500
122100
101900
136000
121500
112400
129000
116200
116100
119700
120900
101100
125100
109800
120400
100300
133600
150000
137300
117900
133400
141400
114700
122100
106500
115200
112700
140000
101700
210700
190500
161300
123200
107400
105600
123800
108600
101300
110200
100500
113200
131600
103300
104800
105900
117500
108700
112500
108100
109000
115000
132800
107100
105400
102100
102700
148100
100800
141300
107100
101700
100500
113900
108200
102100
105100
190400
103100
117300
127600
119100
128500
113900
108100
111000
104400
107900
111100
143000
145400
104200
107000
123200
100900
104500
110500
110100
135400
106000
103400
121900
123600
129700
111700
104900
112700
107300
100700
100600
121900
278500
110000
115900
106200
167300
113300
124400
104400
126200
105500
101500
113200
175300
103700
107000
155000
106700
105700
106300
104100
104500
153500
123200
101000
328100
106500
107000
102500
119200
112000
232400
121500
118400
116900
109300
126000
128700
124500
103700
100600
111700
130800
128500
147800
104700
106500
122600
112300
131300
102700
115200
106100
105700
100100
119900
103000
107700
154800
116000
101500
109100
110100
122700
146600
108600
105200
121600
139700
107500
116800
115700
121300
137200
152000
113800
109000
111500
106800
117600
106100
138100
125200
104200
111600
111100
131400
122900
114800
119600
109500
138200
110400
111800
119700
106500
129200
109600
132700
153000
110000
142500
122800
120800
154300
126900
126200
123500
115400
124500
125700
135400
129700
146000
117500
109500
125500
147000
131000
124100
117700
148300
128500
105300
132100
113000
111000
129500
112900
112900
112200
104000
124400
145800
128900
106300
123600
129600
125400
118000
118600
115100
113700
105400
114700
108800
112900
116200
103700
106000
129000
170300
125000
119000
119700
138400
186300
162800
122300
130200
114900
126600
108500
133300
107900
113000
156500
123400
225600
120100
108800
114700
136400
109900
114700
123200
120600
230000
117800
225600
119100
113000
111700
121300
155100
161200
164400
114700
123300
109100
155500
116000
114900
107400
168800
115900
117300
111100
114600
116800
136600
107500
112800
110800
133300
118200
121600
222100
111000
130700
108800
107200
125000
250000
108300
322600
107000
116300
104900
146100
116700
118300
114400
106300
114200
115100
159900
116800
111900
116800
114000
120500
122400
153700
118300
129500
271400
145600
235800
111000
768600
183500
136800
136200
121300
138500
169100
130300
106400
132700
117300
160800
211500
120700
125100
134800
128600
171600
111600
114100
104200
104300
119900
132200
114700
154600
149700
137500
138200
111500
104900
109400
136300
112600
125000
123200
110800
135300
125000
121400
119700
125100
209500
155300
113000
141900
112600
192700
109200
129100
103800
101300
103300
138900
122200
131700
144200
135500
118400
125600
110600
117400
133700
101900
107600
125200
115000
118600
142500
112500
125500
116700
134800
123600
112500
133700
110200
106600
132400
107500
142300
120700
157000
137600
115200
128800
122000
129500
273700
177400
107600
123600
114300
110700
110100
119100
125600
106400
149700
141200
121400
119300
149600
104200
112600
117100
155000
115000
118500
145800
126000
128000
108800
168000
110600
141600
110100
115100
152500
105700
110100
127800
168800
108600
108300
129000
275900
104600
574500
106500
103300
121500
108400
107400
111300
131100
103700
164600
111700
101700
116000
104700
108500
114300
169900
126800
114500
144700
118300
126400
147900
180200
112600
119800
102200
109400
106500
105300
150900
105100
100000
132800
102500
120300
110700
130000
109500
101200
107800
113600
102700
101300
163000
128900
127600
107700
127500
162500
129300
121300
106500
116800
114900
111700
119300
140200
109600
119900
115500
137600
207700
106500
102600
138600
110100
141300
117000
220000
110800
117700
110400
122900
119400
137200
122200
112800
141600
197700
108100
119900
135800
107000
126200
105600
127400
112600
112500
105900
122900
119700
105600
120900
111300
105600
106800
100200
112900
107900
102200
105100
117900
115100
120400
110800
109500
315400
110500
125500
110600
116200
133200
113300
108100
128300
117900
141800
322100
100400
110200
165500
153100
153400
115200
103900
173200
108700
101800
142500
125700
129500
186800
125500
300100
262800
108800
155200
115200
111600
113400
117600
115600
134300
128700
126800
124100
129100
118500
366000
121100
133900
125100
126500
107900
113000
111700
113600
115300
125400
109400
443600
113300
121800
116900
128900
117000
112200
137700
149700
104800
133600
112100
118100
133100
113100
153800
113700
124500
116500
132400
117800
109200
125600
116900
109500
103900
109100
116100
101500
105200
135400
108900
117500
107400
113800
105500
129900
109300
121500
107300
109000
106000
110800
115900
124000
104000
113500
115100
108800
111000
133700
116100
105000
124800
108200
106500
118600
167800
113600
114800
110000
118900
112800
106400
183500
144000
107300
105100
174300
110400
116500
110600
107300
145100
114400
134400
110400
113800
111000
126700
160800
128200
107100
132400
116500
116800
236800
301300
105100
119400
122400
107500
108500
153800
132700
176200
131100
121500
129400
287600
135500
123100
110300
133100
139300
135800
121000
121700
113100
140200
140900
138800
131200
110700
121000
108900
180400
114200
119500
140800
155200
127300
233800
130500
114200
112700
123500
121600
120000
133300
131400
129000
133200
207400
103500
117000
109400
111700
123700
140300
143700
114600
109200
122900
115800
174400
116500
111300
121500
110200
118100
120800
114700
113600
113700
128600
113800
116700
128400
115500
102700
119900
108700
114200
110700
118100
158600
108000
102600
104900
114000
106200
110300
105900
123000
121000
188800
120800
551700
110800
110700
105900
118800
104000
137600
115500
120700
106500
110900
122000
202100
134200
121300
102900
102200
150000
104700
104100
107300
109000
102200
101500
109700
131100
126100
120500
139800
106900
190300
117600
137700
239600
116900
122700
113300
132700
147200
138400
134500
143300
125500
106400
128300
115100
168400
223200
137000
144500
113400
114300
124900
159100
127100
122100
133200
134600
123100
116500
102400
103800
101700
271300
115200
137200
144400
119900
125100
120700
119800
107600
128300
132400
117300
121900
163400
111000
123900
128100
114200
108000
161300
111200
111100
132800
131600
108600
111900
110900
122100
117000
108200
146700
201900
140800
128900
133100
116000
117900
119200
108600
120500
99800
126900
103300
101600
113500
126100
113000
117300
208500
128200
111400
112700
116700
112200
149700
111900
113100
259000
127700
113500
109200
109800
104700
104000
113200
110900
113900
115900
193200
139000
110100
114300
128500
115600
125800
103200
187800
182100
119200
110200
116900
110100
106300
104200
170400
105900
101100
131200
105600
128000
119800
128800
115600
137700
107000
121100
202400
115700
129900
134200
106100
130200
147100
110800
112300
99800
101700
103600
105100
105500
111600
104000
104300
112000
178200
111100
118200
133200
133300
110000
102600
106300
122100
112300
116200
115700
133300
110100
453500
105400
110000
99100
101700
104400
102100
109400
107800
172300
100200
100500
105800
112300
111300
132600
121900
117800
119100
121800
118400
129200
117700
112500
135100
138500
131700
131100
160100
140600
122100
115900
122400
103900
111200
128100
142500
104400
178000
102700
139600
161500
110200
124700
104500
257600
113900
108700
128800
126000
121000
115900
123600
113700
140600
110100
112200
103700
113800
103300
120100
116900
120900
122500
115800
120900
113700
110600
116800
116000
143100
115800
112800
122100
108400
99700
125300
115700
150200
104600
103900
120000
244200
120400
149600
123200
109300
183900
107400
108600
130200
127800
113700
109500
123000
101900
120500
116600
205500
103000
112300
122400
142800
117800
105500
114900
135000
100300
132700
105600
110100
116100
254100
110900
107000
109900
164900
168100
103800
105000
147900
123100
108800
123300
111200
108700
162300
105900
125600
121500
115700
106900
102100
120300
147700
110900
118600
128700
109400
114500
191600
162000
103200
102600
142800
113600
103300
119200
109300
114600
140400
128800
141800
164300
166500
116300
116000
121900
127600
115700
114400
138800
112100
115900
113600
162900
128100
133900
109600
109100
113000
125300
118900
113700
123500
163600
122700
103500
116600
201200
123100
118300
110200
162600
117800
112800
113700
121700
122200
109200
120700
141100
118500
169000
112800
122900
113000
115600
119700
116200
120100
134000
109500
108800
111400
120900
113200
106800
114400
116000
117400
124200
177100
112500
109900
108800
120200
109300
104400
146800
137500
123500
123400
120400
193100
116100
125700
153000
111300
128300
147600
169100
105500
134800
122900
112500
221800
108000
113100
136200
314300
209500
105300
139900
133000
108900
106600
115900
128600
108000
134000
154000
110700
125900
110800
121500
107600
105600
123800
145200
112600
113800
100800
120600
108700
183600
217900
147400
129400
120300
124300
129400
116900
115200
129600
126100
112500
131200
118200
134300
111800
185000
240900
111600
115400
140300
111900
107500
103900
112500
111100
463000
114000
108400
110400
123400
106900
125800
143300
106600
109900
153400
105400
102700
102500
103300
228000
127200
120400
111200
214600
125400
101200
316700
117500
114300
125100
140600
116600
101900
107400
107900
107200
141600
140800
131900
178500
114000
148000
128800
139700
147400
112700
146800
140400
124900
124800
117100
131300
135600
116700
115600
230500
115300
112400
131200
103100
103200
154900
126200
105400
138600
117800
116000
112400
114800
145800
139800
118600
132600
151400
145300
152800
119600
112200
112400
111500
101400
110000
107000
109200
125900
118800
131700
112600
116400
108100
105200
178200
109200
353200
102600
151900
115700
333700
126500
108100
116500
106600
172300
165300
125600
222600
131300
113700
135900
112700
158900
209600
113200
253000
135900
114600
108000
113800
106400
162800
123600
161800
110600
114300
141700
106200
121900
121200
179200
144100
112900
130600
121700
112700
111200
104300
119300
126400
115000
118300
121400
366300
134700
109800
139600
131400
126500
119200
108000
139800
129100
131000
122900
128400
124700
108300
138000
110600
136100
105200
107800
142300
111700
115400
102100
111000
127700
186700
112700
138600
114600
116200
108300
112600
123900
118800
149200
117200
263400
107000
109200
106300
111800
110100
108800
136500
121000
123500
116800
210000
150100
119200
191300
126100
112000
140000
124600
111400
111100
146500
149300
113400
178000
249600
105000
220500
105800
142700
126800
105000
110700
142000
124400
113000
102500
115800
115100
178800
132500
145600
113800
120500
122400
169700
101600
111200
115600
125400
121700
110500
114700
158800
151700
136200
106100
128000
131600
112400
123100
144400
134000
135500
113500
113500
119000
144800
106800
109200
123300
134700
111600
115000
126800
132400
116400
112400
126000
120200
142600
109300
105600
122200
120400
104500
101600
109000
187300
118700
133400
111400
124300
102800
132300
148200
121100
109000
117600
108500
114000
106200
111400
113600
117200
118200
127200
110900
116700
324100
234000
136900
116800
107300
140900
119900
151400
116400
155100
137800
144500
106200
107700
126800
130100
106500
117000
110100
121200
103900
147200
113000
120400
101400
108700
101000
104400
126300
125900
1659600
267600
403600
650200
454800
298600
123800
351600
116800
155700
113900
124300
116700
102900
161400
180500
122100
101500
113800
113500
116900
108500
109100
113300
119600
131900
114500
128000
123700
480000
122600
126600
112100
172800
142100
132500
119100
133500
123000
112400
121700
112300
122000
120000
119700
371300
124700
126600
149600
117200
127700
126700
146600
112600
104500
116500
139800
112700
120000
118100
123400
126000
150400
110800
119400
112200
108300
157500
124200
114300
117100
106300
115700
108400
109600
127400
103900
116500
121500
122500
199700
182300
103100
152700
101300
121100
120000
113800
130100
175100
126900
115200
101900
113800
100900
127600
113400
116400
116300
127200
111700
115300
115600
113400
114300
116300
117800
133800
110600
118400
152500
140300
128800
102800
111600
99500
133100
127700
108100
119900
114900
118900
108800
125700
130500
106800
250900
109300
108800
100800
114000
112200
130100
109300
113300
131800
111300
128900
178700
123300
124100
121900
151000
132600
138100
131200
109000
119600
175000
118200
117400
163800
109500
105500
168400
117900
130400
108400
122400
108600
181900
113200
113200
128400
104500
105800
112500
118900
102500
115800
111400
110400
126400
124700
102600
111400
114700
108400
106700
105800
115600
112300
123800
112600
130800
338500
142300
141000
124100
125400
153700
106600
134200
129500
170900
110200
129900
126800
133600
191700
105700
116400
119900
109900
130200
111100
156600
105400
112700
122400
100000
112600
108800
113600
116000
115800
103800
104100
112900
195100
123500
142400
344700
108300
125200
106500
115800
133500
105300
102800
198300
118400
118300
145300
111100
141700
120800
110500
117800
105000
118900
113200
126600
119800
154700
113400
136100
153500
106600
132200
107400
117400
172600
103900
115200
104300
114500
121000
120200
103400
110400
136300
149800
112500
105600
121500
137500
132800
114200
123300
114100
120600
113100
108700
102400
193500
117100
109200
223700
109500
115100
113600
122800
123800
143400
165000
128500
180900
107100
252700
100900
116300
105800
146300
134700
126700
110400
127600
128300
123100
140900
126600
131400
105600
101100
116700
115500
115200
131700
139500
100400
120300
117100
164300
106400
129500
100300
138300
132000
134000
149200
115000
120300
110500
474500
180100
115600
123000
139800
131000
119900
140000
142600
146500
136500
110800
129100
120500
135600
124400
108200
107600
140700
102100
106800
118900
118700
102300
136600
110700
114300
150400
113900
153400
127100
103500
127900
110400
121900
128200
143800
210700
120600
109100
113200
120400
117400
120000
150100
126100
179500
118000
103700
110200
121300
163300
182000
153200
107600
139300
105700
126300
124000
105900
107200
108300
101100
100200
117000
106200
103300
115400
129400
130800
120800
116100
103300
132700
242200
112000
112600
104300
123200
125200
145500
126100
115100
115600
102800
106000
116100
104000
178800
122800
171300
129500
285500
202800
169700
148700
184600
198300
159300
114700
116200
141600
165100
147600
117800
115000
118700
130900
109800
112700
120800
110000
137700
139100
114600
102400
147700
133500
163900
113800
109700
123800
119800
136000
155400
124600
108800
116600
114200
203200
125200
110000
112300
116800
106700
127900
124900
117800
121700
138500
122300
117600
188300
151100
121400
123300
122300
130500
124100
116600
111400
119600
114900
118300
132500
122600
126400
118100
113100
105900
100400
111100
161900
107600
120800
108100
105900
112000
114400
163500
125100
109100
176800
107500
115100
199500
116600
159100
155300
122400
114900
137600
115500
106800
117000
113500
123900
137400
133000
105800
127400
106900
135300
112200
115200
118700
107400
137600
109500
111400
112000
126600
156000
107400
108000
105900
109900
142500
114600
127200
147000
145000
136300
123200
140900
141300
110600
111300
117400
105800
116400
112900
107300
113300
123600
136400
127300
103900
105400
154700
173100
1518900
113800
114800
103900
119300
128400
105500
112600
107100
179800
119800
115800
130900
113500
128700
156100
157300
102700
118400
119800
105900
149700
123400
130600
130500
122500
108200
195400
218600
109300
163500
103300
153900
117900
107300
130200
107100
105600
111200
140800
109000
110500
154500
129500
107500
110100
124900
109900
142200
118600
124700
108200
152700
132600
104600
131300
104600
122200
201800
118600
131800
106900
132900
134200
114800
104000
159000
135000
118100
112200
108300
111000
105500
104100
104500
121400
110700
107300
109400
117300
115500
115800
145000
106800
142500
113200
102200
162600
103900
108500
107100
101600
105700
113500
149200
119200
163600
122200
119400
117900
146200
103700
103400
105300
105900
121500
100900
101000
102200
134200
118400
125100
123300
116200
116300
105600
198800
103200
105900
128700
163200
114500
110800
125900
113400
108600
115000
115700
133000
108600
109000
124000
114700
142300
110900
120100
105700
113400
115700
274100
112300
111800
115300
118700
132000
178000
117100
125600
105700
152400
122900
127800
116100
108900
107200
106500
111100
119600
118100
118500
102400
102100
107600
106000
114400
109200
121600
104900
125100
115500
130900
135300
119600
113900
108200
110300
110100
100600
101200
113200
113300
112000
131700
120100
126100
161900
114600
111800
120600
101300
113300
100300
107200
100600
121500
110700
203200
105400
129200
126100
112300
114200
109500
113300
101800
138800
110000
100500
109700
103900
103800
126200
107700
106700
117700
127100
110700
130700
128000
136800
116400
104100
117200
148500
108800
124600
113000
109800
111000
107100
139800
112100
122200
104400
122300
111700
110000
114800
107600
103800
149100
122500
126300
110200
105100
146500
105200
123600
106600
133900
109300
156100
123100
101600
121700
109200
102800
101200
109400
109300
139700
104800
135100
113200
119700
112600
105700
103500
109700
108800
122200
115500
104400
109100
102200
355300
106300
107500
133300
117000
108500
113800
132300
104700
131200
112500
119000
126900
144200
130400
135600
114600
111400
111800
136600
110100
116400
125100
110600
121100
227800
131100
119800
106200
111800
226100
109900
105000
196600
111600
110100
106700
114800
122300
103600
111000
117600
111700
109300
143900
113100
180200
116400
107500
124800
114000
111800
118300
127100
110100
108300
110800
107900
109200
117500
103800
107200
110500
123500
116600
119500
123300
109800
141400
111100
134500
121500
129800
113600
125900
108300
125400
113800
132100
105500
111800
105700
111500
126600
110400
107800
121500
121900
107800
113800
150200
115400
105800
125100
132100
119000
114200
106200
110800
109400
113500
110900
107100
108500
129600
184600
105600
134800
294600
161900
134800
123200
120400
105600
150000
115700
129400
102800
102600
145500
107600
114500
146700
109000
115300
130400
112100
107200
117000
119100
115700
113800
161300
146300
101000
104500
100700
142500
146400
135400
108300
204800
125600
109800
128700
118900
110500
115100
106200
115500
115700
130600
119300
145900
110400
116900
119200
114000
121700
136800
122700
115500
129100
157000
136800
114700
121500
113400
126700
115000
152000
101800
168200
107000
124000
99700
109900
125900
128600
682100
135400
119300
123000
114200
111100
116200
119400
118000
118400
133800
105400
111600
109200
105600
166500
148900
110800
135600
185400
109300
114300
128600
139500
144800
142200
126000
226100
107000
138900
127800
104200
107200
103500
244000
119300
132300
100900
107300
194900
116300
113800
127800
136800
130600
119300
134100
149000
118000
104600
106100
116700
122500
161300
133300
104800
111200
119600
109000
158400
137700
119000
108600
155000
117700
120700
109100
120700
147700
357900
123100
104200
147000
126900
117800
109200
114600
109900
111500
114500
111400
123200
122100
136400
125300
108200
117600
114700
127700
110700
113700
134100
106300
101900
104600
103400
125200
115300
102900
105000
107800
100000
114900
123800
114800
107300
124600
123600
118000
170000
187900
154200
125500
113100
112500
112200
103200
109200
124800
127800
124800
277400
207400
217100
105200
110100
113300
109400
194600
119100
129600
159300
122600
150200
121900
109400
106700
108100
121200
105400
130700
137400
114200
103300
105100
115200
108100
113600
155100
125500
162100
108200
131500
109000
137400
108100
108400
104000
126200
107700
101900
127300
115100
143600
155300
106300
101400
213700
195600
110400
106100
103900
111600
105800
100000
102100
132000
100500
104000
102100
136600
262800
150000
112800
154100
108600
100800
103700
105900
106900
188100
107900
296200
115400
113600
119400
106200
148400
113700
111900
107700
109200
107200
117400
109400
103900
129000
108200
104700
102900
106200
113600
108200
124400
108600
130000
131400
105600
116700
168600
103700
108700
109800
102000
114400
101100
103800
118100
117000
111300
118200
171200
107400
106200
103600
120900
103800
103300
147500
107700
109400
100900
155400
151500
124800
113000
235100
120400
112800
118600
102800
104600
114700
105300
127200
122600
112300
109900
120100
109600
104400
112900
112400
107600
102700
110000
119600
107700
124600
113200
105000
146600
103200
101600
100800
109200
106800
107900
101100
106700
104700
106300
106400
110100
108200
114400
142000
102600
104200
110200
99100
102200
99400
116700
103400
106200
113600
110500
151000
105300
119000
157200
108700
120900
118700
129700
115700
106800
121700
103900
104900
102600
113600
100800
103400
122500
116700
105900
116900
109900
126200
111000
123200
125000
103200
135400
143000
106900
155500
109100
106000
109400
100800
111500
106900
115500
100300
190000
165100
106800
134900
138600
104300
115800
119700
103700
110800
103300
234900
304800
130200
124600
166500
111700
118000
146100
110700
131000
107600
128900
147100
155800
126900
114700
130900
115500
105800
114900
123200
125900
113500
119700
207000
108700
102900
127100
146300
108200
105100
122100
117700
118500
123300
190000
118900
106400
118600
123400
105100
138700
101600
124400
104300
137700
115300
115000
110600
112400
118100
122400
116100
116200
180600
107500
106400
112400
113400
101300
109300
112000
107200
106700
155500
122900
135700
115800
110600
157800
119500
149100
113000
115700
134200
131600
111600
110200
126300
111400
108600
121200
103900
131600
130700
115700
112000
110800
113000
117900
105200
124400
149700
113600
112000
126900
100900
104100
155200
106300
111200
111500
104400
117300
100800
115000
111300
132100
116100
111300
115700
127300
120900
202300
100900
110300
119300
336800
108000
109600
129700
117400
125300
297700
112000
111300
127100
120700
425900
109200
106800
138300
112700
119800
113100
101400
110600
111100
124200
109000
137200
105400
251500
164600
124600
107600
119900
138800
118300
118000
105600
115200
112600
102700
106500
110500
101000
112000
135700
117100
113100
113000
102300
104500
105600
113100
163600
132700
116500
130700
108200
135500
112700
114000
111600
103600
108800
103700
117100
108500
109100
102600
107400
99800
117100
111500
105500
110900
116000
115400
116500
101200
120900
113200
113600
99600
101000
101800
105600
102700
112000
123500
112000
136800
117600
132500
111000
121600
153300
119600
111000
106100
109700
141800
109000
105600
104800
103100
113000
120100
159200
108100
114700
113600
107400
117100
103800
107600
107600
113700
145000
109200
107400
108400
114200
102800
106600
106000
150700
108500
118900
131700
102300
103100
141900
107300
107000
104700
99400
103800
99500
105300
125400
127500
159700
131600
119500
110300
106800
143400
105800
113400
103500
102100
108600
118800
102200
242200
119200
118400
129200
109400
208300
107800
123600
109900
106100
112600
106900
118300
149200
119400
108900
112300
118700
121700
113100
109500
146400
124300
117600
138900
106300
112300
111400
128300
110300
142100
125000
112900
152500
203700
273300
120500
107700
111200
112600
104500
108600
109400
112200
167900
129800
112300
105400
114100
115200
107800
190600
105100
121000
116600
101800
105700
98700
111000
122900
107200
117300
110000
111800
136300
107500
113600
114700
106800
116800
116000
120800
126400
160900
140300
119200
135600
108700
106900
106600
140700
110000
167300
109500
121200
127700
106600
123300
187200
120600
123100
115300
131000
108700
138900
105400
111000
137100
112700
109600
113100
116600
122200
107300
103900
105900
104200
146400
147900
112600
123900
224800
163000
108200
108500
105400
105400
129200
122200
149200
124100
112300
100900
101400
142200
111700
114900
113100
101900
113300
138700
110400
104100
136600
105200
104800
105600
106500
115000
121800
115800
136500
111900
109600
179000
120700
114100
117600
116300
104300
127900
307600
119000
111500
143100
118500
102300
140400
114700
119800
108300
132600
109300
120000
122900
141500
118800
119400
133500
109100
106800
133600
125000
139700
105600
171200
105900
133700
102100
112900
117500
117800
124600
170700
127100
120100
104600
103700
103700
120200
179100
129800
139200
115400
123200
129600
119000
121000
107100
130100
111400
129600
143800
191600
130300
128000
114100
103000
126200
141500
107700
114100
105100
109600
108800
117900
114100
108600
114900
113900
112000
112500
106500
114700
121600
111400
108600
110700
122700
129800
109100
133700
109000
120700
116900
132300
164900
108300
122800
106400
111100
114900
134800
111200
107400
202900
106800
125600
114400
99900
119300
110700
453000
108600
118500
122600
166800
110300
121000
215500
130800
153600
129000
244000
151600
122900
111400
116300
108600
103500
105700
166100
121100
109800
111400
103700
122200
127300
118500
133600
128100
337300
100900
113200
128700
141300
120000
112200
111300
114800
123000
107500
105600
105300
111000
147300
142600
120200
112900
127600
108200
108900
102900
162000
104700
109600
106100
131700
120900
106700
106300
116000
117500
106000
106400
134100
122800
112500
119400
116900
114900
106700
114700
102500
115700
103700
494000
125600
135400
119600
148300
151100
129000
142600
142700
112900
114300
109700
118700
134400
125900
115200
143800
105500
110100
104400
127400
102500
110100
112800
110100
116600
119300
109400
115100
108100
101900
105600
113800
164300
111100
112300
108500
135300
125700
130200
112200
181000
129800
126000
135100
116900
103300
113800
104500
110000
112300
117100
153800
188200
103800
113200
111500
107400
105300
120300
109600
111900
103900
100
