145800
102000
102100
101600
103300
101900
102000
104200
104900
110200
112400
101300
106800
111600
113500
114100
105900
106400
106800
108700
115700
101100
108800
107800
114100
129800
119200
119400
123600
252300
110800
114200
119200
119200
110200
108700
108000
109300
125800
108100
110800
124100
102700
116500
104000
103500
108000
104500
101500
105000
116200
109100
111700
118400
107900
110600
119900
111400
111000
107500
105500
106000
103100
107000
109400
178600
117700
114400
108600
126000
115900
113500
122400
106700
101400
105300
102500
104900
101800
113800
116400
103800
115000
109400
109500
111900
113000
122600
132100
114800
117200
115000
105300
101600
109600
121700
101700
112300
101300
104500
100400
100900
101400
100200
114400
104700
102200
116800
109000
105800
115400
107900
110900
113800
110700
104600
113300
105900
116800
112200
207100
109300
106500
111600
115500
110100
112700
109000
118900
104900
114200
102100
107000
104000
102100
106900
101600
122200
111200
106100
108900
111900
110100
104500
106200
106000
113300
108800
119500
108200
104900
134500
106500
114000
107000
113600
104300
109100
113800
107000
101800
111500
102700
109900
107600
114500
137700
106200
105800
113600
109700
126300
109400
103800
108400
115600
118500
108400
118500
110900
107200
108000
112500
107000
105400
112700
107800
106700
109300
115000
127400
113100
115000
112100
102600
105700
111200
112100
341000
102500
110500
115300
131800
114900
111700
114800
110700
110300
106100
107500
120700
128100
101800
101400
106200
102800
102300
111300
110600
111600
110900
112700
118100
107500
117200
110800
108400
101900
135200
104800
122000
104300
101800
157800
108300
107100
113900
121800
138300
111000
115800
111100
106700
132700
110300
102400
117600
107400
113100
105600
111700
116300
120500
113100
105200
136400
103000
107500
102800
136200
103900
100900
102900
101900
110100
109600
108700
115500
109100
113300
111800
103700
109000
110100
105500
103200
103600
101100
102400
101200
99400
104200
100600
102800
103400
99400
118700
107800
107800
105600
104500
107500
105700
106100
105200
103800
104900
110100
110600
113600
116700
115800
111100
115700
106100
109700
108100
106500
106700
106400
108800
106600
110200
112000
110700
113700
112900
112500
123200
105900
120100
112200
102700
105700
108700
105200
116900
105900
105200
107700
107400
107700
105200
106300
109300
112700
105500
111300
117600
102700
103500
101900
102000
104600
101400
117200
106100
110100
115100
101600
104100
113500
113300
105900
114500
100200
101800
100000
103400
101600
110500
111900
124600
102100
105900
102200
106900
108700
113900
105500
106600
116600
105700
110500
104200
105700
111800
104300
110000
118500
101600
114400
115000
112400
126200
107600
108800
103900
121400
113600
111800
106300
123700
107200
106800
101200
111600
108300
102200
117100
140200
114100
107600
106900
118200
125500
108500
109600
102100
111100
109000
111100
117500
99900
104800
101200
369400
111400
115700
116200
118500
110500
123600
105000
109800
110900
113000
110000
124100
115000
116600
108700
109400
107200
114800
119200
119600
104900
104600
102300
108700
107700
112900
112300
110000
125800
118500
135000
110400
104800
110700
112000
102200
106100
101900
102000
100400
102800
115100
105200
119100
117900
111200
104500
117600
112800
110700
115400
111000
102300
100700
105700
113300
102200
104200
100400
106600
107400
100900
108800
100300
103600
101500
245100
113100
101100
100000
128100
113300
112300
102700
101100
104700
105200
109400
112000
105800
113700
119500
101400
104400
108000
101700
106200
114200
101100
111500
112200
106200
104500
109200
105500
107200
105300
107400
99900
108000
123000
111700
106200
109900
105700
114100
107400
112600
119600
127100
107800
102700
128300
105400
106100
101400
103000
113400
105100
110500
104000
111300
105800
101100
100900
113200
100300
102500
111600
221100
113500
116400
103200
100800
105500
102500
117000
106900
114500
113200
115100
116900
107200
126200
106100
105900
102800
110100
102700
102500
114000
103500
120200
105800
106900
119400
109800
118500
103800
104300
106600
232400
120200
106300
117900
125300
110500
105300
116200
105600
101600
102800
103000
174400
106600
117800
104200
132200
105900
106800
107900
101900
104100
101800
112900
106500
109100
123400
109300
145500
105100
112500
120100
103000
299400
103500
111200
114400
116200
100700
109200
105500
100900
120300
119900
120900
113700
102900
103100
109400
107700
106200
116900
108300
105400
110900
120700
106000
112200
149400
111100
118800
115800
102600
101600
103400
104500
102600
203800
103900
113300
108100
105500
158000
107500
110800
102700
108600
103000
103900
100400
108200
101700
108900
108400
107800
140000
113800
111800
112800
108000
139000
104800
105000
133700
110300
99800
103600
108300
112100
101400
107000
101300
104500
133400
103700
104900
110600
111400
105700
110400
101500
108400
102100
100100
105300
101300
127100
102500
101300
102500
102000
115700
216300
105600
100700
111200
106900
102500
103400
102100
105000
101500
121800
110700
132700
131400
109400
105500
116200
105300
106500
107700
105600
131200
117000
101500
102600
99800
110600
101500
102000
102300
103800
100300
100900
100500
100600
101700
100300
104400
102100
100100
108400
101800
99700
106300
102400
101800
100400
108400
100600
101400
102100
104500
105200
109500
106300
101700
110400
101500
107000
102300
108400
107500
104100
99600
100500
104400
115000
105100
106900
106700
120400
108700
100100
102000
102200
99800
107200
99200
104400
106900
100700
102500
99400
108300
104100
103200
120400
100600
120500
113500
116800
126200
115400
110300
107700
106500
107000
108200
106200
100100
101800
105600
101700
101900
102500
100100
110700
115100
106500
102300
101100
104500
103200
105500
107600
105300
102900
100700
106800
270500
119000
106000
113100
111900
114200
102100
113400
112900
107800
109000
109400
101500
110100
107000
106300
143400
105300
108700
109500
109800
104900
114500
106600
107100
113700
109000
121400
117000
108000
114100
124000
101600
102600
117600
113100
117300
114600
112400
114700
116300
110100
111700
110400
109600
106300
111000
116400
107600
108000
117100
107000
116100
103200
127700
114800
115200
105900
106900
112200
104700
118300
104700
113600
108400
112700
111400
121800
118000
107400
111200
115800
104900
113400
118900
125500
103600
104800
102400
110900
106300
105600
106600
110400
106200
314900
105800
104700
120800
109900
102600
105900
111600
109400
109700
109000
102800
111700
111800
108800
114100
117700
107500
116600
109200
117800
104000
105500
130000
108000
115600
116400
109200
105000
106100
116000
109100
111900
113000
119000
111300
107800
103300
101900
109800
104700
102500
119100
129700
113200
106500
106500
104800
105800
104500
110300
115700
115500
106700
113000
111200
106700
109800
106100
106400
106500
118800
106400
137500
109900
111000
100700
110300
105600
142100
102100
100400
105200
108600
101600
104400
103600
100300
100600
104400
108100
99800
100300
100800
100700
102700
105200
101300
112000
118100
255400
101300
109000
101900
103100
121800
104200
109800
107200
103900
113500
103700
110400
101900
103500
106100
106200
107300
113000
106100
106700
103600
111100
104100
108200
101400
112600
106300
137800
116700
108800
124100
102800
112000
108000
111100
106000
107500
114300
106100
117700
107200
128900
109400
110200
116000
118200
343600
113200
114900
106800
111800
106400
107200
103800
105400
100900
102400
109000
108000
107300
105800
107400
112400
117200
119100
105100
109400
117000
115200
107300
117800
108000
132700
110400
100800
113200
107900
108300
110700
124400
107400
107300
114500
111600
109100
114200
116300
100800
107500
110600
114900
104400
115200
110900
103500
117300
108600
117100
120900
109100
110700
112000
102700
106400
109000
113500
105100
114400
103000
117300
112100
118200
110200
104700
118500
124400
106400
112700
101000
108700
104300
111400
109600
113000
113900
130400
101000
102700
106900
110300
118300
142100
149700
142400
123700
121600
121500
132300
105500
111800
118500
113400
108500
108700
106700
107300
105400
110200
109500
123300
122900
134300
137700
121500
121900
111500
109800
116400
106200
113800
119200
103000
102000
102800
303100
110200
118200
110600
107900
108700
112200
109400
118700
104500
121500
129500
129100
121400
123700
138500
120400
126000
121500
124700
135100
130300
131100
120000
121500
127500
119900
156400
105100
120400
102000
138100
126200
111300
112300
114700
103200
115400
108400
117100
183500
103400
115300
106200
111200
109000
100800
111100
117500
118100
100500
103600
104100
104100
104600
117800
113600
114800
104600
111700
109500
113900
102500
113000
104500
101500
113000
105200
107100
103500
124200
126500
123000
134400
110700
115200
102100
103400
180100
111900
111100
106900
112400
113200
112700
101900
104400
101900
107700
101500
103300
122600
108700
109200
103400
100500
104300
116800
101700
107600
100800
100900
102200
113100
101200
102000
125500
116200
119200
114700
113800
117900
107200
103100
104000
114500
104300
116600
110800
117100
111600
110600
102900
105900
101400
108600
103200
106700
105400
108900
105800
111800
109000
113900
107600
111900
111400
106900
108000
107300
107000
110500
108000
112500
107000
104800
106800
112300
109400
112300
111700
100400
108100
104400
108600
109100
111700
116200
114100
105000
102800
106100
110200
117500
116300
116600
115700
109900
106400
111000
113100
111200
113200
102600
114200
108400
108600
106200
101000
105200
101000
109100
106500
113300
111900
119900
110900
114300
101100
112900
106600
100900
110000
107100
114800
112800
112400
118300
105100
101600
102800
112800
109800
114500
111700
106300
106400
103000
106700
101200
102300
105700
135700
114900
120300
106600
101500
109900
113300
109500
106600
101500
104600
104500
101600
109100
103800
103100
107300
99900
108000
109200
100000
104900
102700
103100
103700
100500
104000
103200
105100
106100
104500
100200
111500
102300
113900
103300
104500
101500
101700
107600
101300
107600
101200
100500
100400
111200
110100
111000
115700
101100
101600
104700
101300
105000
101500
104300
104300
103200
102700
100300
108100
103800
109900
146400
102100
103700
114700
117200
114800
121300
111200
106100
104500
104400
101000
103700
104500
107800
141500
125700
104600
105900
111600
105600
107400
107700
111800
107400
106200
103900
113500
108300
115900
113100
122200
115400
115000
104700
107700
107300
101900
104900
102800
111400
118400
114300
101400
110700
105800
105800
109200
105700
131000
101600
100200
100700
105500
100400
105000
119200
115000
109500
110200
111400
103700
109800
102800
131400
102100
102800
107500
102000
132800
109400
108200
108500
114500
113400
101700
129100
102600
114400
109400
119300
113100
110000
129700
122700
260400
112600
125500
110700
122600
110800
111800
185500
126900
111200
108400
109500
109700
108900
110800
115700
116300
114100
114500
102200
103500
110800
119600
109400
116900
102000
110800
101700
104000
100100
100300
122400
108700
130300
129700
120200
111400
107800
112300
106000
100100
101900
100700
113700
110200
128000
124000
108000
135600
100400
103300
109400
113800
105700
106900
108000
117200
115300
110000
123700
131900
112400
102400
125100
102400
107200
101800
102000
100900
105300
104400
103700
104000
151800
110700
103700
102000
109500
111300
103900
115200
110600
143200
105400
104000
101200
164700
102900
102400
106900
104700
107100
99200
112800
113700
115500
118500
114700
126000
105600
103500
103900
101500
102800
101800
109700
104900
102000
101200
117300
115100
116100
120800
111200
103900
113100
120900
100900
100400
114600
101300
101600
101800
118200
107600
126500
105800
109600
113100
102200
102700
102600
111200
107100
112400
109500
102900
126900
112300
100300
101400
100900
117400
102200
101900
102700
131800
108400
101700
104700
105800
100100
114300
140800
101100
101100
111600
105700
112700
109100
111900
151200
117200
112200
111400
116400
128100
117000
105700
123300
108200
104800
113300
237000
113200
101900
107200
113300
103100
113100
120600
109800
101000
126200
110500
107500
117900
107700
107100
100600
106500
101300
105600
102000
109000
100700
116300
106600
100600
104100
145800
114400
109100
121200
101200
102100
100600
125400
106600
108300
143000
104700
108600
99800
101000
102300
101600
107100
101200
102600
104600
102800
108700
143700
123600
101800
100300
109500
110000
105800
127600
114000
115600
110000
107200
116100
322600
267800
111600
116300
126400
103800
111400
124400
111400
180900
141900
101700
108800
126100
100600
105600
104700
115700
101700
129300
144400
99900
107100
105100
121900
108300
134900
115600
101200
108400
103500
113000
226700
108500
124600
113300
101400
106600
105600
104300
133300
120900
119700
105500
149600
99900
108300
127300
104700
109600
107200
107000
121000
106000
108000
112600
122500
111700
109000
112400
108800
108200
109200
102000
234600
109600
109000
118100
100700
101700
100600
113800
104400
114400
106300
106700
113900
110600
109600
178000
123400
104400
101200
111000
114200
143700
114600
109800
100700
105300
107200
120100
110000
113000
116400
115000
129700
111000
105900
107300
114600
116100
114900
237800
116300
106300
128300
106500
112400
102400
104200
117500
100700
104700
130300
109600
112200
116600
120100
113800
111200
108700
100900
106700
117300
105700
114400
102600
110700
111700
116200
120200
114000
141000
110200
136500
110000
135200
108000
130700
112500
110900
117100
164800
107200
110300
102200
130400
111300
102000
100700
102300
104700
110000
112400
107500
108200
101200
104000
107900
99100
111700
131100
124500
119900
130200
112100
122500
103700
100900
101000
112100
102900
112900
110200
100600
102200
107600
100100
113300
105500
143400
101300
113700
111700
108600
118800
101000
108100
104600
118700
103300
118100
100800
114500
100400
116300
106600
107600
109300
112900
117300
110100
110600
112800
107400
100000
102200
192500
112400
111100
110700
112700
114300
112900
117800
112100
115700
116900
116400
110200
113500
118600
114300
111100
109000
108800
109000
104300
105000
102800
111500
102400
106400
115500
104000
105300
109600
101400
107100
100700
102000
102400
104600
101700
101500
108900
111500
105600
105500
99500
101000
101300
100700
103200
100600
203300
116700
110900
111800
102300
107900
102400
110200
103400
102900
103800
125000
101900
114200
116500
107400
103100
110400
109900
108800
108100
107500
109100
108500
105800
102500
105900
101200
109400
105000
104800
105500
106700
103600
106800
112900
105300
107500
113400
104100
106900
104700
103800
103900
100700
104800
98300
102700
129700
112700
138400
107900
127500
114400
117700
114700
111800
109900
111500
111100
109700
110200
112200
121800
118900
114600
110600
103200
121500
111900
103000
102800
103500
112400
101900
117300
105000
108700
113600
101200
115800
107700
108100
108700
103900
103300
99900
104800
100600
108500
110100
108300
129800
107800
105300
109700
103700
105200
99900
102100
126000
101800
104600
113500
109600
102200
119600
121400
118100
113200
113900
110000
112400
107500
117700
122500
106500
105800
102900
101400
103300
115300
101900
109900
126200
107000
105800
103200
110100
103000
106600
103800
107200
101300
109800
99800
103900
99500
99500
106400
109900
99500
100000
113900
121000
106000
109200
110400
109000
121400
106300
109700
123900
104900
110000
100500
122400
113600
101800
101000
101300
100500
104100
102400
102900
106700
110000
100700
102700
102600
108700
112700
103300
109000
102800
116000
109500
106600
104900
102900
103200
112000
105100
215700
121600
117700
109400
109900
130100
106200
108600
106200
121500
112100
113200
119000
112900
110400
112900
113700
117900
113100
117200
109000
114400
117200
110700
123900
112100
114600
116900
108400
119500
124200
112100
109800
112000
112900
118500
110300
108900
119400
115700
110100
111200
113600
118900
111100
110000
110000
111200
114200
115700
115500
113300
115800
117100
112100
109200
116700
124400
112900
114600
114300
115000
114800
112900
107200
116500
102700
109300
110900
115500
111600
103000
122600
115800
102500
114400
226100
112200
101400
111700
119000
118600
131200
120300
116700
115200
114400
100800
114100
101600
159400
110200
102200
100500
101200
241900
112100
110900
115100
111600
113400
117000
116200
103100
117800
108800
119000
108700
102000
114100
117900
120600
113100
119800
128300
123500
113500
103800
111400
116300
116900
117100
116100
104600
104500
101700
101900
102000
135500
117500
116600
110100
110900
118600
107700
104000
101900
110600
110100
119300
115100
107500
115800
117200
113200
124300
118800
107800
134700
105800
101400
102200
125000
125600
101800
115000
107200
115900
114200
1613800
239900
257200
124500
202700
103900
114000
111800
113500
106500
104600
103200
112300
246600
106800
109600
109900
100200
105700
100300
103300
105100
117500
100400
102500
108900
102300
104900
101700
301600
114700
102500
108800
102100
107800
100700
105400
123000
109500
105500
112100
106200
101200
119500
107000
102100
106300
113800
106200
100700
112200
113600
112300
111500
150500
135100
291900
103200
103000
120000
108500
134100
104600
120100
124600
112500
103100
104800
99900
104600
119100
103800
111600
105600
153800
105700
108900
120300
107300
108400
106200
100100
103700
102700
133800
109900
103500
99900
123900
100900
119100
109100
123000
113500
110200
106400
100200
110400
110300
201500
117900
111500
118500
153300
114400
101100
104500
106800
111300
106000
115600
124100
102700
103600
106000
101600
119000
100800
104500
112200
105700
135200
121400
107000
107700
111100
111100
112400
99500
101500
112900
104900
110100
254500
119900
106900
106800
106700
106200
107600
106300
105800
105500
105900
116400
105100
108300
110300
112000
111200
110900
115400
111100
119500
117900
111000
111900
110100
110600
109500
108700
110200
107200
103300
117000
114700
116100
115700
123500
109800
107800
102600
118900
109500
141000
104600
106100
112400
112100
111600
110600
108400
100800
101100
103500
117200
102000
103100
104800
109200
112900
156200
107500
102400
116800
111500
110100
108200
125400
107600
110500
106600
112000
128200
102000
112000
101800
100800
103300
107800
103100
110500
114300
108100
118200
111800
110900
104100
104000
116300
116500
112100
103100
101100
121100
125700
438800
109900
104900
112900
140400
331400
111100
122000
122500
115200
123000
118600
118800
113500
106500
112900
101300
102700
105100
113200
115000
106200
117600
111900
116600
107600
106300
102900
118900
101400
117500
114600
105700
104500
105200
112500
120400
103300
123200
104600
101600
110300
107500
107900
107500
101600
115400
101100
101400
114900
106600
108500
104300
115700
106400
101200
111800
117500
220300
111400
116000
114800
118000
113800
105400
129600
103400
103500
107900
111900
112200
111600
105500
107300
115200
116300
107900
110200
111300
107100
107800
103100
101500
99200
103000
101400
112700
103800
101700
113500
109600
121100
106400
103100
111100
118600
104400
103500
106800
112200
147600
105200
178300
114900
107400
110500
107600
113500
110500
127400
113000
108600
119700
114300
112000
135300
111100
105900
106700
110100
107500
106700
108900
107600
108400
121700
104800
114100
105300
110000
106100
109100
107800
107800
110400
107900
115400
107400
120500
108700
116300
113800
110800
101900
111200
119500
103300
106100
103400
111700
110300
106000
121200
117100
109800
109300
103900
104200
116600
110300
106000
108100
120700
117700
112600
114000
106400
103900
111300
124100
122800
116600
105700
122900
114300
126900
107200
110900
106200
114600
108400
110800
103500
105800
127700
106000
115200
108300
112000
104200
119700
99600
99700
103800
105300
101100
103000
105500
101300
99500
101700
105800
108600
115600
126100
102800
101500
99400
100800
110300
108400
100200
99700
102700
104100
102000
102900
115400
191500
110600
109800
114100
101100
100300
106200
123300
110200
106000
113100
114800
106200
110900
107200
112300
105700
104500
104800
102100
100900
108000
100300
103500
101900
100400
102500
102000
103100
110400
108500
107100
100900
98600
103400
104200
103300
100700
106100
105700
104800
101600
102000
102000
100500
106000
119100
104800
104700
103000
103300
100600
105400
107200
103800
112800
101800
107100
111000
129300
104500
106100
99600
105000
102400
113600
113600
113000
114000
107800
114800
105500
100200
100100
103100
105300
123100
115200
108500
117100
121000
120400
108700
157600
110500
108700
106900
119000
105100
101400
110200
105500
133300
106700
108000
101100
113700
112700
107600
117400
104100
101400
103200
109200
101700
104600
124100
111100
110400
115600
115400
130100
105200
109600
121600
100500
102800
109500
107500
115200
116000
117600
111200
107100
116700
112000
114300
105700
102800
102100
101300
107800
103400
107500
107500
109400
105400
101900
108200
111800
121100
113600
103200
106700
122000
106500
112500
107900
124100
111400
104700
105000
114200
104400
114900
104200
110600
111300
108900
106100
113200
109800
107400
125200
109200
102400
117700
114000
106100
129600
111900
105600
116000
106300
105100
109700
103100
113100
116300
122200
114100
106600
113200
106500
109000
109300
115500
106100
105700
105400
112300
105300
122800
131700
105600
109400
105300
106700
107600
106500
100700
103600
121600
105400
114400
112400
103900
104100
105800
104100
144600
104700
113700
112600
116200
106800
122400
107500
110300
108100
102400
110000
123100
106400
105900
105000
104700
111100
110800
106800
110400
101100
102900
110000
107800
104700
129800
114000
119600
122500
123000
110800
102200
103200
109200
106400
105700
111300
109500
108200
108500
106900
105100
105100
106500
106500
123700
116700
112300
118400
112200
118900
118800
107600
116900
101800
101600
102400
106000
106200
106700
113000
119000
114400
111000
108400
106200
107500
115200
138000
104300
106000
114000
116600
115100
104000
111100
102500
102300
110400
120800
112800
107600
115100
115100
104600
102200
104600
114500
339100
103800
115800
121000
100600
107100
109400
119800
115700
113200
105900
110200
111700
107900
108500
106200
119700
102200
116000
102500
106700
103200
106900
111700
114500
102500
112100
106300
112600
106100
111800
107200
112800
103200
109100
100800
109500
105600
115500
105800
124500
117200
112400
105000
112400
120800
118700
106900
105000
111300
108200
107800
109900
107700
110800
110100
112000
123300
112500
103300
108800
111200
109100
116000
110900
103600
116400
107000
106400
123900
105400
114800
106600
116200
108200
111500
112800
106200
115300
105400
112000
105700
105700
113400
106100
224300
111700
106100
111500
113900
109000
113800
104400
105800
117100
124000
121200
122600
104400
116400
122000
118200
117100
105800
107100
106100
112000
114100
105700
117500
105300
120800
112000
104800
110400
101000
118400
109700
120300
114000
108200
114700
100200
105800
105300
105200
107500
111000
100600
105300
111400
107100
111100
106500
108100
114700
111900
103900
108500
102400
115000
107700
111600
113200
107500
112900
109700
120500
103700
108600
102000
113900
102900
104400
116400
121700
104600
107900
116700
107000
109600
108900
119500
110400
112000
101500
113200
106600
112500
302800
103400
110300
102400
113100
104700
109300
110200
108000
111200
109800
115400
108600
105800
105400
108700
112800
107600
104200
108700
103800
115000
117200
130100
113900
104700
118500
110600
111500
239400
121300
101200
113500
114600
111800
106500
106100
111900
109300
115400
105000
102900
111500
101600
110700
103500
110600
105900
101100
105200
111200
100900
101900
110400
110000
135800
111600
101100
116900
101800
118800
108600
113500
110000
103100
178400
115600
111000
107400
112000
110600
102600
115900
110900
110200
118700
116900
103700
108400
105200
127300
105400
111000
121700
123700
104900
100800
115000
122400
107000
102300
110700
130300
110300
109900
105500
112300
116600
110900
105100
107600
110600
106700
102300
105800
104600
111800
105000
100800
110400
101800
110700
123100
103700
111200
122500
101800
102100
111700
115700
117800
101700
104700
110500
104600
115900
105300
120800
109700
110200
101900
113600
114100
102700
111100
106800
103000
106400
108700
108400
107200
102000
106000
127500
104800
106700
109900
110000
127400
112000
126200
119300
121700
107900
117000
115900
116900
107400
109000
109700
104500
110100
110000
104300
107300
111300
129300
102000
107400
106700
108200
108900
106400
119900
109400
116100
108200
110500
116500
134800
108400
102800
100400
101400
106100
141300
118100
100900
108400
102600
106400
116200
141600
109100
109000
100400
100100
105200
103500
119700
125100
108700
116900
103700
103000
102400
108400
101200
113400
109500
106500
111300
107000
111700
103900
111700
108400
109900
110300
109300
119800
319900
120500
114100
102300
117200
124800
115200
111400
117200
101200
111600
107800
111500
104500
105800
102300
105300
111000
105400
102400
105200
103600
107000
106300
103300
104100
105600
100500
101100
101800
102100
109600
104900
107900
117100
101700
105400
131000
103500
115200
111000
104900
100600
102300
104000
110300
107700
133300
112600
106700
133300
114500
106600
105900
113500
102700
109800
109200
112800
118500
109800
109400
117400
102800
122300
110200
104300
105400
123900
99300
108900
100600
104600
107200
100800
100000
109400
115900
102200
103700
106400
108900
107800
110800
110900
114300
111000
127100
112500
104700
107300
111600
98700
103400
108600
105500
112400
108100
114500
119400
116900
108500
99000
100500
103000
101500
108100
100600
112200
118900
102200
111100
116300
106400
113100
164300
102500
100900
102800
111200
107600
128200
107100
113000
111100
102500
101400
105200
123500
104700
109700
108600
114100
105200
105400
109700
111100
110600
104600
109900
120500
110600
102600
105800
110900
99800
107400
111800
108300
146200
117800
118500
106300
101700
102000
100600
105300
104200
104300
100200
100900
104900
105200
100000
101600
102400
111500
106900
107100
112000
110800
100800
104800
103400
107300
109100
100200
99800
127200
109200
109800
104600
102500
103200
104200
102900
110200
103100
116000
101300
100700
119100
109200
109700
101000
109700
100900
104900
109700
112300
111800
104900
115200
115600
159900
111200
101700
100900
102100
115000
108200
100100
100100
261800
114300
106300
106600
112700
116000
104400
102500
103900
103500
104600
101600
107400
105500
103600
102200
104600
104600
109200
101300
110100
116800
138600
99800
103500
111800
111100
100800
101400
102200
112100
112000
102100
100000
103900
106500
105500
110700
113400
109400
101200
121300
107100
114900
108200
100100
101700
104600
103700
122000
100300
103000
116000
101800
108800
106200
103000
98600
114700
103600
104800
102000
104700
103900
102300
101500
109300
104500
103600
101700
105100
103100
106600
113500
106800
106800
105300
106900
106700
115900
101400
102100
103000
107700
128600
124400
101600
98800
110500
108600
113100
127500
113400
112800
113700
118800
111000
156000
101400
136500
103100
101700
104600
103500
104700
108600
107000
134400
99700
101000
103100
167400
119500
103100
124100
107000
115200
114500
155500
112900
104100
103000
107700
126300
115600
113700
114700
106100
106400
106600
116400
108200
109500
118300
106600
107700
106500
114700
109100
324800
115300
106200
106100
113800
106400
106100
114700
105800
123200
110700
102400
133700
103300
102100
120400
128400
115400
103800
110500
108800
101100
102500
106700
102700
110100
100600
105800
131800
106200
108900
108900
103700
112500
111400
108800
106700
100300
99700
102600
104200
103000
114200
100900
103000
103300
108100
110200
122400
109300
106300
127500
116200
114700
114400
111900
107700
128900
112900
113300
101900
119900
108400
124000
119400
228100
114400
112000
115700
102800
129900
113200
109100
119700
118800
118100
113400
232900
103800
195800
107700
101900
122200
113900
111300
115000
115100
148300
115800
110700
117700
135300
116300
111800
118300
111100
108500
114700
114800
111600
105500
102200
113200
121100
109100
110400
117200
114200
112400
138900
112600
118300
105400
117500
130700
110800
113100
108200
109400
110700
105300
124400
110800
102300
109700
124300
105300
113200
111700
109000
111000
106200
117300
105300
105800
99600
195600
110600
100700
107300
105100
108500
99600
108500
103900
107300
112100
105200
112000
111500
167000
115400
104000
104000
128000
105200
99500
109000
105800
113100
105300
100100
101200
113400
103100
100100
100700
99500
104000
109600
120600
128600
117100
104800
113700
112900
102300
122600
103900
111000
104900
108900
125900
108600
134700
116800
101800
109800
111600
114500
101900
130500
113800
104900
107600
130400
108800
101900
111100
102200
113200
102300
107600
108800
104800
122200
104300
104800
111000
100500
100200
109000
165300
115700
100400
101700
101500
101900
101500
114800
103200
102900
106700
105900
142800
108800
104100
211300
100100
101700
99800
107000
100700
101600
115600
117200
114100
114600
104300
146100
101600
100400
114000
99200
103700
103900
105700
104800
104700
110300
102800
101600
100600
102600
122700
120100
102100
111400
104600
102200
125900
108500
109000
105100
109400
130400
105900
101900
103000
118000
111000
103400
117700
102000
115000
111600
109000
102200
103900
192400
133700
103900
107700
107000
101400
111300
99800
112400
110800
116900
106100
107200
116800
110300
110600
112900
112000
117900
107900
105000
112900
102200
109700
101800
120900
274200
100600
105500
107600
113700
116300
117200
107600
118600
119300
108200
107200
109200
112300
113100
103800
116400
113400
117000
106000
101600
115100
113400
106800
108800
114800
112900
104100
114600
104700
111900
136200
102800
209400
184800
113600
104900
119600
109700
108900
126900
107300
114400
113000
114900
106700
109900
114500
116700
107400
105000
109800
119300
248300
104000
104100
109400
113300
117400
113400
126900
102500
115100
117200
122800
113400
112200
106800
109600
107700
186400
109800
127300
100600
109200
102600
109000
118900
128300
111600
117000
114800
107000
103800
139600
112300
118900
108700
113900
118100
112100
108300
108600
113100
120500
122500
109400
119100
112300
129600
124800
107500
104600
118800
109000
101500
138800
108400
113300
118000
113200
115200
131100
113600
124900
121700
131300
112900
102200
104900
130900
104500
104500
124600
117700
112300
122700
109900
105400
121900
160200
109500
103200
114200
116200
149800
112200
114500
123200
110000
107800
108400
108600
105300
105300
109800
120400
112600
155900
111300
122100
110300
116800
112100
120500
116100
140400
101300
113800
114400
138200
100500
101100
121900
156600
111900
111200
106800
103500
101000
112700
118800
108800
112800
113000
121100
114400
105700
101100
131600
99700
158300
101600
102800
107300
219000
109000
102400
100000
102100
105600
109100
104100
101200
104300
115100
106200
115700
116800
107200
108800
119600
110100
100200
117600
109300
109900
113800
119500
113100
109800
110600
116100
109200
105600
109400
133600
100100
102400
110600
110700
115600
130500
114600
122600
119800
106500
102000
111600
108900
106000
105800
104900
106400
104200
115200
116100
112900
117600
114300
104200
106500
105300
124000
101800
100900
102200
101500
116700
99700
99400
191700
104900
102500
107600
118600
116200
117400
102800
111400
115100
105400
110800
100600
101700
114800
141400
104100
105800
105000
101200
102500
100900
111000
103900
103000
103400
100500
102000
105700
117300
149700
103700
100300
100000
111200
106500
101100
109000
103200
106500
113700
105200
107400
100800
100200
138100
111200
108500
102000
114100
111100
102600
140300
114300
100900
109200
110600
109600
101400
125100
117000
105600
106700
114100
128500
123800
110700
109500
100400
109900
117600
111800
113700
118600
115800
107800
103100
104600
99600
101500
108100
100700
101600
111200
112100
100900
107000
119800
109300
105000
191700
109600
103800
102700
104500
106100
108600
122800
116600
116700
105000
114700
107600
103700
100800
102700
105200
140500
100700
104500
105100
101800
101500
101300
101000
110400
106700
105800
100900
111500
105900
110200
102000
100400
255700
108800
108700
107000
107500
114100
107000
126100
111200
116400
111700
118100
110400
109000
105300
115800
103000
102500
116000
105400
113700
111800
102300
113100
103100
100500
123800
99700
121700
101700
100600
114300
114100
116900
114900
107700
99700
101100
104800
114600
103900
101900
107200
103700
102800
113400
116100
115100
122200
104300
113700
146600
106400
106100
118200
106200
110200
107600
109300
109800
105700
173300
109300
148300
104000
114500
103700
104200
107900
102400
100900
107000
110800
110300
115600
113800
123600
110600
106800
113900
123100
101800
111400
100500
109700
107300
113500
296100
103300
105400
101600
110800
114300
103400
104700
138900
101800
100400
102400
103700
108100
140400
104900
116600
117000
112500
108400
115000
129400
101500
102800
108700
430000
124400
105500
102300
101100
114100
121800
111900
110400
100300
119500
104800
114500
110900
113500
109300
105000
120200
105100
104700
111100
101300
111200
102700
104200
107900
104000
102100
102000
102000
105700
110500
108100
105600
107800
113600
147500
110800
115400
106300
109800
103000
110300
109600
104600
106700
117600
112100
111000
117800
121700
110200
117800
109900
101900
111000
111600
114500
112400
111300
107200
102700
109400
114500
266500
110000
111500
108300
113800
115700
129600
110600
110600
109600
106600
127800
111600
111600
115200
116700
104000
112300
100800
130700
103600
102900
109000
118700
111500
113700
353100
108000
113200
105400
103900
108200
103900
110800
111500
108000
102600
107700
129000
106300
103400
102600
101600
117300
118100
108300
106400
147200
113000
116200
128200
105800
102000
100500
111200
122300
114400
101200
108600
109800
109800
114200
114100
102000
104900
114500
129000
112900
106200
126500
114100
109400
101700
101500
101200
108600
109200
115600
109200
109500
111200
114600
116300
105300
123200
117200
108100
133800
114300
105700
116300
106000
110900
108300
129800
124200
110800
105500
101800
103200
105100
104000
109600
224200
104000
109500
116200
110500
111900
107700
127700
218800
104500
316100
111600
116700
113700
126200
109200
102000
111400
108900
126700
104800
100300
107300
146200
101700
99500
111600
100600
104600
111000
102000
109900
101800
109500
103400
106500
103500
100700
100400
101300
100600
100500
113400
106800
115500
111200
109900
114500
113200
103200
117400
101000
122000
115600
108900
107400
117600
116900
231200
101400
104200
118300
100900
261000
109200
120900
105500
107300
114100
113100
112100
110500
111900
107000
116100
109300
109900
111400
113100
100400
109100
105500
102600
101500
100600
100900
110300
106600
260500
103600
109500
105100
100100
109700
102000
103200
117500
110300
106200
112300
107300
112400
118600
106500
110400
106200
101000
169200
111300
100600
109300
105900
108500
106100
109700
119600
111800
109900
126700
101200
107900
102100
117800
102800
111200
115200
114000
104000
109500
109300
103200
104400
101500
128500
107000
129700
119300
105300
122200
106200
110900
108800
117600
105400
105800
100100
103900
111900
100100
102600
101100
109200
102200
107200
122100
113600
253400
110500
114600
246300
252500
115500
110100
250700
113400
108900
116700
108500
121900
109000
114000
118900
111700
114700
108400
113200
102400
102900
116100
121800
116600
109100
102600
105200
101800
102700
101200
102600
102500
111800
107100
98700
113100
111200
103700
104100
121700
115600
105300
101200
102500
117600
116900
112300
114700
101400
100100
101700
114200
114600
104800
104300
105200
101600
115500
106300
105000
100700
122100
118400
103500
216100
103600
103400
112500
100700
103600
109500
121500
114000
103900
100700
101200
123100
104400
123200
108700
105800
109500
107000
107000
116200
106200
108500
111200
104600
107100
104200
109200
108900
125000
105400
103800
139100
109300
101500
127300
117400
110700
120400
108500
135300
123800
106500
106200
119600
126300
106200
120900
110600
107400
106200
101300
119100
104600
115500
115900
100200
106500
101100
110200
108700
104800
116500
110300
113600
115200
99900
109100
102300
112000
107900
114700
119300
112300
114000
104300
115400
105100
107600
106700
101700
104200
108600
109700
105000
99900
108200
102300
110500
113200
104600
101300
103700
108900
112800
116800
119500
108900
122900
115800
138300
108400
100600
117800
112900
112800
107500
104100
109700
102200
107400
108200
111600
117600
113700
109600
116600
112300
113900
119500
119200
107600
108200
107100
109500
104800
132800
123100
105100
105600
109300
122400
100900
108500
102600
122100
110500
108500
112300
114200
107000
109400
112400
109000
113400
103600
102500
121000
110600
112100
105600
116300
112100
111000
101900
126000
115300
105000
107200
117200
109400
110000
117700
109600
103700
104100
103000
109700
110200
107200
108100
103800
115500
100500
100300
103800
101300
129800
111800
110300
127100
261500
121600
100000
113200
103800
102000
101300
105700
106800
109700
121800
106300
100600
101800
116500
112100
100400
104300
112500
105300
102500
127200
100500
109100
109600
102800
105500
102600
107100
104700
103100
99700
104300
104300
100500
104700
103500
106400
120000
111900
110000
137400
101700
116900
101400
108900
130400
101500
104700
115700
110000
106500
106800
109700
107800
116900
103900
108300
107900
108000
106600
104200
106400
115600
104000
109900
138300
116900
108400
104400
110100
106700
124500
115300
112200
116100
106600
101300
104800
105400
101500
112300
131300
129500
110500
104600
113300
110500
115000
106100
102200
101900
132000
112100
111300
117400
105700
107000
103200
113500
104700
108600
109500
109800
104500
106500
100700
115100
107800
111200
106800
104100
111600
108600
104400
100300
101200
100800
99300
107600
109400
105600
100700
116700
101500
106000
103200
102700
103500
107500
109100
108900
102700
131800
123400
135600
107700
118000
119100
109400
120100
109700
108800
113900
111000
101900
106200
107700
126500
107100
120700
109800
105200
108000
110100
127900
104000
111400
136500
110700
122900
115000
107100
110500
102900
103600
110100
109500
112500
106500
111100
112900
104300
112800
118100
106500
105900
122400
117200
160200
113700
129700
119100
112200
115500
105700
111900
106600
101900
102300
113500
116400
107600
111400
101500
103600
112500
100900
107300
102900
108100
106300
120800
108900
105000
106800
118100
106800
100800
108900
110200
111300
104500
105500
107400
104900
105100
112000
312100
105300
112300
111500
112700
102200
121500
110500
112000
122100
117700
107300
113600
124500
111400
121100
115600
110200
103700
103400
105700
113700
113500
109500
117800
114900
114200
118500
111600
116100
103000
115700
120000
114400
120700
127000
118900
115800
114900
137000
107700
109100
108300
100700
109700
103600
109700
115400
103300
114800
110000
113400
110600
114700
112100
112100
109500
108300
112700
109200
112300
104700
100600
111400
104500
99300
104400
99500
103800
104900
105800
111800
104500
104100
101200
108800
124900
108000
112200
111000
100500
101600
113600
104500
109700
111200
116300
123700
113100
111000
112200
112500
104900
107900
106700
105300
106300
109600
106000
116400
106600
108500
112100
106100
103100
103300
108600
106400
116800
111100
108200
105600
143400
106000
333600
111900
105400
114000
114200
112200
110300
110600
112200
114700
110100
217900
120500
112600
103400
102800
100400
112500
101200
121900
111700
122700
106600
107600
100900
114200
115600
123100
121400
105000
128100
106400
120000
110600
108500
101000
103000
112400
112000
112900
114300
130300
115800
103000
99400
125700
104100
101800
108000
100700
100600
102700
101900
100100
108100
103000
102300
113600
111500
118400
111800
105600
100400
121900
123100
103000
106000
99500
114300
104000
100000
110900
130500
104700
111700
104600
108600
101300
101200
103300
106500
114400
133000
114900
113200
109100
119700
116500
126600
111900
111000
109200
105500
118400
100700
103600
114100
106000
143000
110900
102200
105500
111000
107400
116800
107900
103900
134300
106500
109300
106500
115600
114300
101800
123000
102600
105600
109400
105000
108900
100500
115800
110300
122600
114100
112200
109300
102900
105700
111700
102500
100500
104700
115100
108300
108500
133700
113400
101200
109600
108200
115500
111100
105300
333100
109300
156000
116100
106900
124700
123400
104600
102300
111600
114500
109800
107400
112300
110200
109000
101100
109800
104200
105200
101600
107900
101200
113600
107900
101000
113700
112400
101800
101300
125200
147000
102000
112800
112600
121100
116100
105800
115100
101000
103000
101400
106800
107700
102400
103900
104600
112100
162900
119500
117200
161800
118700
111100
110400
108700
118700
104100
103100
117500
132600
113000
108800
120300
101200
106300
105900
113300
112600
110400
107300
112200
113600
150600
111200
131400
115500
118200
127100
108100
119100
114500
115000
116600
117200
124300
114100
111400
120000
112200
122500
113000
121200
115600
126500
109100
109900
111900
111300
123100
107600
116600
104300
118500
102600
105100
108800
112600
105300
119000
112200
119800
102300
112700
100800
121700
102300
111300
119000
110200
109400
123300
108400
107700
112000
109000
120200
105600
105700
117100
104600
118900
108100
103400
118900
129500
106100
113400
111500
175200
108900
101000
100800
108900
121500
122600
111500
106200
109400
105400
108600
103900
144900
108100
114600
140300
111800
124400
119500
113800
109100
110500
102100
112400
238400
122500
125800
105700
108900
103200
108400
113600
110300
106600
115200
110100
111500
111700
106800
116000
101400
103400
110200
105500
103800
106100
111100
112900
110100
102700
102400
114900
103600
126300
102700
116800
111800
112600
128300
102300
115800
104600
107000
114100
188500
111800
105500
104200
109400
102100
114200
106700
105200
101600
109900
113100
128300
110800
111100
112000
104400
110800
103800
104300
107000
101300
101100
107600
103100
103700
101700
109300
103600
99900
100500
115200
105000
108200
100400
105300
106300
111800
106700
111400
116100
115300
125100
113200
112400
110400
110700
111500
114100
127400
111200
101400
107500
108400
101400
110000
99900
99600
110800
111000
105500
101600
103600
103700
112800
112400
108000
103500
117500
105800
112800
103600
102400
108500
112800
108900
102600
107200
116800
106600
107900
108200
114000
107500
105400
105600
104000
120400
110200
109100
115800
113300
115500
105800
133700
105100
136400
114800
111200
119900
110000
110700
123500
115500
116100
118400
104600
114200
111900
114900
111200
101900
100800
111800
108400
102700
300500
109200
101000
109100
107300
109300
104800
105900
99700
99900
102100
108900
105800
102000
109200
102900
106000
103000
111500
119100
108100
108700
125100
106400
107800
102900
131600
111000
121200
110000
113000
120600
105700
120900
105600
108200
111200
116800
107600
109500
111300
138100
115300
112100
105200
114000
121200
111400
107000
111000
103800
103400
103500
140200
104000
111800
108200
101800
111800
107500
101200
111400
100100
102400
103400
106900
109300
112500
102000
107600
110200
106900
107800
110300
108600
101200
111800
105700
101500
105700
133900
105500
105500
104600
103500
101300
104800
110100
106600
105800
107100
103100
104700
108600
110500
110300
102300
102700
108700
123500
104400
112900
101600
113600
104300
104300
119800
121500
106100
115400
118200
162300
105200
108200
106300
109200
125000
109300
121800
116900
105500
108000
103400
102600
102500
105300
110400
216600
119500
153000
108200
112500
185000
103500
114700
110900
116400
107900
105200
105500
106600
101500
110500
105600
103100
112400
106900
111000
117600
111000
123000
124800
112900
103700
121300
113800
106300
115200
126000
114500
119900
103500
107500
110500
110600
102600
107500
119500
113000
113100
132300
105700
104100
102800
106000
115600
104700
105600
110600
110400
102600
115300
113300
122800
113300
108800
109100
114700
108800
114400
109800
111500
112300
117200
116200
112600
124000
110700
113500
112100
118900
117400
112600
117000
120700
112200
116500
111900
109700
115100
110200
112600
115500
102400
114500
102800
109400
102200
112600
110000
115000
114300
102000
100600
102900
107000
108700
106800
108500
102900
100300
119700
113900
120100
116700
105200
105500
121500
108000
111100
114700
102300
115000
102300
100900
124100
110500
101100
121000
109400
101400
100900
120300
110200
103700
109000
100800
116100
100000
102500
107700
101500
103900
111900
108000
101300
102600
115800
108900
109100
116800
125300
101900
106900
101600
131900
103100
124900
116600
114500
126300
113700
109600
101600
115700
115600
141600
110700
115400
114200
127600
102400
104600
112400
114400
129400
106600
132200
125100
108300
101400
117100
125000
109100
110300
102900
114500
122900
106100
105600
116300
115600
100500
103500
113900
120700
113500
102100
102600
101800
107000
104500
105300
102000
122600
100900
110600
162900
114600
133900
116400
113300
135600
113200
110600
111300
101800
105300
106700
116700
101700
101400
108600
117600
112300
112800
107200
109800
107000
101800
123700
103200
107900
148800
101800
116700
101300
110500
102000
107400
116500
114800
106200
135500
101200
122300
102000
103900
107100
112900
101400
99000
104000
100500
100900
117100
124500
127200
106800
108000
99900
100900
111200
100700
98700
101800
109200
102500
99800
104100
100700
100200
101200
113900
103600
109700
100600
108600
105400
109400
107100
105400
118600
119400
105200
102600
108300
104800
105900
99800
110100
114300
109000
107500
116900
108100
108600
104500
110100
105100
104700
120400
122000
114200
116400
111100
112500
105600
101900
110200
105800
101200
107500
100600
102400
105300
112300
102400
101600
105800
104300
105800
107700
114700
114800
112300
161900
102200
100800
101200
109200
100400
113200
102200
100600
100800
104400
105600
100300
101800
106700
109100
117500
110800
127900
121000
105900
113800
109700
104300
105400
114000
114400
164500
108400
123700
110400
100800
102600
109100
106500
108400
155600
100700
99800
117100
112500
114500
101200
105300
104800
101100
100000
111200
108300
109200
105200
102000
121300
106600
109100
109000
104200
101700
100300
104500
113100
103800
101700
105300
103400
103500
103100
103100
101200
124100
126500
100800
114800
106900
103700
103900
137100
111300
117000
115900
108600
105000
106100
113500
114700
107200
101400
100700
100700
114700
113100
115200
102000
102700
105900
109200
106900
108500
99900
108900
105100
99700
107000
99700
112400
111700
103700
99700
105600
101800
110400
120100
106400
318800
118000
111900
116800
111200
109300
110400
204800
110100
101700
114400
101200
112500
102400
113000
109200
108000
100600
101300
103200
113300
109100
103500
116700
101300
121200
100900
118500
115800
102800
107100
105800
117700
121100
108600
122500
117900
108900
131700
114200
113100
115000
109400
121100
114100
118700
115300
123900
124000
104700
114700
125600
121600
118800
109700
114000
116900
106700
108300
105400
101300
113200
104500
107400
107200
102900
107700
124200
108900
100800
108000
102000
135300
109100
119400
114500
115700
111600
102800
101700
109200
103100
100700
103400
108500
113700
109900
105000
113200
110800
121500
124200
112900
108300
107900
119800
109900
111800
110300
103100
110300
137000
118100
130500
106300
107600
110600
110700
110400
104500
112100
120500
110600
105700
109700
107300
103500
110900
112100
122700
117700
115700
108500
105000
113900
105200
105700
102100
122000
137600
109300
105200
107600
108800
110500
104000
103100
107200
107700
103300
112500
122600
106600
108200
102400
109200
107000
106100
111200
109300
111800
101300
110000
113000
104200
101500
113100
107800
111300
116200
112000
114800
121300
110500
118000
106500
112900
118800
105700
116500
110000
125600
107000
107000
142400
207000
143400
115100
123500
122000
121500
322900
102100
106800
120100
119700
144900
107700
107900
116300
124300
116100
129200
104000
110100
101300
103100
119600
107100
139400
115400
116900
126600
105600
104600
221100
111500
112300
116500
112300
111500
110400
117500
105200
113900
115400
116300
118100
121300
110600
110800
117300
112900
113000
103200
102000
100700
103000
123000
116600
112900
114600
106000
107300
118100
104800
151300
101100
104500
106900
126100
125600
122300
111200
108700
111700
175200
113300
110000
116300
122300
106000
100700
110000
121500
108300
121200
113500
123600
115500
131600
125300
143600
123500
104800
111800
114100
139500
111300
104200
108900
129100
115400
130700
106900
122000
111500
100900
103200
103400
108900
110200
103900
135500
118300
114700
109400
113100
101600
119000
101000
100500
110500
137000
108400
107800
149200
115000
465600
111100
116600
110900
106200
235500
104800
105700
101000
109400
101500
113900
117500
112600
102000
103500
101800
101500
105000
102000
119000
112100
107400
120800
115100
117200
117900
105600
111700
104400
100700
101100
104200
99600
111000
299500
100200
109900
100200
101400
105200
117900
109500
99200
100700
99200
139400
101100
102100
117000
111900
103200
101700
186300
117400
117900
104900
103800
101100
105600
117300
110300
110500
107300
116100
111500
128300
129800
100900
109300
100100
119900
102300
122000
110300
109100
106100
121500
114100
119200
115100
114200
115300
119100
110600
104600
108300
105000
113100
106200
115600
104500
114800
103600
127700
107900
106600
112400
112400
112100
102400
100000
103900
106400
104500
218500
102400
110000
107800
106800
104400
117000
138100
117400
109200
109400
115000
103400
107200
121600
106200
114300
118800
110700
101100
102100
136500
117400
106800
101100
115100
102000
106300
108300
114800
114300
111500
113400
336000
243400
110300
108400
110600
120200
102800
110500
108100
114000
114100
106900
117700
111600
123800
131000
115400
117500
121900
117500
109300
105100
116300
108600
106000
116600
108600
126800
106600
108500
111500
117900
109400
111200
104300
128200
106500
116600
110200
106500
106800
131000
119800
105300
137700
114100
115800
139300
104100
110000
106000
106000
102900
102800
104700
100300
103400
114300
106600
105500
111200
114400
101700
108900
111400
119600
100500
111500
104600
107700
108200
109100
108200
107400
113200
109200
104400
118100
107000
107500
111700
104200
103600
106500
113900
108300
108700
110600
108900
112200
102900
104600
128900
109800
101300
114800
102800
108100
108000
101900
111200
105100
114600
104200
111200
107300
105100
115500
136200
105800
120100
111100
111800
128200
125500
109800
103100
114400
119700
101700
120600
104400
167400
122200
116900
153700
101200
111400
116400
107100
111400
107600
114800
127300
111900
120900
101800
132700
132700
110900
111200
102900
109400
128700
106000
124800
108500
123400
114600
119500
114000
111800
119300
114500
110700
116000
108900
110700
124000
114400
114000
101400
101200
101200
110000
111500
120200
111600
108900
104700
106900
117300
122100
110400
107100
105000
223800
110000
111800
110100
105400
119400
117900
104700
106800
122400
105300
101800
109200
110700
106500
100600
104200
115800
122700
101400
102200
106400
103200
106600
103300
314600
102400
114900
111600
118200
115200
118700
104400
110500
105300
111600
106700
233900
111800
114900
120300
120500
117900
109800
101900
101100
99600
99400
102300
102200
104300
100900
100800
101700
99800
101300
107500
123000
110100
113700
110700
116000
135500
110300
113700
106100
118800
118500
118600
118000
114700
111300
110300
105300
134400
109600
124200
116900
272000
111800
110700
118700
124600
119800
119300
110500
120200
124500
111600
113600
101400
101600
113200
112100
120900
124200
106300
109700
111200
121800
109300
120300
120700
108300
112800
140000
117400
111800
114000
114800
101100
115900
103700
108300
115000
118900
111200
109900
104200
107200
111300
103300
109400
130100
112100
117000
120800
110500
108300
106100
120000
111500
109100
105600
102100
100000
103100
113200
107500
107500
129500
112900
116400
101600
110800
114100
116500
104700
117500
110300
117900
106700
109100
105200
111700
108600
107000
105400
106000
101200
115900
113000
108600
104500
108200
106300
107900
107100
114700
116200
119800
101400
105500
101300
101500
103700
106700
108500
99400
115200
103300
104600
115700
113500
114200
134100
111900
108600
108200
115700
119800
116000
113900
105700
120800
102300
108600
100400
100600
100900
103200
101200
108200
142400
105200
101200
100100
112300
105400
114900
102600
113000
101300
103100
102900
110400
108800
116300
112600
117400
122200
101500
100800
99600
99100
102600
99500
106900
101100
103200
113000
101000
102300
174100
105000
109600
117700
109100
107600
117700
120100
105100
118400
112900
125100
119100
143300
114700
126300
111600
113200
110800
115900
102600
100600
109600
112500
110100
111800
101400
108400
117200
103000
103300
110800
100200
111200
110300
118900
115500
109400
102300
161200
108600
114500
105800
113900
113500
104200
101300
133000
102100
128000
113300
242000
112500
111300
111000
107400
105100
124400
105600
103700
129100
104200
107200
104300
104100
123800
100900
102500
112400
101000
121800
113300
110000
109800
137400
110100
100800
106900
119800
116600
117100
108300
100800
105300
112000
109700
110900
106200
101800
122400
104400
120000
105400
109000
99800
104500
110300
106600
110500
104500
112800
123900
137600
111600
111500
101200
106200
101700
101900
110700
106300
104300
111900
106100
107700
107300
105200
105200
115700
100700
109400
118000
102700
113900
104200
116800
106500
134200
118000
123000
101600
108600
102700
101000
106200
107500
110200
118900
110500
114500
114900
119000
107000
106600
107600
111900
106800
104400
124800
103500
216500
108700
123000
112100
125400
111200
104700
115500
113700
116300
106700
115300
119900
118300
107300
105400
118700
107200
119100
104300
121400
104900
114500
108700
107100
115000
108300
107400
120700
114100
115900
102500
105700
110200
110500
105800
102800
106200
107400
112700
102900
110000
108200
105200
101300
104900
108500
111400
108200
111600
102200
102700
107800
104100
111600
101000
121600
211900
111400
118000
115800
122100
110300
117900
120000
106900
120600
140700
117400
126300
111000
110100
110100
119100
111600
116700
114200
117300
118600
102400
115600
145700
113600
103000
108300
111500
118400
109700
112500
107800
104600
118000
110400
100900
109600
104900
120400
104100
114200
107700
108100
100000
117300
112400
114300
128900
118800
112000
111500
122600
135100
111100
121500
115600
110300
110800
109200
104800
110800
161200
107500
115900
114400
107800
102400
100600
104000
103900
122900
114400
101600
110000
118200
108000
109700
107800
103500
103500
107600
110700
101100
101300
101800
111600
127500
108600
103600
111600
114500
100500
105300
215300
108500
117100
118000
107000
111800
102500
103600
101900
109500
102300
117500
107800
114500
121000
119000
109800
184000
118800
113600
135900
112600
112400
117600
120800
124100
111400
107800
122800
126700
102600
113600
112300
101300
106200
113700
110700
116200
105000
106500
108700
107200
113400
114900
113800
113900
114300
103700
169100
106100
108100
109100
102800
100900
101200
100000
275400
112200
109500
130300
105600
116800
106400
101900
119700
103300
109600
113400
114900
101800
143700
108000
105600
108400
101800
119400
99900
108000
120000
116200
119500
113000
113500
117100
115800
104300
106300
103400
145500
103200
104200
102200
116900
125300
132000
105500
145000
101600
108600
110000
111500
123900
128400
106400
107300
108300
118300
114700
107700
103900
135300
104100
105300
107000
120000
174500
113100
109300
110700
102500
123200
106500
117500
114100
108600
116700
130000
110300
106800
112200
112100
125600
111900
100800
106400
111800
110100
123500
101000
109600
146700
108300
115400
113300
106700
115500
106300
120300
104300
105500
114800
106600
102000
112300
102100
103200
105600
111800
111200
121200
110100
114800
116200
101600
120800
110700
123800
108900
115500
114700
111100
106000
112500
117900
113000
126400
128000
106500
116900
110800
109700
110900
103700
124200
111000
111700
115100
124200
112800
104100
120300
119400
114400
104800
103400
112100
122200
105400
114100
113600
107700
118300
109300
113200
110100
117800
117100
109100
114400
113300
116400
111700
113600
122300
110900
117700
108900
113300
126700
108800
107300
110400
104600
130000
108600
114000
119200
112100
109700
113300
114000
113500
101700
104800
109500
115700
101700
107800
101200
104300
108700
117700
111600
107500
106600
107400
119700
119100
104500
110400
108800
107200
105900
136700
106900
103200
101800
101200
109300
109500
155800
124900
118500
106100
105700
107000
114100
118900
106400
98900
154000
107000
126900
104800
107300
112100
101800
104700
122100
111000
110500
108600
113600
104400
101300
105200
101100
113800
110100
109400
104900
250400
242900
277800
135700
130500
112300
119600
123300
114000
108200
110600
132700
100200
114000
111400
106300
107600
103000
110300
111500
110100
105700
119200
113300
113200
114100
112500
113800
132600
114600
107400
109400
128900
125500
111700
112300
105200
116000
109300
117400
106900
112000
104300
114400
126000
119500
110500
127300
106600
105600
117400
126100
109500
110600
116300
111400
109400
112000
112700
118600
118100
124700
109600
114100
111400
110100
123600
108200
104400
111300
109300
105100
110500
112100
112700
107700
100200
114500
110300
127200
101900
116500
113400
101000
113700
108900
104400
102400
130600
105900
112000
120800
109000
101000
126700
110000
109600
112800
114100
110900
105000
112500
107800
108000
110900
110800
121300
110000
104900
116600
117100
122000
101200
103000
100500
103400
111800
112700
123800
100700
118100
101600
104800
119800
103900
114000
110200
107800
105500
100100
130300
163400
106000
108300
118200
106600
102500
208200
110500
118000
110100
122300
117900
109400
116100
101000
108700
111600
103200
115400
116100
106600
104400
108500
136100
107700
111800
108800
106000
110200
117700
113000
127600
110100
111800
104600
100300
99800
106100
114100
105000
121000
109600
107800
100800
100800
113700
105400
109600
113200
108000
112500
109700
122400
121800
116900
129800
108800
117700
119700
110200
104300
146200
114600
117400
110100
108900
114600
121200
112800
104500
146400
114200
109500
114700
108800
113200
106600
107800
109400
100100
101000
122200
112600
114600
101200
101700
103400
108500
114200
111700
133500
100100
110100
104600
101300
155900
109000
101600
113500
113000
109100
111300
109300
120100
112500
112100
116100
102500
103000
104100
114100
111600
111000
105000
138400
121800
126500
104400
101700
108500
103500
109200
103800
102400
102800
110000
103600
101900
102800
102900
105600
108400
116100
110300
116000
130000
127000
110000
106100
111200
112300
102100
100200
113700
105400
105700
119600
107500
107800
106400
120800
119100
129900
120300
120700
127800
111100
137400
100800
106600
101100
104700
117100
115500
108400
114300
108600
114600
233700
106100
100200
103200
99600
102300
113300
123100
114400
114300
101600
107400
101700
119300
118200
104500
100000
114000
111300
106600
106900
119000
107200
113600
107700
255400
125900
115500
121700
115400
106200
120800
121800
124700
107300
102400
113900
119800
117500
138300
105500
102500
115300
100600
103100
117500
110700
102000
114500
105700
104300
120900
107100
111800
103800
102500
107400
105300
114000
112400
107000
135600
123800
109300
107500
108200
111800
158000
118300
115200
117900
108100
102600
103100
101600
115700
118800
113800
104600
104700
125100
104900
150500
128400
104200
100300
98800
101500
107000
107000
103800
105300
108300
108800
107300
102900
112400
104900
163000
108800
113700
101500
107500
115700
101500
130300
100600
111800
101200
101400
107700
103300
114500
1080600
117700
113500
114800
219600
119500
118900
118600
122200
124300
119600
118200
109700
141100
109400
126900
101000
115000
108200
102600
101100
113900
123300
113400
116600
111800
112000
109100
107300
125300
101900
102600
104300
118700
109600
127400
116900
116500
114100
99900
124900
107200
104400
112700
99400
114000
114700
112300
111700
116400
119000
118800
109800
143700
119100
110200
110200
109200
110100
121100
104900
115800
115100
108800
112400
109800
118100
115400
120600
125100
101000
99900
109300
146700
104700
123900
118400
105100
100100
132900
111300
108100
105800
107300
118200
105600
120400
109800
115800
107700
112200
112500
110600
104900
112100
149700
102700
107100
105000
128000
105200
104200
110700
105400
102600
102200
110600
111100
111800
109900
102800
108000
112100
103900
116000
101300
102500
102100
103700
185200
112800
118800
135300
116400
106100
118100
116200
102400
109700
114400
102000
105200
138300
105300
106500
111400
113400
104000
106500
99100
118900
117400
104200
120600
107000
122200
103700
115600
147500
105300
102200
111900
111900
104200
116700
106100
135300
112100
118400
146300
111600
110000
103800
100200
112700
108200
120800
105600
108200
121200
128300
112900
114000
111300
111800
107100
118100
112000
139500
104300
118800
116500
111000
125100
106800
109500
102100
102500
104000
110800
119600
114600
108600
103400
126800
109600
111700
115200
110100
113200
124400
107800
120100
103500
127700
112000
103500
101400
109700
115600
104900
109300
106300
105900
103700
104600
102000
106800
110000
104400
105700
104700
111100
122700
126000
117200
102600
147000
109300
102700
119600
110100
105600
107200
102000
104600
110000
113400
126900
112200
117500
105500
110100
100200
117800
101000
102100
102500
101500
109100
103100
116700
102500
119000
108500
114200
111600
103100
127500
100300
104800
115900
112600
102400
117400
100700
112100
104600
107200
110200
115500
110800
103800
114400
110800
112700
112400
117100
103700
107000
102700
164800
110300
109000
109000
106100
117200
113800
107100
106600
112100
112300
118500
116700
126200
106400
112900
107000
103900
107800
109500
108200
100400
101600
104300
102400
104200
154400
112000
109000
111400
112000
121000
111200
110000
106200
106100
104300
104400
101900
99500
107000
107700
105200
117000
112700
110000
139300
114300
105000
109600
101300
105100
100600
103100
100300
104000
126200
118000
104000
110300
109400
109800
107000
106000
108800
106600
112200
103700
100700
106700
102300
103700
112900
114600
99900
105200
102300
158500
112600
108900
112600
114900
104400
107400
179400
117400
108800
106000
104400
107100
106500
121300
110400
105800
102100
106500
114500
103600
120800
106600
101000
110500
104600
106700
101500
123500
114800
100900
103800
100500
116300
100300
108000
110800
99900
104500
109400
100600
100500
103700
100900
105000
105200
104700
114400
110700
110900
106700
103000
106400
104500
108900
107000
113000
102300
100200
117300
102600
103400
99500
101400
107400
112000
107900
104800
102200
104600
116800
112100
114700
114300
111300
110300
103700
110500
113700
109500
108300
105700
105500
107700
119100
121100
106800
101900
102600
129500
103700
104300
110800
112600
100400
111400
119600
113300
109600
101800
232400
111100
112500
113000
109900
121200
117300
107900
117500
105000
108200
113600
114400
104000
107900
111600
109400
105300
113200
103500
107300
111000
108300
112800
112400
112900
107000
112300
111800
111700
114600
114500
118900
115700
101000
122700
105200
107100
113400
129000
105100
110300
108700
138800
106700
105900
124200
104800
115100
116000
108300
101100
110700
112200
109900
106800
104500
105600
105000
107900
104600
106300
105200
113600
117600
121900
110500
119200
111500
100700
114300
110700
127200
108600
126400
118500
101600
101600
112000
120900
107300
117500
104200
125100
115900
102400
127000
106600
125000
108600
110500
117600
110000
100700
100300
105400
106700
125400
120600
108600
117500
106700
113200
105900
111200
113000
118400
108000
104800
112000
139000
118700
123200
109100
114000
105500
131500
109200
121700
109000
110700
122300
119600
124800
112000
110000
112900
114200
122400
122400
102200
111800
99600
164500
99800
117100
109500
114000
136100
111600
118200
112500
112900
100300
110200
115400
122300
106300
106700
126500
100900
102300
101100
119900
163600
105800
118800
115300
103400
106600
101700
130600
128000
119700
116500
130300
129700
113500
113000
101100
104300
102600
114200
105300
118300
117800
100400
104900
173200
115800
114300
119900
106200
109500
117600
122000
108600
106600
101500
100300
118500
118800
117600
103700
103600
112800
102300
112600
166100
107800
110400
108000
113600
108400
112100
118300
118300
133600
103400
115200
104500
106000
108600
103000
107900
103400
104600
107300
108700
157600
110200
123800
117500
102800
102900
109700
110900
118700
108800
111000
112900
100600
102300
102200
118900
101500
100100
99400
103900
99900
109400
106500
109500
103000
103200
118900
110200
118000
125600
116900
110400
106800
108600
106700
106000
110200
113400
112900
116000
129700
149700
209800
104400
106300
112000
105000
119100
105200
116200
121700
122200
104600
109400
106500
113000
104500
109800
102200
106700
109200
109800
99600
101600
106100
104400
108100
114000
112100
112100
106800
112500
106200
110100
103900
105800
105300
109700
99700
100300
110600
106200
122400
108900
108100
99900
114600
104200
177100
103900
142100
105600
112600
100400
100800
114000
99500
101000
99800
101800
161400
120300
147500
118300
131800
101700
102800
103700
106700
112200
113300
120700
106300
105600
154000
105700
121000
108400
104700
105000
103700
106500
110500
107500
115700
110400
112100
101000
100200
101500
105700
103700
106400
112000
114600
112300
103500
110600
113800
102300
103300
101800
100900
105400
99700
102800
99400
107100
107100
110000
125900
107600
100900
100400
108200
101800
100900
114100
106400
102100
99400
107500
107600
106200
99800
109600
117600
108900
106600
101100
101900
104200
101000
108800
121200
105900
104600
114400
109200
103400
105400
114200
103000
102000
106700
115000
110700
118400
107400
107400
107900
101100
100200
103100
99600
104800
101900
103500
101900
101700
104700
110500
108800
103400
105200
109100
101700
102700
104000
99800
100700
98800
106600
102600
100300
106900
101900
112300
111900
105500
116700
107500
104600
110300
106300
111500
100900
123700
100900
104300
102300
109900
101400
113500
107300
106000
102100
100900
103500
107400
106800
100500
116400
125300
106200
123800
102200
124300
101000
103300
110300
109900
103100
106400
104300
101300
118900
118000
112300
107100
110100
110600
108800
112500
109700
103900
103800
129000
114800
159900
108800
118700
104800
117200
112900
105500
120900
110400
108200
101600
199900
112400
115500
117600
110900
109800
105000
112600
144900
241000
114200
129000
105600
103200
102600
108700
111300
103800
109400
108900
103100
118800
124500
109300
113000
102000
113500
109500
100500
103000
106700
119400
102900
136700
115200
110400
101100
117100
104300
110000
117000
114900
107200
107900
102900
109600
109800
100400
105400
111500
105200
111900
118400
111400
103700
113800
111600
104300
116700
118600
105700
129400
110200
106200
109700
105600
105000
107800
100700
157800
101800
126900
111300
110400
102300
103200
106100
102200
107700
109500
109300
107500
108700
100900
107400
120100
110200
108400
108200
101800
127300
100100
105100
102900
113500
113600
107200
105000
110200
115100
117500
100500
102900
106900
134100
115700
106100
111400
108300
111000
126100
115100
104400
118800
112200
128100
108700
106200
112000
104800
106600
135500
101300
103600
110400
112100
110700
113000
106100
125600
130800
105400
107500
106800
114800
114400
112700
124600
101300
110400
101300
102600
108100
100600
107700
100800
106300
100900
103400
100100
102100
102500
105600
114900
119200
110700
112900
109100
113300
105200
104900
104500
104100
107400
102700
106000
145300
104400
99500
100900
99800
103200
101300
106100
104700
107000
109600
106200
106800
104700
103400
104000
99800
98600
101900
101300
102200
101000
105900
115100
120300
113100
115700
108200
107500
108300
111200
99800
104500
109400
108600
107700
102300
102600
102100
108700
105900
112300
105300
100900
119700
105600
108800
103900
107500
104200
108200
118500
113900
101000
106800
104100
100500
103900
101600
112100
103700
104600
112200
101700
101400
168900
99700
108200
100800
100200
100800
103400
101900
104800
116900
119800
111200
108900
108300
105000
125200
130500
110700
102800
107900
103500
106700
101500
113200
117800
103200
128700
154000
104000
109000
114800
105500
111400
105300
105100
116500
120600
107300
106000
106100
119100
112800
108700
104100
111400
118300
126300
113200
102300
114600
100900
107500
101600
111300
111100
103300
119700
109100
125400
122500
106600
106300
111600
107500
106100
108300
104500
122400
109000
110400
102600
105400
105500
105800
114200
101800
106300
106900
101300
104100
99900
101800
106600
105500
113500
103400
102000
114300
128000
102800
125600
100600
109200
117200
109600
113200
114300
110600
103300
112700
114100
104900
103700
114800
106300
115100
104900
109600
113500
109500
109200
119300
113800
108600
102100
115000
115000
109600
111000
102600
118900
119100
111500
110000
117000
105700
114800
101100
104400
101900
110300
120700
100000
108000
117500
114000
115100
102300
105000
104700
118500
109300
114200
106400
102400
100700
100900
112600
110100
100600
110700
100800
102600
117900
100300
111900
116500
121600
99300
100000
100700
119300
104800
111700
115700
108700
110200
119400
119400
101100
109400
112600
101900
118100
117700
139200
114900
115000
109000
107700
112200
99800
105500
102800
105700
126700
106300
136800
117800
114100
108400
119500
113100
104200
108100
106900
113100
107300
117100
105100
105200
112500
111700
104200
113200
112100
108400
110800
140700
106300
100600
109000
102600
162600
145700
120000
109600
108800
112700
616100
125400
106600
109800
132200
107900
107100
119700
109900
125100
109600
104600
104000
113100
104900
108400
107100
108000
107900
109400
110900
113300
106300
112900
115100
101500
101800
102400
107300
100800
108200
113200
108300
113500
102000
107500
117100
109900
118000
114300
130800
106000
104800
106000
103400
107400
112200
109300
105500
115900
122300
409500
103600
100100
104300
107200
112800
111600
106900
109000
123800
115800
115800
104500
276200
152300
113100
120200
122800
112800
116300
105300
102800
104200
110400
124800
121200
106900
112100
101700
104200
118700
114600
115900
117200
122100
99900
112700
109900
120500
105400
111900
113000
119800
111500
109000
103700
105700
111900
125200
113400
105300
106300
113700
100900
101200
111200
114600
100200
112600
101500
107700
110200
109500
101200
139000
110900
106500
105000
112300
105100
171500
109400
108300
110100
104000
113800
103500
108600
102900
122000
98800
121200
116800
109800
117800
112300
111800
120400
103600
106000
112100
144900
117000
114100
107600
117700
109400
102500
100800
108100
100600
103400
101300
101200
114200
103100
103900
106800
99400
99500
112400
101100
118900
104400
103100
109500
112700
113000
109600
189700
106600
103100
106500
109600
108900
101200
105200
102400
101900
110000
115700
112000
116000
104200
109700
105700
105100
100600
102700
115100
106800
111600
102900
