1000000 376902
1000000 430282
2000000 851124
2000000 939224
3000000 1.34652e+06
3000000 1.51287e+06
4000000 2.04625e+06
4000000 2.36163e+06
5000000 2.77079e+06
5000000 3.20401e+06
6000000 3.48396e+06
6000000 4.04863e+06
7000000 4.14414e+06
7000000 4.88986e+06
8000000 4.92824e+06
8000000 5.79543e+06
9000000 5.69072e+06
9000000 6.71722e+06
10000000 6.52549e+06
10000000 7.6558e+06
11000000 7.41629e+06
11000000 8.61239e+06
12000000 8.29288e+06
12000000 9.53874e+06
13000000 9.13998e+06
13000000 1.04224e+07
14000000 1.00568e+07
14000000 1.12814e+07
15000000 1.09115e+07
15000000 1.22057e+07
16000000 1.17632e+07
16000000 1.31284e+07
17000000 1.27055e+07
17000000 1.40512e+07
18000000 1.35882e+07
18000000 1.50367e+07
19000000 1.45088e+07
19000000 1.60471e+07
20000000 1.53642e+07
20000000 1.7013e+07
21000000 1.62642e+07
21000000 1.80657e+07
22000000 1.71887e+07
22000000 1.90843e+07
23000000 1.8102e+07
23000000 2.00529e+07
24000000 1.90374e+07
24000000 2.10319e+07
25000000 1.99712e+07
25000000 2.19962e+07
26000000 2.08976e+07
26000000 2.30785e+07
27000000 2.19222e+07
27000000 2.41251e+07
28000000 2.2979e+07
28000000 2.52099e+07
29000000 2.40601e+07
29000000 2.63324e+07
30000000 2.5094e+07
30000000 2.74456e+07
31000000 2.61106e+07
31000000 2.8534e+07
32000000 2.71258e+07
32000000 2.95425e+07
33000000 2.81471e+07
33000000 3.06259e+07
34000000 2.91503e+07
34000000 3.16885e+07
35000000 3.02474e+07
35000000 3.28081e+07
36000000 3.13242e+07
36000000 3.3913e+07
37000000 3.23894e+07
37000000 3.50679e+07
38000000 3.34842e+07
38000000 3.61822e+07
39000000 3.46092e+07
39000000 3.73027e+07
40000000 3.56959e+07
40000000 3.84617e+07
41000000 3.68215e+07
41000000 3.96461e+07
42000000 3.79534e+07
42000000 4.08991e+07
43000000 3.91099e+07
43000000 4.21156e+07
44000000 4.02377e+07
44000000 4.33353e+07
45000000 4.13543e+07
45000000 4.45886e+07
46000000 4.24693e+07
46000000 4.58243e+07
47000000 4.35763e+07
47000000 4.70494e+07
48000000 4.47044e+07
48000000 4.83061e+07
49000000 4.58556e+07
49000000 4.95583e+07
50000000 4.70681e+07
50000000 5.08075e+07
51000000 4.82751e+07
51000000 5.20957e+07
52000000 4.941e+07
52000000 5.33249e+07
53000000 5.06154e+07
53000000 5.45395e+07
54000000 5.18166e+07
54000000 5.58068e+07
55000000 5.30037e+07
55000000 5.70225e+07
56000000 5.42608e+07
56000000 5.83263e+07
57000000 5.5513e+07
57000000 5.96227e+07
58000000 5.66974e+07
58000000 6.09078e+07
59000000 5.78843e+07
59000000 6.21147e+07
60000000 5.8976e+07
60000000 6.33601e+07
61000000 6.02346e+07
61000000 6.46316e+07
62000000 6.14631e+07
62000000 6.60069e+07
63000000 6.27674e+07
63000000 6.7326e+07
64000000 6.39864e+07
64000000 6.86125e+07
65000000 6.52814e+07
65000000 6.99404e+07
66000000 6.65906e+07
66000000 7.11915e+07
67000000 6.7824e+07
67000000 7.25286e+07
68000000 6.90474e+07
68000000 7.38565e+07
69000000 7.02968e+07
69000000 7.51847e+07
70000000 7.1574e+07
70000000 7.6493e+07
71000000 7.28967e+07
71000000 7.77506e+07
72000000 7.41886e+07
72000000 7.90609e+07
73000000 7.54523e+07
73000000 8.03938e+07
74000000 7.67229e+07
74000000 8.17162e+07
75000000 7.80585e+07
75000000 8.30332e+07
76000000 7.93293e+07
76000000 8.43828e+07
77000000 8.06079e+07
77000000 8.56865e+07
78000000 8.18962e+07
78000000 8.69918e+07
79000000 8.31656e+07
79000000 8.83447e+07
80000000 8.45213e+07
80000000 8.96928e+07
81000000 8.58003e+07
81000000 9.10485e+07
82000000 8.71382e+07
82000000 9.24111e+07
83000000 8.84604e+07
83000000 9.37562e+07
84000000 8.97957e+07
84000000 9.51071e+07
85000000 9.10995e+07
85000000 9.65059e+07
86000000 9.24108e+07
86000000 9.79556e+07
87000000 9.3752e+07
87000000 9.93832e+07
88000000 9.50888e+07
88000000 1.0079e+08
89000000 9.63719e+07
89000000 1.02229e+08
90000000 9.77204e+07
90000000 1.03637e+08
91000000 9.91307e+07
91000000 1.05147e+08
92000000 1.00494e+08
92000000 1.06659e+08
93000000 1.019e+08
93000000 1.08105e+08
94000000 1.03244e+08
94000000 1.0952e+08
95000000 1.04655e+08
95000000 1.10919e+08
96000000 1.06062e+08
96000000 1.12316e+08
97000000 1.07354e+08
97000000 1.13744e+08
98000000 1.08752e+08
98000000 1.15208e+08
99000000 1.10134e+08
99000000 1.16682e+08
100000000 1.11498e+08
100000000 1.18086e+08
101000000 1.12871e+08
101000000 1.19458e+08
102000000 1.14147e+08
102000000 1.20942e+08
103000000 1.155e+08
103000000 1.22346e+08
104000000 1.1685e+08
104000000 1.23804e+08
105000000 1.18138e+08
105000000 1.25275e+08
106000000 1.19502e+08
106000000 1.2668e+08
107000000 1.20938e+08
107000000 1.28057e+08
108000000 1.22268e+08
108000000 1.29559e+08
109000000 1.23665e+08
109000000 1.31037e+08
110000000 1.25089e+08
110000000 1.32477e+08
111000000 1.26475e+08
111000000 1.34021e+08
112000000 1.279e+08
112000000 1.35492e+08
113000000 1.29287e+08
113000000 1.36964e+08
114000000 1.30666e+08
114000000 1.38491e+08
115000000 1.32034e+08
115000000 1.3999e+08
116000000 1.33433e+08
116000000 1.41439e+08
117000000 1.34813e+08
117000000 1.4289e+08
118000000 1.36236e+08
118000000 1.44346e+08
119000000 1.37652e+08
119000000 1.45821e+08
120000000 1.39017e+08
120000000 1.47313e+08
121000000 1.40401e+08
121000000 1.48876e+08
122000000 1.41794e+08
122000000 1.50432e+08
123000000 1.43214e+08
123000000 1.51948e+08
124000000 1.44623e+08
124000000 1.53528e+08
125000000 1.45987e+08
125000000 1.55089e+08
126000000 1.47443e+08
126000000 1.56608e+08
127000000 1.48862e+08
127000000 1.58201e+08
128000000 1.50284e+08
128000000 1.59775e+08
129000000 1.51756e+08
129000000 1.61325e+08
130000000 1.5324e+08
130000000 1.62927e+08
131000000 1.54694e+08
131000000 1.64502e+08
132000000 1.56114e+08
132000000 1.66085e+08
133000000 1.57586e+08
133000000 1.67643e+08
134000000 1.5911e+08
134000000 1.6919e+08
135000000 1.60632e+08
135000000 1.70717e+08
136000000 1.62141e+08
136000000 1.72214e+08
137000000 1.63576e+08
137000000 1.73759e+08
138000000 1.65005e+08
138000000 1.75323e+08
139000000 1.66422e+08
139000000 1.76862e+08
140000000 1.67894e+08
140000000 1.78393e+08
141000000 1.69398e+08
141000000 1.7991e+08
142000000 1.70852e+08
142000000 1.81479e+08
143000000 1.72277e+08
143000000 1.82904e+08
144000000 1.7367e+08
144000000 1.84384e+08
145000000 1.75147e+08
145000000 1.85927e+08
146000000 1.76636e+08
146000000 1.8749e+08
147000000 1.7819e+08
147000000 1.8901e+08
148000000 1.79674e+08
148000000 1.90561e+08
149000000 1.81197e+08
149000000 1.92089e+08
150000000 1.82731e+08
150000000 1.93582e+08
151000000 1.84208e+08
151000000 1.95134e+08
152000000 1.85675e+08
152000000 1.96657e+08
153000000 1.87119e+08
153000000 1.98226e+08
154000000 1.88569e+08
154000000 1.9978e+08
155000000 1.90065e+08
155000000 2.01295e+08
156000000 1.91526e+08
156000000 2.02773e+08
157000000 1.92984e+08
157000000 2.04237e+08
158000000 1.94448e+08
158000000 2.05758e+08
159000000 1.95916e+08
159000000 2.07291e+08
160000000 1.97373e+08
160000000 2.08842e+08
161000000 1.98823e+08
161000000 2.10405e+08
162000000 2.00307e+08
162000000 2.11925e+08
163000000 2.01783e+08
163000000 2.13512e+08
164000000 2.03263e+08
164000000 2.15074e+08
165000000 2.04753e+08
165000000 2.16634e+08
166000000 2.06253e+08
166000000 2.18129e+08
167000000 2.07721e+08
167000000 2.19747e+08
168000000 2.09225e+08
168000000 2.21286e+08
169000000 2.10719e+08
169000000 2.22876e+08
170000000 2.12121e+08
170000000 2.24444e+08
171000000 2.13539e+08
171000000 2.25972e+08
172000000 2.14949e+08
172000000 2.27539e+08
173000000 2.16374e+08
173000000 2.29111e+08
174000000 2.17817e+08
174000000 2.3068e+08
175000000 2.1932e+08
175000000 2.32194e+08
176000000 2.20772e+08
176000000 2.3376e+08
177000000 2.22232e+08
177000000 2.3537e+08
178000000 2.23806e+08
178000000 2.36902e+08
179000000 2.25289e+08
179000000 2.38564e+08
180000000 2.26842e+08
180000000 2.40141e+08
181000000 2.28259e+08
181000000 2.41674e+08
182000000 2.29741e+08
182000000 2.43325e+08
183000000 2.31244e+08
183000000 2.45023e+08
184000000 2.32736e+08
184000000 2.46729e+08
185000000 2.34303e+08
185000000 2.4834e+08
186000000 2.35866e+08
186000000 2.49999e+08
187000000 2.3734e+08
187000000 2.51735e+08
188000000 2.38903e+08
188000000 2.53332e+08
189000000 2.40433e+08
189000000 2.54977e+08
190000000 2.41935e+08
190000000 2.56641e+08
191000000 2.4351e+08
191000000 2.58296e+08
192000000 2.45059e+08
192000000 2.59969e+08
193000000 2.46636e+08
193000000 2.61643e+08
194000000 2.48137e+08
194000000 2.63316e+08
195000000 2.49677e+08
195000000 2.65039e+08
196000000 2.51266e+08
196000000 2.66687e+08
197000000 2.52826e+08
197000000 2.68378e+08
198000000 2.54407e+08
198000000 2.7004e+08
199000000 2.5599e+08
199000000 2.71717e+08
200000000 2.57597e+08
200000000 2.73336e+08
201000000 2.59138e+08
201000000 2.75037e+08
202000000 2.60659e+08
202000000 2.76711e+08
203000000 2.62264e+08
203000000 2.78386e+08
204000000 2.63826e+08
204000000 2.80082e+08
205000000 2.65457e+08
205000000 2.81712e+08
206000000 2.67042e+08
206000000 2.83469e+08
207000000 2.68629e+08
207000000 2.85166e+08
208000000 2.70155e+08
208000000 2.86905e+08
209000000 2.7173e+08
209000000 2.88558e+08
210000000 2.73313e+08
210000000 2.90222e+08
211000000 2.74904e+08
211000000 2.91865e+08
212000000 2.76482e+08
212000000 2.93526e+08
213000000 2.78021e+08
213000000 2.95204e+08
214000000 2.79592e+08
214000000 2.96877e+08
215000000 2.81168e+08
215000000 2.98551e+08
216000000 2.82749e+08
216000000 3.00245e+08
217000000 2.8433e+08
217000000 3.01926e+08
218000000 2.85902e+08
218000000 3.03579e+08
219000000 2.875e+08
219000000 3.05204e+08
220000000 2.8909e+08
220000000 3.06928e+08
221000000 2.90721e+08
221000000 3.08659e+08
222000000 2.92438e+08
222000000 3.10393e+08
223000000 2.93976e+08
223000000 3.12115e+08
224000000 2.95651e+08
224000000 3.13837e+08
225000000 2.97292e+08
225000000 3.15616e+08
226000000 2.98859e+08
226000000 3.1742e+08
227000000 3.00442e+08
227000000 3.1913e+08
228000000 3.02033e+08
228000000 3.20847e+08
229000000 3.03648e+08
229000000 3.22528e+08
230000000 3.05237e+08
230000000 3.2429e+08
231000000 3.0681e+08
231000000 3.26028e+08
232000000 3.08364e+08
232000000 3.27789e+08
233000000 3.09966e+08
233000000 3.29546e+08
234000000 3.11547e+08
234000000 3.31329e+08
235000000 3.13178e+08
235000000 3.33124e+08
236000000 3.14785e+08
236000000 3.34907e+08
237000000 3.16376e+08
237000000 3.3668e+08
238000000 3.18013e+08
238000000 3.38445e+08
239000000 3.19634e+08
239000000 3.40215e+08
240000000 3.21288e+08
240000000 3.42021e+08
241000000 3.2292e+08
241000000 3.43778e+08
242000000 3.24574e+08
242000000 3.45558e+08
243000000 3.26258e+08
243000000 3.47304e+08
244000000 3.27891e+08
244000000 3.49074e+08
245000000 3.2953e+08
245000000 3.50857e+08
246000000 3.31143e+08
246000000 3.52626e+08
247000000 3.32749e+08
247000000 3.54425e+08
248000000 3.34369e+08
248000000 3.56177e+08
249000000 3.35961e+08
249000000 3.5794e+08
250000000 3.37583e+08
250000000 3.5962e+08
251000000 3.39173e+08
251000000 3.61437e+08
252000000 3.40798e+08
252000000 3.63213e+08
253000000 3.42376e+08
253000000 3.65032e+08
254000000 3.44045e+08
254000000 3.66788e+08
255000000 3.45713e+08
255000000 3.68603e+08
256000000 3.47404e+08
256000000 3.70407e+08
257000000 3.49048e+08
257000000 3.72169e+08
258000000 3.50661e+08
258000000 3.74001e+08
259000000 3.52272e+08
259000000 3.75822e+08
260000000 3.53977e+08
260000000 3.77587e+08
261000000 3.55609e+08
261000000 3.7937e+08
262000000 3.57263e+08
262000000 3.8108e+08
263000000 3.58863e+08
263000000 3.82886e+08
264000000 3.60482e+08
264000000 3.84653e+08
265000000 3.62074e+08
265000000 3.86447e+08
266000000 3.6366e+08
266000000 3.88252e+08
267000000 3.65326e+08
267000000 3.89983e+08
268000000 3.66966e+08
268000000 3.91782e+08
269000000 3.68661e+08
269000000 3.93553e+08
270000000 3.703e+08
270000000 3.95389e+08
271000000 3.71923e+08
271000000 3.97194e+08
272000000 3.73597e+08
272000000 3.98934e+08
273000000 3.75205e+08
273000000 4.00757e+08
274000000 3.76852e+08
274000000 4.0257e+08
275000000 3.78462e+08
275000000 4.0434e+08
276000000 3.80152e+08
276000000 4.06041e+08
277000000 3.81786e+08
277000000 4.0777e+08
278000000 3.83442e+08
278000000 4.09482e+08
279000000 3.85104e+08
279000000 4.11226e+08
280000000 3.86713e+08
280000000 4.13059e+08
281000000 3.8846e+08
281000000 4.14765e+08
282000000 3.90171e+08
282000000 4.16504e+08
283000000 3.919e+08
283000000 4.1822e+08
284000000 3.93577e+08
284000000 4.2004e+08
285000000 3.95273e+08
285000000 4.21804e+08
286000000 3.96974e+08
286000000 4.23553e+08
287000000 3.98683e+08
287000000 4.25297e+08
288000000 4.00368e+08
288000000 4.27102e+08
289000000 4.02063e+08
289000000 4.28894e+08
290000000 4.03699e+08
290000000 4.30674e+08
291000000 4.05331e+08
291000000 4.32443e+08
292000000 4.07021e+08
292000000 4.34186e+08
293000000 4.08703e+08
293000000 4.35919e+08
294000000 4.10345e+08
294000000 4.37651e+08
295000000 4.12032e+08
295000000 4.39412e+08
296000000 4.13718e+08
296000000 4.41157e+08
297000000 4.15379e+08
297000000 4.42946e+08
298000000 4.17017e+08
298000000 4.44658e+08
299000000 4.18653e+08
299000000 4.4643e+08
300000000 4.20389e+08
300000000 4.48178e+08
301000000 4.22108e+08
301000000 4.49919e+08
