5020400
4386200
4323900
4305900
4586400
4504100
4362900
4459200
4281200
4462600
4232500
4316800
4211100
4210400
4213200
4857300
4381200
4269700
4373400
4250700
4251500
4249700
4422400
4247000
4258200
4284900
4287600
4244500
4234800
4332700
4220600
4322400
4241600
4343500
4423700
4310700
4356800
4314300
4215500
4270600
4350000
4174800
4233500
4232200
4547900
4298000
4214100
4222700
4270200
4239900
4271200
4287700
4152700
4168100
4267300
4380600
4233800
4231500
4188500
4389000
4194100
4205700
4311400
4154500
4237000
4217700
4322000
4214700
4209800
4210900
4295800
4196500
4184000
4309500
4205500
4272900
4245400
4375700
4229000
4263600
4411900
4253200
4332400
4141300
4177000
4249000
4256100
4193900
4195700
4206400
4466300
4329400
4198800
4259100
4309400
4215600
4231300
4355100
4196100
4284800
4259700
4380700
4244700
4245500
4335000
4162900
4213900
4190900
4295900
4199700
4246400
4258900
4710100
4350900
4364400
4611900
4134100
4226200
4191700
4539700
4316000
4326600
4364200
4216500
4209200
4183500
4427200
4416600
4210600
4279400
5048500
4762000
10387300
4827600
7047600
5336100
5399400
5204000
4859400
4694600
4294500
4296400
4233900
4616600
4285200
4268900
4221200
4523000
4243700
4237400
4237500
4258500
4236200
4245100
4343300
4554900
4277600
4251200
4391300
4277000
4249300
4294000
4471500
4200300
4222200
4214800
4287200
4342200
4170500
4216300
4563700
4210000
4161800
4198400
4302700
4196600
4208200
4314200
4190400
4206600
4332700
4357600
4263100
4222100
4252500
4421800
4271800
4277300
4333900
4159300
4200400
4209100
4336900
4183000
4325400
4242900
4259600
4166800
4226600
4312400
4241300
4223900
4192500
4292400
4205300
4207400
4202200
4289900
4212400
4158700
4215500
4282800
4205300
4171200
4322200
4208900
4189600
4167200
4356300
4191800
4159000
4173500
4378700
4237400
4185100
4291000
4211400
4182200
4211100
5782200
4163700
4610800
4279200
4272100
4291200
4577400
4176400
4220300
4275000
4420300
4293800
4250900
4358700
4422000
4290300
4253600
4203100
4210300
4198900
4408500
4236000
4280900
4158300
4420200
4218100
4171200
4199700
4318100
4211400
4228400
4317100
4227900
4229700
4217600
4264400
4203100
4199900
4206000
4367500
4162100
4194400
4306100
4176000
4190000
4252600
4330500
4217300
4204800
4266900
4360800
4174900
4205000
4364200
4157600
4211600
4189700
4349500
4192700
4223700
4202000
4318800
4167000
4315000
4240700
4510700
4256000
4290900
4319100
4178200
4228100
4184500
4314200
4190100
4259200
4205800
4272800
4262900
4219100
4325900
4117900
4217400
4203400
4344600
4179400
4222800
4238400
4221100
4203500
4213600
4251000
4304400
4198700
4185900
4240800
4230800
4287700
4270800
4351400
4210900
4209800
4332300
4176600
4237700
4237500
4282000
4294500
4221600
4196900
4240100
4206300
4258900
4267300
4513200
4537700
4441700
4776900
4506900
4550500
4469500
4457200
4458800
4246900
4293300
4229200
4181800
4191200
4355600
4207000
4180500
4159000
4236100
4190800
4214500
4368600
4216100
4208400
4201800
4324600
4202400
4278300
4210300
4241700
4180500
4191700
4276000
4188900
4168800
4207200
4305100
4209200
4190000
4175000
4338100
4186400
4263500
4287000
4332300
4230800
4267100
4289900
4146000
4189600
4176700
4356600
4224300
4341300
4225500
4230000
4176900
4203900
4366700
4210700
4179200
4152400
4275300
4221700
4186400
4204600
4293300
4205000
4219300
4279000
4253900
4239200
4269600
4361000
4311400
4251800
4249900
4261800
4198300
4210600
4294500
4185100
4223800
4176200
4296200
4221100
4196000
4223400
4318000
4154000
4212700
4296800
4323300
4201800
4189800
4349900
4234700
4241500
4236000
4269500
4211400
4259900
4228100
4264700
4338700
4271900
4297900
4118000
4149900
4200500
4282600
4217400
4187400
4217300
4266700
4231300
4193700
4304600
4178300
4222000
4217600
4302200
4173700
4217000
4181500
4649100
4426000
4322400
4454500
4207000
4200900
4208400
4317300
4162800
4199300
4186400
4272200
4176100
4197200
4290400
4207900
4241200
4224300
4303900
4450700
4221900
4195200
4499300
4280600
4203000
4293900
4155300
4172700
4201100
4295300
4171100
4169200
4295100
4266800
4220900
4200100
4221900
4331200
4246600
4186900
4217000
4180800
4235900
4158800
4343000
4172700
4179000
4180400
4306400
4207600
4182500
4267200
4197600
4184500
4279400
4344300
4138400
4185800
4187700
4306200
4167500
4301100
4303700
4351200
4249800
4289400
4280000
4265900
4211000
4205200
4314700
4225200
4238800
4216900
4325400
4296600
4232500
4314900
4114300
4338200
4198500
4194800
4292000
4338700
4236200
4238700
4290600
4310200
4236700
4238000
4321500
4513500
4197600
4172800
4477800
4306300
4360900
4203600
4100700
4178700
4194000
4260100
4171900
4187300
4187900
4313600
4205100
4230200
4256700
4224300
4224500
4211600
4603000
4206000
4198200
4208800
4517600
4324100
4448300
4294100
4235900
4409500
4510700
4270700
4283900
4287500
4387600
4298500
4220500
4284500
4468100
4278300
4209600
4213700
4515200
4100700
4244600
4172200
4282300
4209800
4155900
4231200
4207600
4224800
4156200
4253100
4187900
4204400
4159800
4348600
4166400
4184700
4216100
4514400
4239400
4204300
4314300
4210700
4229000
4181400
4313100
4173100
4203600
4155800
4322200
4156700
4198800
4323600
4174900
4187300
4181300
4292300
4247900
4183100
4217200
4348500
4230100
4252100
4269900
4218500
4231800
4267200
4336600
4215000
4248400
4215400
4359800
4175400
4231700
4191100
4307200
4156800
4201400
4239500
4177500
4172400
4167200
4278800
4182300
4252600
4279300
4365900
4246000
4242800
4331900
4251000
4270300
4300400
4242300
4266900
4209600
4186800
4330000
4210100
4155000
4350500
4131000
4174000
4195700
4300500
4137500
4214500
4186200
4242300
4184700
4163200
4184900
4288200
4242600
4166400
4291300
4155000
4157200
4231600
4620900
4414500
4346100
4305300
4386900
4176800
4531800
4274900
4226200
4351400
4183300
4242700
4137700
4192300
4172900
4268200
4134500
4200300
4245600
4249800
4212200
4163500
4252500
4214200
4164200
4195900
4226500
4225300
4180600
4204400
4178500
4120600
4252400
4164800
4291200
4189200
4161100
4215100
4189300
4208800
4191900
4255000
4208200
4178400
4182300
4267300
4182500
4168300
4264700
4171000
4235200
4201600
4282000
4179600
4171900
4197200
4259200
4237000
4165800
4182500
4276100
4235800
4324000
4307800
4248900
4261900
4232300
4249200
4149100
4166300
4232000
4288500
4205500
4163700
4285000
4200800
4207800
4160300
4291800
4187100
4190300
4204400
4254900
4188400
4182800
4208600
4243900
4183900
4180000
4228800
4146100
4205500
4196400
4305800
4206900
4231800
4243000
4166500
4169500
4176000
4245900
4175100
4185400
4263100
4211400
4183500
4185400
4173300
4261700
4182200
4187600
4180200
4389700
4193400
4189200
4739500
4622000
4173300
4255200
4288400
4155300
4156800
4275100
4422100
4378500
4340900
4356000
4203200
4295700
4243800
4326400
4229600
4232400
4304900
4298600
4284400
4417000
4588900
4424200
4488300
4525300
4521800
4400300
4472600
4433900
4359200
4313500
4241800
4462000
4285300
4247300
4270800
4231400
4236100
4232200
4410600
4133800
4198900
4247500
4510300
4183300
4211100
4298800
4397900
4217600
4201200
4176000
4177200
4311500
4204400
4177000
4327100
4191400
4151800
4190600
4617800
4174800
4212700
4179500
4335200
4162400
4268600
4284000
4262200
4222700
4247000
4311300
4166100
4189500
4194900
4308200
4166500
4185700
4187700
4282900
4165600
4192500
4308400
4171700
4187700
4163600
4249800
4164000
4186300
4188500
4355200
4175000
4205600
4433400
4329500
4407700
4112800
4286600
4145600
4251800
4275500
4205300
4168200
4174200
4193400
4206500
4211000
4177500
4241800
4208300
4182300
4221600
4205600
4152400
4205200
4284700
4491400
4190300
4161900
4405300
4507200
4193600
4351800
4334200
4365000
4250500
4235100
4188600
4175700
4176500
4269500
4173600
4210200
4271700
4246100
4234800
4281200
4287700
4244400
4201400
4263300
4347700
4450400
4183100
4229500
4278800
4279500
4285000
4226800
4232400
4133800
4197500
4212700
4251200
4227200
4197600
4286900
4205800
4163300
4200100
4394400
4158000
4169000
4183100
4278500
4237200
4188200
4281100
4197000
4188900
4251800
4211000
4125200
4202400
4204700
4162800
4178700
4217600
4199400
4238700
4162800
4190000
4288500
4178300
4175800
4200900
4258900
4152600
4188300
4176900
4270900
4143100
4247900
4194200
4401100
4208700
4223400
4262900
4100400
4157500
4190300
4249100
4189200
4224300
4178600
4311100
4191500
4250000
4358100
4199200
4244500
4209100
4272200
4092500
4174400
4165900
4307300
4159000
4172300
4166300
4375300
4188600
4171700
4315800
4194700
4167900
4175700
4351500
4189400
4197900
4165600
4328500
4178400
4173000
4670000
4258500
4178200
4289800
4558400
4260000
4248100
4294700
4484200
4199900
4217700
4251800
4448900
4210500
4269500
4491000
4234500
4271300
4193900
4366200
4201200
4279400
4285800
4253800
4212500
4231900
4308200
4227300
4231000
4225900
4224800
4183600
4223300
4302000
4165400
4204100
4202300
4295800
4179400
4224000
4267500
4336500
4229800
4199000
4249100
4294300
4219100
4284700
4279700
4110700
4177400
4178500
4332000
4183400
4289400
4234200
4198100
4136100
4233600
4263300
4156200
4220900
4238200
4343600
4262100
4257700
4244900
4245300
4234100
4272100
4259700
4271200
4213000
4305400
4224400
4209300
4239400
4323800
4228700
4113800
4171400
4189600
4295000
4168500
4151900
4280600
4142100
4211400
4258600
4283000
4158100
4197200
4167800
4272500
4168500
4199300
4185300
4441300
4257100
4221200
4404600
4207500
4258400
4282100
4282800
4187400
4283400
4205600
4307600
4214300
4225100
4330200
4218000
4242200
4227500
4384400
4347100
4312400
4286100
4751700
4156600
4492500
4363700
4166100
4240700
4328100
4246000
4115900
4164300
4237200
4246600
4188700
4171900
4343200
4119500
4200400
4239700
4193500
4137900
4267400
4159800
4141200
4190500
4278200
4192300
4202100
4359700
4192200
4218700
4237600
4336000
4301800
4327300
4287100
4416900
4162300
4271800
4231400
4130300
4186000
4180600
4469100
4196900
4222000
4236400
4322700
4162500
4193000
4327700
4210300
4177700
4191800
4259200
4198000
4177400
4170300
4290900
4177500
4152100
4269200
4242700
4175500
4166500
4541700
4134500
4260500
4213000
4249000
4249200
4247200
4222200
4266100
4195500
4214200
4353100
4188800
4241300
4204400
4205800
4114400
4172500
4188300
4267500
4179100
4178300
4397800
4113200
4189900
4287400
4270000
4252700
4280500
4216600
4310000
4222600
4228000
4242700
4203100
4192300
4194800
4237900
4204600
4161500
4229000
4238300
4179200
4172900
4180200
4282100
4189800
4172600
4277600
4275700
4177800
4180900
4649700
4459800
4405600
4270800
4226100
4149100
4148400
4362000
4130600
4221500
4419600
4434900
4218100
4225900
4443000
4170800
4175000
4155900
4337000
4154500
4272800
4281500
4254000
4229900
4227100
4304300
4372000
4187300
4255000
4258000
4287100
4224100
4214200
4248300
4177800
4223900
4244900
4330800
4213100
4203300
4230100
4258900
4234400
4234000
4319200
4238800
4240700
4200500
4319400
4538200
4310700
4392100
4331100
4203300
4239100
4229400
4178000
4140900
4252100
4185700
4172900
4183500
4200800
4247700
4182000
4201800
4189400
4264300
4161200
4219700
4212800
4207100
4188100
4175400
4202900
4301200
4168600
4241000
4196200
4174400
4183200
4198700
4298900
4172300
4162500
4219800
4094600
4179600
4164900
4316400
4130700
4229100
4212000
4270700
4169000
4190400
4193100
4321300
4183400
4176600
4213600
4217100
4198900
4180500
4236500
4186400
4209200
4156100
4283300
4188800
4158400
4233200
4341700
4183500
4162800
4341500
4326500
4179800
4305700
5296100
4289100
4206600
4220800
4288900
4176400
4169500
4443300
4167900
4166600
4196600
4376000
4167100
4233800
4183300
4252100
4173700
4169800
4382100
4364300
4310500
4299600
4481000
4128700
4294200
4224000
4228300
4138200
4188100
4260800
4265700
4180000
4196900
4330300
4185800
4202000
4302300
4305000
4216100
4292600
4408600
4242100
4188100
4285400
4288300
4203400
4240700
4206700
4254100
4104900
4227200
4184000
4294000
4265500
4215400
4258200
4247800
4249900
4232100
4215800
4090100
4177400
4156300
4296600
4172300
4209100
4332000
4137700
4164200
4193100
4276500
4178100
4264700
4209000
4207100
4141000
4186500
4175400
4249400
4177500
4224500
4514900
4185400
4256500
4229600
4266900
4266800
4243000
4306900
4196100
4126000
4175700
4216500
4195400
4169600
4232800
4329100
4100100
4153200
4198000
4268700
4107200
4240800
4250000
4262000
4207500
4239100
4114600
4182200
4265200
4328000
4199100
4212800
4503900
4328700
4324500
4308000
4659700
4139700
4193700
4169000
4276700
4187700
4199600
4278100
4328100
4184400
4284400
4264300
4410700
4180500
4245600
4506500
4217300
4302500
4314500
4084800
4205100
4159900
4343100
4159800
4180300
4189400
4303800
4170400
4136900
4176700
4221100
4187000
4171000
4300100
4168700
4158400
4188900
4270800
4183000
4192300
4165300
4470500
4293100
4215400
4411200
4299200
4275700
4328400
4307800
4193300
4207500
4209700
4351500
4180900
4204700
4506800
4304500
4399400
4141200
4484500
4402300
4432400
4279400
4323400
4217500
4238200
4457100
4293800
4324700
4320200
4305700
4218600
4236300
4211600
4315100
4177400
4245900
4337300
4159900
4197600
4197000
4281700
4185200
4213700
4221300
4408100
4229400
4197800
4262100
4343500
4225300
4245500
4336900
4222200
4289600
4234600
4275500
4239800
4198000
4210900
4257700
4147300
4156500
4169000
4299700
4202200
4252300
4364100
4306800
4184300
4187700
4296300
4204200
4207500
4194400
4701100
4206000
4199500
4338800
4506400
4200400
4213400
4299900
4177800
4182200
4395100
4262400
4193300
4221600
4297000
4138800
4270400
4238200
4273400
4226400
4243800
4216600
4374700
4196000
4235000
4258500
4388200
4198900
4195900
4310500
4138800
4220400
4219200
4288600
4211400
4215300
4238000
4230900
4145500
4156400
4385700
4372800
4178600
4162300
4373100
4178200
4270800
4159400
4298300
4134200
4210400
4231400
4300100
4201800
4390000
4331500
4246800
4270700
4206300
4270100
4227800
4241200
4219100
4245100
4193700
4289000
4187800
4328800
4211800
4228900
4289600
4217100
4248000
4187900
4302100
4150000
4255800
4220500
4227500
4188600
4225200
4199000
4304000
4322700
4299900
4292500
4216600
4210200
4223800
4371700
4227600
4207600
4267100
4242200
4215200
4188000
4220200
4191800
4165300
4155600
4285300
4125700
4213400
4231200
4258600
4268500
4223500
4223100
4278300
4218700
4217200
4202700
4321600
4242500
4216700
4325700
4265400
4206500
4225100
4270000
4227200
4205400
4213300
4341500
4209400
4213600
4224700
4300700
4257700
4328700
4198600
4327500
4246400
4190600
4244000
4179600
4191400
4196500
4339800
4157400
4197400
4210900
4220800
4099100
4157600
4242800
4250800
4172000
4176300
4239200
4184300
4179500
4181800
4238000
4176000
4200900
4186300
4205000
4183300
4161800
4323400
4176400
4178900
4194200
4306600
4095200
4134200
4158000
4369300
4148700
4187300
4189300
4235000
4190400
4188400
4317100
4216500
4255800
4251200
4257200
4241700
4186800
4161100
4300200
4140500
4168300
4756600
4225800
4182100
4231000
4264000
4204100
4230900
4291100
4221400
4294100
4240900
4263800
4262500
4186200
4220500
4382200
4426600
4231200
4306100
4374900
4344100
4318900
4429300
4536100
4412500
4428500
4985500
4313900
4295800
4284100
4221400
4180900
4228800
4141400
4165500
4167500
4282800
4175400
4142700
4209500
4195800
4197700
4179100
4207300
4208300
4174300
4170700
4434800
4370600
4336200
4290400
4418200
4185500
4213500
4175900
4343000
4139700
4169100
4427400
4108800
4140100
4215200
4261600
4178800
4199500
4184200
4297200
4178100
4219000
4186100
4242800
4202200
4155900
4281300
4145100
4148300
4179500
4172800
4134400
4133800
4253600
4328100
4169400
4175100
4298200
4259900
4188600
4179400
4258700
4184900
4140700
4171400
4309100
4179200
4188900
4192500
4321400
4219000
4208700
4302900
4145800
4202600
4196000
4211500
4177200
4206400
4191500
4285300
4202100
4178300
4300700
4194100
4166000
4193400
4253800
4170700
4142900
4156400
4310200
4193100
4138100
4163300
4256400
4104900
4169800
4244400
4175400
4169400
4168900
4209100
4197000
4147600
4163700
4752700
4288300
4092700
4209900
4190900
4170700
4172200
4301900
4160300
4189500
4172500
4336100
4091400
4153400
4197100
4310500
4176000
4205400
4215500
4140500
4247100
4197400
4265300
4190100
4156900
4152600
4248500
4150200
4147800
4175900
4277800
4169100
5075600
4564000
4732500
4334700
4526600
4270600
4400000
4265400
4447400
4366300
4414100
4412500
4266000
4367200
4247100
4398600
4805300
4354400
4281800
4464700
4701100
4328200
4332400
4434200
4255900
4171100
4230700
4379800
4335400
4323300
4377900
4304400
4181100
4284700
4127500
4338000
4189200
4270800
4213800
4377800
4179700
4362400
4303500
4218600
4162100
4356000
4280200
4468500
4344400
4396200
4399300
4488300
4689100
4484800
4485900
4394300
4397100
4296600
4312500
4386600
4256800
4450300
4221800
4304400
4167800
4391100
4169100
4256000
4157200
4252400
4434200
4221800
4192900
4418700
4119100
4165500
4264100
4301000
4170400
4184400
4201100
4413000
4213400
4158300
4173800
4304700
4255000
4206900
4254900
4203600
4184200
4327100
4223300
4553500
4201100
4372100
4200800
4328100
4168400
4287200
4162300
4369200
4182700
4152300
4382100
4581200
4586100
4647000
4581300
4651200
4735100
4601900
4656000
4629800
4528500
4274700
4345200
4259000
4247800
4261000
4230600
4183000
4216500
4375900
4261600
4206200
4228000
4318300
4521400
4157600
4185700
4267600
4174100
4180700
4443700
4522900
4337100
4203600
4527400
4450100
4159600
4166100
4424100
4247100
4256500
4190800
4472700
4208800
4261400
4157800
4394000
4314700
4650000
4342500
4426700
4293800
4434300
4728000
4221000
4297500
4312600
4226600
4213600
4338400
4585900
4420700
4392300
4380000
4220900
4168500
4195200
4219400
4311600
4200800
4220100
4334200
4212400
4226000
4205000
4559400
4451100
4242100
4219200
4315900
4388100
4180200
4208900
4399300
4267900
4216000
4202000
4512000
4557400
4584100
4538400
4565700
4595500
4793000
4724700
4710600
4529400
4659400
4568600
4221100
4175800
4263600
4307500
4164300
4204600
4441700
4532100
4213100
4299500
4312100
4513100
4353300
4334700
4618700
4552400
4653700
4374900
4925500
4557000
4423900
4281100
4463100
4269000
4309800
4502700
4357200
4337400
4192400
4831800
4460300
4328000
4255800
4578400
4210900
4233800
4261300
4561600
4335000
4240000
4308500
5096700
4469800
4291600
4529600
4562700
4241200
4423500
4525600
4578400
4429000
4413600
4369900
4250800
4239400
4270000
4461600
4164800
4150900
4302300
4167300
4172300
4158600
4293600
4203200
4155300
4177900
4371000
4203500
4194000
4214900
4243700
4193500
4157200
4160100
4253900
4186700
4154200
4238400
4200300
4215600
4222400
4387100
4148000
4151900
4189500
4288600
4192900
4159000
4385000
4285900
4258800
4312700
4205200
4240200
4255100
4194500
4192900
4264300
4245500
4234000
4170300
4310800
4849700
4311300
4441900
4381100
4497800
4535000
5045200
4718400
4438300
4502400
4168900
4745800
4351700
4508000
4474200
4530100
4611900
4343300
4716300
4478900
4518500
4318800
4742400
4425700
4546500
4603900
4680000
4568600
4425900
4946600
4565800
4526100
4533800
4804000
6481800
4902400
6008900
5572900
5469100
5412900
5226400
4816400
4710800
4568700
4488100
4414200
4675500
4492900
4363700
4381400
4621700
4407200
4304200
4380000
4269900
4239100
4201600
4451600
4279600
4336500
4256100
4798300
4325500
4522200
4218300
4560900
4344400
4358500
4603500
4243000
4272400
4229400
4717900
4248800
4347700
4374600
4516800
4357300
4277400
4251900
4508600
4218700
4433700
4542300
4317700
4321600
4245300
4490800
4300500
4327300
4271800
4480600
4180300
4356100
4285400
4535700
4279400
4357400
4396700
4539600
4325100
4280400
4207800
4521800
4395200
4314900
4580200
4468200
4547800
4132200
4820000
4284100
4376400
4294000
4587000
4352500
4394200
4169900
4565300
4251900
4302200
4384200
4371300
4366700
4105500
4528900
4283800
4290800
4174000
4624900
4204600
4242400
4252500
4694200
4233600
4251000
4229500
4905000
4215900
4271800
4381200
4604300
4152400
4239400
4282500
4511500
4163300
4190800
4509300
4249000
4199400
4154900
4557300
4544500
4733400
4176300
4509500
4273900
4580100
4244400
4297100
4221600
4473300
4197800
4226600
4187800
4519700
4361400
4392600
4236300
4517800
4364900
4212500
4316800
4364500
4210400
4218300
4365400
4308300
4409300
4329600
4372600
4561000
4504500
4199600
4443300
4349900
4310900
4422100
4232200
4190000
4234500
4181400
4292700
4184400
4241100
4427500
4158000
4169200
4181300
4281600
4231200
4178600
4184100
4251400
4146900
4175700
4173000
4300500
4170600
4206800
4392900
4127800
4148800
4159400
4292000
4266800
4184300
4236700
4280500
4179200
4164400
4199500
4324200
4162400
4164400
4254200
4179300
4187000
4256900
4365900
4225500
4240200
4267100
4249700
4134900
4160200
4209200
4303500
4238800
4234500
4404100
4100400
4176900
4180500
4226200
4159300
4168600
4214600
4310000
4144700
4150200
4176300
4295900
4177200
4517800
4463200
4192300
4261400
4256100
4345000
4314200
4165100
4322500
4501700
4216600
4247100
4571800
4288400
4266700
4213900
4410200
4116800
4156300
4168400
4245800
4181500
4193900
4167600
4392200
4171600
4170000
4156400
4357600
4196400
4158400
4200200
4199300
4189700
4170700
4409200
4177800
4167700
4182700
4207000
4186100
4167200
4177800
4251800
4156400
4185800
4169800
4304900
4629800
4478900
4197800
4214300
4608300
4297900
4193800
4320500
4243700
4210900
4269500
4210100
4272700
4222300
4261100
4435600
4227400
4173600
4236400
4279600
4250500
4178400
4333500
4659900
4225100
4294100
4175600
4657600
4191600
4431800
4163300
4327400
4231300
4676000
4426300
4180400
4804200
4534600
4824000
4427700
4432800
4416400
5025100
4472800
4301200
4387200
4557500
4437200
4537400
4822700
4418000
4390200
4686500
4924700
4453500
4469900
4627900
4598500
4362900
4453100
4641600
4230300
4316100
4287100
4454400
4318800
4381100
4383200
4487300
4269300
4250600
4196500
4663500
4344600
4262100
4554700
4451100
4469000
4148200
4941900
4359700
4409500
4190000
4557100
4713900
4248000
4367600
4680700
4466700
4199500
4391900
4503300
4338600
4291000
4725700
4443500
4410000
4596000
4504700
4346900
4340300
4357200
4560700
4366400
4392900
4784400
4528200
4317800
4328900
4557800
4431300
4540100
4296100
4574600
4247900
4445800
4268000
4596500
4259900
4414300
4380000
4401400
4477800
4454400
4646000
4229900
4403100
4227300
4706300
4355700
4362600
4231300
4629200
4432300
4230000
4476100
4536500
4400800
4194800
4677200
4365300
4378900
4416800
4537900
4264400
4308400
4231000
4756400
4275100
4503500
4485800
4512500
4271500
4252300
4356600
4540300
4448800
4325200
4581300
4375400
4347400
4192500
4596700
4238100
4591400
4360500
4486800
4364800
4368800
4664600
4185500
4307400
4135400
4542400
4174000
4343500
4150300
4654600
4350000
4274100
4277600
4648500
4367600
4300500
4256100
4689800
4361700
4347400
4483800
4495700
4413700
4391200
4740600
4620600
4502700
4241600
4831200
4232100
4345000
4189600
4648100
4213800
4438400
4427100
4805500
4303700
4250800
5843000
4202700
4372700
4207000
4680500
4368300
4258400
4494700
4460400
4485700
4359400
4644000
4488200
4456600
4460400
4423700
4563300
4509100
4348400
4537400
4482800
4235200
4695500
4536000
4565500
4413000
4637800
4300000
4275300
4623900
4548600
4612100
5187300
5058700
4412200
4464600
4270700
4809100
4394400
4310500
4293300
4883200
4392800
4504900
4607700
4423800
4424900
4222600
4565100
4232800
4268500
4297000
4683700
4407900
4446100
4581700
4558100
4443200
4246400
4516900
4406900
4381400
4407200
4552200
4418700
4334900
4295500
4570300
4414000
4331200
4422500
4759600
4210900
4319500
4436900
4482600
4331700
4302500
4413700
4657800
4319700
4286300
4715500
4302300
4555600
4371300
4624400
4351000
4288100
4946300
4377200
4453800
4314900
5046500
4424800
4283600
4334700
4975500
4451600
4388800
4490400
4496900
4355800
4277300
4746200
5072300
4325200
4231900
4567200
4381100
4465500
4510900
4658000
4358200
4427600
4550000
4361000
4307700
4438500
4530300
4333200
4348300
4328100
4527000
4253900
4314800
4298500
4443800
4404700
4347700
4592300
4406900
4387200
4296900
4664600
4270100
4438400
4479400
4635800
4320000
4357500
4383500
4529800
4501500
4444500
4500400
4297200
4555400
4318600
4742800
4372000
4171300
4343900
4704300
4378000
4308400
4256300
4516300
4199300
4250800
4474200
4299300
4314100
4191900
4392500
4451500
4269500
4277900
4577200
4526200
4429200
4314500
4556500
4252100
4455900
4294100
4954300
4349400
4356700
4466600
4304700
4309000
4419100
4750700
4335800
4379600
4212500
4887500
4349400
4374700
4314200
4446000
4640300
4203700
4493700
4368500
4423100
4312300
4667500
4236400
4265300
4235800
4523000
4220300
4260800
4311200
5078600
4367100
4345300
4589400
4407800
4203600
4286800
4520100
4286200
4329200
4198200
4631500
4172200
4283500
4165700
4419000
4238000
4433600
4292700
4869600
4416400
4217700
4366500
4378800
4365900
4303000
4556100
4244000
4280100
4219400
4683800
4172800
4270700
4272700
4505600
4443300
4236000
4194700
4395200
4151400
4261600
4262900
4638800
4217700
4257200
4389600
4476000
4288700
4102900
4480000
4325800
4294700
4225500
4655900
4229200
4320300
4214300
4503900
4274600
4128800
4579800
4386100
4305800
4656200
4300300
4377900
4164200
4381000
4568300
4322100
4238200
4698700
4212900
4260700
4230600
4606200
4224300
4342400
4239900
4582900
4468500
4202800
4375400
4669900
4324700
4366800
4582300
4194700
4286600
4233000
4606100
4466300
4298200
4130600
4326500
4226300
4160700
4232200
4296700
4187800
4242400
4239700
4183000
4187200
4187100
4217400
4192000
4166900
4247400
4252800
4180300
4192000
4187200
4348900
4251500
4212900
4227600
4325400
4195300
4218400
4386400
4137600
4175700
4288100
4274800
4172900
4159800
4201200
4517700
4179600
4250800
4324200
4098200
4220200
4176600
4252300
4156500
4205700
4174700
4338600
4197700
4195400
4177500
4297800
4169500
4175200
4251800
4209600
4182600
4222000
4520600
4203500
4253600
4209400
4268600
4145100
4175800
4189200
4331600
4162400
4193400
4251000
4176900
4181200
4150300
4294300
4399100
4274300
4209400
4291900
4164200
4162000
4151200
4211600
4177200
4177800
4187600
4310200
4180600
4196300
4352300
4247600
4228000
4209600
4312600
4184100
4164100
4182100
4279700
4185100
4159800
4256600
4155800
4175100
4160700
4246300
4145200
4196100
4245700
4232500
4142500
4143100
4169500
4303300
4157100
4159000
4167300
4280900
4148100
4161700
4250600
4145300
4207400
4166300
4241600
4172900
4241000
4206400
4279000
4160300
4254100
4234300
4369000
4148000
4150400
4264900
4242000
4168900
4149200
4247900
4170700
4162400
4148700
4561700
4176400
4213700
4298900
4280000
4240400
4224500
4302100
4227200
4198400
4246400
4345500
4255400
4193600
4237500
4375900
4209100
4211600
4197400
4682400
4212800
4193900
4416900
4283000
4260700
4268700
4307600
4212900
4196500
4234800
4484900
4093600
4179400
4349100
4222600
4220100
4256900
4338000
4185700
4232400
4194000
4281300
4218500
4228600
4482900
4148600
4197900
4245700
4253100
4127200
4225800
4180600
4464800
4120800
4176900
4181600
4251500
4171100
4169000
4150400
4274700
4256800
4300900
4355000
4262500
4289300
4219600
4343200
4188800
4230800
4327400
4264900
4255500
4220100
4302100
4223700
4402800
4370500
4350900
4161900
4192700
4216200
4209600
4173600
4154500
4362200
4311200
4305600
4300300
4319900
4439400
4150500
4531500
4974200
4367300
4316500
4751800
4195400
4223300
4293900
4649700
4372100
4310900
4266400
4944000
4649000
4355500
4407600
4690700
4337400
4355400
4378900
4343600
4363400
4275500
4625400
4259600
4946800
4568500
4840600
4345900
4438300
4668600
4536700
4652200
4313100
4939500
4415000
4304200
4291400
4804900
4394500
4218400
4579400
4411600
4445800
4256400
4630700
4504700
4340700
4449600
4719400
4495200
4720900
4422400
4334500
4274700
4681700
4420000
4452500
4213100
4815600
4341800
4369200
4242300
4653900
4272200
4380500
4500600
4641900
4457800
4328000
4587600
4843300
4692500
4561700
4772700
4741400
4344700
4669500
4804600
4654400
4592100
4837400
4727500
4739500
4637800
4844900
4603400
4485000
4356900
4599000
4369300
4471800
4544500
4357000
4220300
4333300
4579600
4390800
4442300
4488700
4281400
4224900
4356100
4388700
4197300
4212200
4198400
4665600
4357700
4521300
4166700
4400700
4290500
4263500
4302100
4273800
4229500
4201700
4372100
4093000
4164000
4177000
4494200
4207400
4281400
4204100
4568800
4446400
4503700
4418600
4384300
4227800
4243100
4276400
4808700
4473800
4349200
4248600
4491400
4240000
4329500
4529200
4518300
4328800
4314200
4318500
4356000
4359800
4273400
4579900
4458500
4415400
4240100
4596900
4281700
4343900
4226800
4623100
4391400
4235400
4539200
4221800
4305000
4248600
4455800
4504600
4351900
4305900
4464500
4270400
4157100
4238100
4334000
4325800
4297200
4269500
4420800
4314000
4276700
4297300
4301900
4336300
4342100
4272900
4595400
4435500
4283900
4399600
4269600
4220200
4218800
4318900
4464500
4353600
4305600
4504300
4147500
4260000
4152900
4457000
4174400
4316800
4272200
4336200
4165500
4365200
4230200
4688000
4365200
4138300
4434800
4277500
4293600
4216900
4418300
4146000
4338700
4192200
4370700
4234700
4270100
4289500
4372100
4488100
4251700
4357900
4267300
4200900
4217700
4184500
4351200
4209200
4179400
4279500
4290700
4112800
4165100
4245400
4286900
4212400
4176300
4137800
4329500
4182900
4270300
4187000
4372400
4244200
4314600
4495700
4159800
4156200
4159700
4326700
4138100
4156500
4125100
4522800
4193500
4135900
4175200
4352000
4229600
4229900
4167200
4405700
4261600
4187700
4321900
4313700
4246900
4178900
4406300
4259800
4231400
4266400
4175100
4331900
4186600
4181100
4381500
4326700
4177300
4152300
4226200
4349700
4174600
4163800
4189800
4421800
4176600
4300200
4206200
4306000
4186900
4171800
4338100
4204900
4221700
4131200
4582200
4187500
4396800
4228400
4367000
4179900
4256700
4198400
4263200
4692300
4371700
4329600
4484800
4256700
4260200
4396400
4549200
4293100
4183000
4272400
4274000
4360000
4290700
4304000
4354100
4145500
4242100
4300600
4298100
4209600
4344900
4447100
4476200
4289300
4355700
4469700
4328100
4294700
4235900
4606400
4338000
4248000
4220100
4412900
4178400
4287900
4262000
4286300
4311400
4202000
4216400
4314400
4303000
4188800
4295300
4173800
4318000
4164700
4268900
4303100
4249500
4313900
4240300
4180400
4215900
5051100
4291500
4176900
4507800
4375400
4246300
4354200
4266000
4264300
4292000
4269000
4334500
4223200
4169300
4283200
4487600
4194700
4250000
4221500
4382600
4228200
4167500
4149000
4430500
4151200
4280800
4217400
4384400
4200300
4223500
4169900
4354500
4306400
4246700
4337800
4158400
4151700
4163100
4261800
4305100
4278800
4127400
4383100
4686400
4475800
4110200
4308400
4421700
4237400
4242700
4369400
4220200
4313100
4337500
4258400
4161300
4191600
4219500
4755300
4338800
4330800
4360300
4261500
4135300
4194200
4217600
4365000
4234300
4305200
4178200
4296900
4173100
4219800
4408000
4208100
4153100
4207400
4349000
4238400
4243800
4211100
4315600
4149200
4167300
4168000
4212600
4184700
4188700
4289000
4241900
4202300
4179300
4260700
4147100
4183400
4225500
4462100
4271400
4259100
4218600
4247000
4248700
4274500
4261500
4203600
4259600
4235000
4371400
4280000
4419800
4341500
4433400
4312500
4344000
4260400
4278200
4317200
4375000
4624500
4485500
4339600
4538500
4500300
4309700
4341900
4342900
4204400
4261100
4314800
4182900
4173300
4178500
4203700
4141500
4219500
4498700
4189200
4179200
4166000
4358500
4088700
4153000
4189600
4398400
4191900
4158700
4372100
4550600
4418200
8372700
6291300
5076300
4691300
5023200
4781900
4781900
5017300
5433800
5400900
5097800
4962500
4639600
4460800
4544400
4596800
4542400
4534300
4624100
4357800
4385200
4471800
4529200
4361000
4361200
4399100
4680600
4377000
4398100
4663500
4500500
4329000
4408900
4594100
4323700
4341600
4326100
4566500
4401400
4426500
4105000
4298000
4196400
4293900
4521500
4292700
4237400
4205500
4597500
4170500
4591800
4220500
4328200
4300300
4216900
4220300
4377900
4221400
4254000
4216800
4354600
4175200
4215100
4409000
4279400
4269200
4231700
4330000
4140400
4234700
4223500
4442500
4124300
4195100
4187800
4411700
4453000
4365200
4253800
4805500
4557500
4431800
4614600
4535500
4590500
4836400
4343300
4668500
4257600
4314200
4437200
4562600
4334100
4385400
4872700
4280900
4292600
4221400
4518400
4211900
4867100
4762600
4542600
4327100
4433500
4829400
4381500
4304800
4261300
4680700
4241700
4294200
4309000
4667500
4541200
4368900
4690900
4578500
4470500
4696100
4780500
4705800
4273200
4272100
4869900
4467600
4384700
4504700
4656800
4352600
4486000
4667000
4465200
4295300
4273500
4667500
4359600
4355000
4226400
4717200
4315100
4265700
4430900
4548000
4210100
4449200
4667400
4283800
4396800
4238500
4987200
4314000
4931700
4587700
4267900
4560900
4329400
4334600
4261000
4399400
4361300
4287000
4221600
4458900
4251800
4261800
4238800
4493800
4144100
4232500
4183600
4500900
4334300
4352900
4279000
4583500
4285000
4319800
4397000
4888600
4194900
4371300
4849000
4545400
4751900
4229700
4754600
4405800
4480500
4210100
5058800
4491600
4164900
4606300
4197700
4329400
4327500
4772100
4337100
4263300
4240200
4465000
4357700
4370700
4544700
4489100
4401200
4268700
4599400
4326100
4382200
4296700
5176600
4461500
4448600
4489800
4674900
4268900
4324200
4429700
4479600
4260100
4389800
4618500
4323500
4790600
4239800
4690100
4256900
4297600
4212500
4791500
4262200
4236300
4379600
4201700
4248200
4389300
4449300
4275900
4296700
4242700
4521900
4330500
4577400
4326000
4536700
4378300
4392200
4460100
4492100
4368100
4163000
4595300
4741300
4498600
4405400
5153800
4443800
4917400
4629900
4540700
4326000
4372900
4354100
4542000
4254700
4302400
4544500
4375300
4479000
4336200
4676000
4436900
4375400
4323500
4434200
4244000
4316200
4222700
4509300
4467700
4248800
4386900
4101400
4304300
4158200
4654800
4282400
4190300
4192200
4581000
4481100
4649300
4360800
4296600
4234200
4175000
4203700
4235800
4159600
4270100
4378700
4335000
4212900
4225200
4408300
4328700
4316300
4419200
4186500
4141500
4187200
4225100
4186900
4197400
4179500
4293700
4151400
4248700
4851600
4712600
4506800
4209700
4681700
4141900
5190300
4250900
4463000
4450300
4368300
4377800
4233800
4550100
4205200
4271500
4213500
4549900
4411700
4291300
4316200
4417300
4312800
4216700
4283600
4364300
4421000
4243600
4266100
4445000
4332500
4336800
4360800
4211600
4229000
4242600
4559100
4478600
4666400
4286200
4435600
4354100
4329700
4388000
4201300
4200300
4202300
4265300
4270600
4159700
4356400
4379900
4564200
4186200
4233300
4359300
4144000
4223200
4181800
5721800
4181600
4247700
4192900
4554500
4674700
4232400
4510100
4438800
4519700
4236200
4336200
5066400
4464500
4712700
4347300
4753200
4212800
4363300
4383700
4444600
4370900
4176900
4453900
4451200
4281100
4475400
4474400
4382700
4409700
4435200
4648600
4395400
4344700
4477600
4539400
4377800
4202900
4533800
4782700
4321000
4513500
4371700
4273700
4228500
4459700
4598700
4411900
4236000
4491900
4757000
4455500
4372400
4817300
4612800
4663400
4685300
5023600
4406700
4506700
4622900
4560600
4395400
4345100
4815600
4631100
4576000
4543900
4660500
4419500
4490700
4681100
4473700
4472100
4498700
4744900
4413900
4516800
4493300
4726100
4401500
4226700
4513400
4213000
4604700
4480500
4567700
4377500
4763400
4255400
4194200
4328700
4357800
4380200
4322400
4387500
4283000
4274200
4314800
4346900
4097600
4176500
4173100
4290300
4181000
4202500
4182600
5090500
4111600
4230900
4313900
4178800
4187300
4274100
4233800
4225200
4184100
4191700
4474700
4162300
4195900
4505000
4167600
4138200
4180500
4926700
4522200
4221600
4282500
4433100
4296300
4247200
4213400
4211900
4277200
4171800
4157300
4182400
4326600
4182900
4191100
4170900
4231300
4258000
4177800
4269200
4136700
4169300
4152000
4518900
4287200
4162100
4190400
4526700
4292500
4350000
4293500
4364800
4720200
4642400
4346300
4374700
4242500
4314800
4193100
4301300
4130400
4238500
4274600
4280800
4255700
4239800
4555400
4513600
4615500
4356600
4430900
4549500
4403500
4239000
4414900
4663900
4432000
4394200
4603100
4598900
4354200
4236600
4851000
4779600
4350600
4591100
5055000
4346300
5040400
4783100
4632400
4447400
4521300
4309500
4226300
4363200
4433400
4903500
4279300
4324400
4553800
4664700
4302000
4252100
4423700
4182000
4238200
4197600
4241200
4219900
4200100
4498400
4295200
4277100
4277000
4269900
4148300
4158500
4172200
4326300
4164300
4194100
4212700
4267600
4171400
4168600
4252400
4180500
4560500
4580300
4346500
4485500
4845200
4424700
4990400
4826600
4293600
4302200
4363400
4695100
4211100
4349600
4518200
4559400
4319100
4239800
4583800
4498000
4361100
4291500
4733700
4522600
4447500
4360000
4538500
4264200
4228400
4462100
4141500
4222400
4201500
4346700
4166000
4440200
4386200
4315400
4289000
4167000
4227200
4275900
4284800
4165700
4294200
4250900
4213900
4138100
4553800
4234700
4900700
4266000
4438100
4410000
4159400
4286000
4388000
4339100
4279600
4295000
4408900
4178200
4207100
4272200
4364600
4146300
4295100
4183700
4314600
4217900
4270600
4234200
4304300
4250700
4183200
4169300
4294700
4204200
4162600
4337700
4291600
4275900
4250700
4657500
4224700
4636600
4724500
4393600
4401400
4274800
4205700
4309300
4206200
4173500
4151700
4255800
4153400
4150300
4184200
4290900
4168200
4808400
4537100
4409100
4249700
4232300
4376000
4635100
4376900
4300200
4755200
4555900
4265800
4273200
4490900
4224300
4299600
4328600
4757100
4743500
8148100
5184400
5109700
4970200
5747900
5410800
5042800
4842900
4896500
4414600
4440800
4352900
4287900
4202600
4530600
4276800
4349000
4335700
4413000
4298300
4211800
4316400
4441300
4330600
4266600
4313400
4628500
4417100
4399300
4324700
4882400
4491600
4505200
4592300
4365000
4267100
4357900
4558100
4201900
4380400
4306700
4196100
4225000
4578900
4317000
4251600
4464200
4664100
4252400
4327200
4595600
4093800
4130900
4180300
4252500
4170100
4184800
4183700
4504100
4367200
4349400
4205100
4752200
4582000
4782100
4573900
4505800
4432500
4284200
4322300
4601000
4295400
4270500
4302700
4270800
4178300
4265900
4426700
4355800
4198800
4378200
4821900
4412400
4343300
4221000
4817900
4219900
4254600
4263000
4560300
4441000
4483100
4682900
4507400
4861400
4446200
5021100
4386400
4724500
4578600
4574100
4429900
4313000
4686800
4287100
4279000
4367500
4636400
4494500
4166800
4323500
4588400
4289400
4284900
4330600
4820600
4379400
4313700
4582000
4435600
4373000
4455200
4584100
4447800
4313000
4218500
4691400
4173200
4417200
4594800
4807000
4878400
4305900
4719600
4479700
4497000
4364100
4728700
4375500
4277300
4534400
4498800
4328200
4279400
4584100
4363300
4406600
4205800
4651000
4413200
4339100
4391500
4653100
4369000
4242900
4601400
4652400
4309300
4339300
4548900
4571800
4179600
4289500
4688400
4352400
4299900
4293000
4684300
4417800
4728100
4316700
4725200
4225300
4214700
4455700
4441000
4635000
4550400
4434500
4500800
4400100
4452300
4785300
4404000
4396200
4449300
4670300
4637500
4410600
4639000
4436600
4486700
4403100
4561500
4458100
4461000
4398500
4723100
4411500
4562600
4510100
4436800
4520700
4369800
4592400
4323500
4363500
5023300
4519000
4537200
4675300
4522200
4535100
4311000
4524900
4571100
4251400
4276000
4258300
4650900
4386500
4351800
4556800
4419900
4402700
4324000
4502400
4331800
4452600
4193000
4483800
4243300
4383600
4349800
4952400
4450800
4550400
4537700
4680000
4389500
4561400
5178300
4793900
4610000
4664500
4735100
4388800
4352300
4496000
4500000
4284400
4417300
4480200
4287500
4291600
4237000
4844600
4356200
4401200
4583300
4480100
4330400
4260300
4382200
4177700
4290700
4205100
4531000
4174700
4271900
4166600
4864500
4305500
4651300
4451100
5553800
4419800
4303300
4535400
4216200
4369500
4262800
4430600
4457900
4159900
4221200
4261500
4393700
4201100
4209800
4267400
4204200
4205700
4199300
4489800
4281900
4182300
4245500
4516500
4383000
4236000
4144500
4570000
4173200
4295400
4526500
4440200
4276100
4276600
4404800
4257700
4260200
4273600
4518200
4280600
4250800
4308400
4541200
4518000
4299000
4372400
4572700
4244500
4293800
4291000
4346700
4244800
4203400
4349500
4239300
4230500
4193600
4265900
4120600
4224800
4148900
4361600
4206500
4217200
4267300
4375600
4299400
4286000
4307800
4594200
4264700
4258600
4147500
4229100
4222200
4534300
4199600
4259300
4366000
4771800
4484900
4261800
4262600
4487000
4300200
4287900
4376100
4316700
4169400
4244500
4356100
4206200
4219900
4212200
4203200
4279000
4212800
4224400
4238400
4224400
4224400
4214900
4245500
4228700
4188500
4222000
4293300
4220100
4197800
4235200
4986500
4356100
5092100
4527200
4339100
4221100
4307500
4196600
4330000
4250400
4229500
4280900
4295700
4261100
4266300
4261900
4228400
4204600
4288700
4290700
4255100
4225700
4205800
4326600
4235600
4220300
4235900
4517300
4143200
4186200
4279700
4224900
4185100
4159600
4186400
4181400
4178200
4171800
4394700
4913500
4214600
4253500
4226300
4623900
4319100
4425700
4532400
4801000
4688000
4225500
4517300
4605400
4393000
4251300
4608600
4408700
4523000
4143100
4609400
4282100
4277400
4184400
4810900
4373800
4353900
4324500
4427800
4271500
4253600
4541800
4206200
4342900
4185600
4370700
4182700
4233400
4167400
4412500
4248000
4233700
4269000
4304800
4240000
4248700
4270200
4317200
4324000
4239100
4881800
4514300
4437900
4296500
4554800
4562400
4409600
4378300
4766700
4534800
4456900
4176000
4418100
4260300
4295400
4381100
4243500
4164500
4283700
4464800
4760000
4476200
4214000
4730000
4427400
4251900
4226100
4541700
4199600
4330400
4424300
4519600
4186700
4179600
4256200
4190800
4180200
4162100
4727800
4312800
4835600
4323500
4526500
4817300
4447700
4394600
4349100
4162000
4175700
4311900
4251300
4184400
4457000
4192800
4180700
4161400
4147100
4191500
4281600
4159700
4164400
4175200
4214400
4156000
4171800
4243300
4191600
4176000
4166300
4201100
4174100
4193100
4173300
4225600
4114100
4153800
4195200
4546100
4108800
4168200
4275500
4181200
4167200
4213700
4719600
4509700
4277800
4208700
5208100
4581900
4499700
4271400
4334700
4395600
4262100
4249600
4242100
4189300
4202200
4262200
4330900
4143000
4166400
4211100
4343800
4329100
4216200
4139700
4201300
4205400
4152600
4222400
4271800
4178200
4187500
4507100
4394500
4237900
4227200
4129200
4642300
4216900
4163900
4204000
4788400
4863600
4380400
4513200
4163100
4208200
4230000
4358800
4157600
4176800
4258900
4265200
4276500
4324700
4263500
4292600
4611200
4277300
4312500
4619300
4159800
4197000
4229400
4785300
4320700
4417600
4369100
4588300
4260600
4246500
4415700
4285900
4196600
4163800
4473600
4398500
4225600
4187400
4874800
4305200
4238200
4242500
5010400
4638800
4554100
4197600
4708200
4310400
4239600
4497400
4158200
4173200
4206500
4279200
4175500
4158400
4192900
4264100
4195300
4286800
4264800
4164900
4200000
4259200
4226300
4196400
4257100
4421000
4237100
4199200
4143400
4353700
4209600
4260500
4239400
4659500
4318900
4785900
4316700
4385400
4540200
4335400
4363700
4519900
4453000
4418400
4476900
4328500
4453800
4312800
4376200
4448500
4348200
4347100
4412200
4414200
4418800
4309700
4307800
4147300
4144800
4236900
4223000
4197000
4163000
4243700
4360000
4175800
4205900
4258200
4163300
4160700
4156700
4202000
4166200
4156300
4163500
4356600
4158700
4234900
4250700
4329000
4285200
4746700
4403800
4644000
4438800
4403500
4175400
4294300
4193400
4164100
4151500
4302700
4201000
4179500
4173800
4253600
4199700
4177100
4167600
4270000
4155000
4226300
4240900
4179100
4183600
4207700
4496900
4496200
4285100
4177700
4542000
4189100
4176000
4229300
4585100
4342300
4863100
4447400
4398300
4228300
4220600
4198200
4559700
4327200
4166900
4208400
4303500
4222700
4167900
4239100
4273400
4160500
4170700
4184700
4175900
4177000
4142800
4214900
4160700
4231300
4155400
4207800
4127200
4185000
4151700
4310000
4137100
4136100
4193900
4523000
4352200
4822500
4376100
4322200
4142400
4194900
4179800
4339100
4159800
4187700
4176400
4353900
4343000
4294000
4304300
4378800
4133400
4203200
4241900
4257700
4188400
4275100
4231900
4363300
4215300
4182500
4306500
4218800
4231100
4251100
4481900
4234500
4217900
4227300
4611900
4220900
4240200
4505600
5472100
4562200
4317400
4307600
4348800
4227800
4355700
4224900
4326800
4213200
4225200
4331500
4257200
4153800
4166200
4310900
4459400
4492100
4247400
4253300
4267900
4595600
4247700
4269600
4749500
4307100
4311500
4324200
4192200
4149100
4193900
4497200
4205000
4600400
4569600
4254300
4184500
4285400
4196700
4260400
4246400
4209500
4287100
4233100
4118600
4165900
4181900
4224500
4244500
4226300
4192500
4251400
4154700
4175600
4320000
4171700
4192800
4191500
4249400
4173200
4164000
4156200
4205200
4167500
4166800
4180300
4492900
4227700
5046100
4392700
4241700
4149300
4232300
4483000
4290800
4178900
4201800
4200900
4315800
4175000
4165500
4253300
4271200
4214900
4152200
4152700
4278500
4194400
4220500
4202400
4257500
4199200
4158400
4241400
4169500
4175000
4155800
4236400
4149200
4202700
4245000
4617800
4233900
4682900
4635400
4380200
4338600
4230500
4331500
4792100
4324000
4476400
4429800
4847700
4277500
4281800
4258200
4863700
4194300
4285700
4430100
4323600
4218600
4254800
4435300
4385300
4330600
4416800
4307600
4224200
4336800
4158300
4313000
4160600
4275400
4207700
4345400
4160700
4304100
4198300
4478900
4323700
4584300
4276700
4446800
4442700
5322400
4528900
4330300
4630600
4832900
4206900
4280400
4602700
4294500
4367300
4182100
4814000
4231100
4262800
4450200
4935600
4393500
4380400
4679400
4392100
4368400
4219600
4437200
4357100
4348900
4337300
4242700
4207500
4154800
4402800
4204800
4553800
4293500
4592700
4485700
4402400
4331100
4292000
4179300
4518700
4281600
4406100
4127000
4202300
4244900
4565600
4169700
4187300
4255600
4299600
4244700
4169500
4278000
4352500
4202500
4188800
4368200
4559400
4190400
4371400
4296200
4624900
4185900
4330000
4462900
4940200
4670200
4407200
5002100
4454000
4438400
4354600
4586800
4520200
4236400
4438800
4556400
4483900
4373400
4682900
4630100
4283300
4345100
4674000
4573200
4415000
4464700
4151100
4186200
4245100
4416300
4207500
4185500
4177900
4321300
4109400
4167000
4225400
4657200
4239300
4229200
4421100
4229700
4873400
4867500
4400400
4766400
4333000
4313400
4329800
4194900
4233100
4337500
4196500
4186800
4197800
4215100
4484100
4196500
4275900
4255200
4315100
4258800
4209100
4314100
4347800
4177400
4161600
4246100
4288200
4237800
4255800
4272600
4439000
4338700
4153000
4686200
4944500
4836000
4352900
4980600
4676100
4297100
4258400
4656400
4310500
4259700
4384700
4630100
4190100
4379900
4628900
4682900
4352800
4413800
4451900
4464100
4375800
4312800
4286100
4189100
4177900
4285700
4249700
4195800
4168100
4325100
4178100
4205800
4255200
4501200
4286300
4592200
4563800
4535200
4324000
4393600
4204900
4459600
4295000
4252500
4563500
4283300
4406800
4306600
4240500
4464000
4400400
4382300
4690800
4289400
4224900
4271400
4539800
4393100
4248100
4226700
4519700
4291300
4229900
4332400
4498500
4851200
4576800
4704500
4509800
4586000
4541300
4629900
4560100
4440900
4351800
4600300
4483000
4388600
4314300
4879300
4422800
4570000
4652000
4690900
4318500
4374100
4725100
4399000
4301800
4451100
4308600
4267400
4218100
4365100
4223000
4240100
4238500
4667000
4118600
4168100
4199100
4282100
4406400
4228600
4250100
4324100
4364700
4232000
4214000
4347000
4204900
4280400
4283200
5256400
4185400
4277000
4641100
4831100
4327000
4346400
4780300
4499100
4331800
4260000
4519300
4186200
4255600
4276900
4310100
4215800
4223800
4317000
4347000
4414100
4102200
4544000
4337900
4400300
4327200
4491400
4124800
4217300
4239700
4353200
4170300
4167800
4159400
4313000
4517000
4801200
4393800
5224000
4711400
4545200
4500700
6639600
4795700
5608900
5301900
5206000
5317400
5202800
4901300
4766300
4654100
4419200
4371100
4316000
4312700
4419800
4436100
4296200
4181500
4348900
4185700
4290800
4172600
4649800
4552700
4483800
4532100
4635300
4501400
4243000
4351900
4406100
4294200
4229600
4325600
4325000
4170300
4227700
4415200
4343200
4224900
4379200
4470300
4286300
4221800
4351900
4583700
4160800
4374800
4308600
4640500
4386900
4245600
4152200
4467300
4769200
4424600
4681800
4447900
4370400
4231900
5155800
4615900
4258400
4317500
4454800
4291800
4166600
4399100
4303900
4270600
4195300
4518300
4206800
4414200
4359900
4595200
4339600
4261500
4396500
4297800
4298500
4258500
4341500
4364000
4302500
4294600
4225600
4494000
4211200
4673900
4458500
4875900
4342200
4399500
4487800
4912000
4425100
4205400
4512300
4224400
4223900
4159600
4408900
4176800
4211700
4366100
4212700
4198100
4209100
4328000
4214500
4241900
4223000
4343300
4349400
4312800
4318900
4287600
4162300
4181600
4182300
4670800
4206600
4241500
4234800
4507500
4163400
4240300
4375800
4891600
4699500
4416500
4347000
4285200
4254700
4263800
4405300
4336300
4184400
4313700
4469400
4246900
4330500
4165400
4522100
4185000
4268700
4175500
4470500
4184900
4310000
4206400
4494600
4236500
4466000
4289500
4353600
4256900
4283800
4810500
4407100
4663200
4212500
4611400
4559800
4260600
4364000
4365500
4236200
4224200
4213000
4755300
4336400
4308800
4328900
4367200
4154200
4236000
4386300
4291500
4211400
4324900
4304000
4528900
4240700
4543500
4439400
4199600
4240300
4160200
4456500
4214500
4233400
4587000
4382700
4225700
4576800
4205000
4797100
4301500
4527000
4333900
4181200
4191700
4204700
4289100
4194800
4193000
4210600
4485800
4296300
4153400
4182500
4253300
4184900
4155400
4142900
4248000
4159100
4159800
4313400
4218100
4692700
4352800
4379400
4499500
4197300
4504800
4284900
4889500
4209100
4324000
4261300
4514300
4399400
4163600
4616900
4361400
4462400
4297400
4414200
4161800
4264000
4103800
5423700
4173300
4195600
4265000
4410400
4369700
4336400
4442800
4164700
4197300
4273100
4477300
4235100
4214400
4220600
4501700
4274100
4241500
4414400
4656300
4225500
4200700
4421600
5344400
4343600
4318400
4315800
4222700
4441800
4313600
4580600
4435200
4344300
4168500
4458600
4182600
4238100
4203900
4380900
4230200
4266400
4146600
4314200
4223700
4269500
4219200
4383100
4171300
4158800
4252700
4299300
4223300
4188000
4772400
4653600
5650700
4281300
4416800
4484700
4222700
4462100
4698500
4350200
4347300
4392800
4525600
4203100
4185700
4614500
4316400
4306000
4566300
4349900
4309700
4201900
4199300
4250600
4165100
4293800
4264500
4578300
4370300
4241300
4359900
4698700
4213300
4569900
4787200
4564000
4519600
4545600
4931900
4465700
4402400
4483400
4418900
4199500
4313800
4828700
4376500
4435600
4405500
4466300
4310700
4337500
4557500
4827700
4370300
4500600
4528300
4222600
4258500
4365500
4222400
4190100
4212200
4463200
4513800
4338500
4256800
4598700
4465800
5040500
4261200
4704500
4192300
4198200
4407000
4611900
4339800
4165200
4395700
4159900
4300700
4173100
4518600
4355800
4435600
4546100
4303400
4256700
4485800
4425000
4580100
4350800
4278900
4315500
4656900
4412700
4368100
4425400
4435800
4393200
4216000
4602900
4481100
4521600
4325900
4452800
4335400
4190200
4337400
4529800
4157300
4192100
4298900
4737200
4511900
4194200
4485800
4283700
4260700
4186700
4508800
4338700
4347300
4186700
4873600
4249100
4235600
4275400
4504600
4332400
4192800
4462200
4366000
4252700
4221700
4860400
4701300
4748800
4313700
4416500
4566600
4349700
4377100
4487900
4248400
4272200
4453900
4574100
4297500
4372700
4712000
4578200
4236800
4445000
4768700
4313600
4316900
4371400
4645000
4223900
4394500
4593600
4692400
4325600
4315700
4733900
4129300
4197600
4175900
4736700
4612100
4687800
4384500
4489900
4214700
4224000
4484800
4451000
4310800
4240700
4385800
4263600
4153600
4222100
4431400
4237300
4174100
4178400
4509900
4326800
4356200
4335700
4388300
4140300
4197200
4252300
4555500
4187100
4207900
4283700
4561300
4288400
4219500
4694100
4573500
4688700
4348500
4515500
4491300
4251900
4250100
4653400
4234700
4270200
4387800
4733200
4330500
4402400
4545100
4447200
4292700
4288800
4583800
4393000
4359300
4202800
4505600
4368400
4343800
4329400
4856000
4193400
4320100
4233400
4452200
4130800
4284600
4507100
4207900
4525000
4487600
4300600
4203100
4219600
4248300
4313500
4094900
4210200
4174800
4287800
4193900
4173300
4163600
4228300
4159000
4186900
4220900
4282600
4140800
4235300
4217400
4317800
4189800
4190800
4282200
4132900
4202300
4261900
4455700
4106100
4162200
4187400
4662500
4207300
4274200
4445000
4235800
4812900
4807900
4399500
4461000
4510700
4223700
4180300
4358200
4186300
4233000
4211500
4198100
4163200
4147300
4168100
4244700
4144100
4136200
4179800
4288900
4200100
4159100
4182700
4246000
4150200
4160500
4308200
4165200
4194500
4219500
4379700
4130300
4222300
4181200
5089900
4242500
4207700
4278200
4970100
4350900
4174700
4192300
4451300
4236500
4144700
4174200
4335500
4168100
4166500
4164300
4337400
4164500
4166200
4151500
4310100
4172600
4181800
4239200
4627000
4234600
4243700
4206600
4265600
4215100
4290900
4237600
4252500
4254300
4510900
4559000
4933400
4407300
4238400
4200700
4218700
4395700
4330800
4208400
4224400
4268100
4274900
4195100
4228600
4230300
4249100
4183400
4223400
4457500
4204900
4215500
4214000
4481200
4115500
4163200
4151300
4291300
4168100
4230100
4222800
4358500
4256100
4218100
4817800
4365600
4243700
4200900
5366000
4386700
4249600
4285300
4234600
4358600
4238700
4208600
4251000
4135800
4191000
4179200
4303000
4274200
4183200
4165300
4277100
4157200
4256500
4238600
4336400
4149800
4157900
4150900
4256400
4172800
4151900
4193400
4179200
4161500
4165600
4524200
4168200
4177200
4146700
4932200
4698500
4187200
4227000
4328100
4342200
4177400
4158900
4211900
4390200
4225000
4189100
4198200
4193900
4164800
4219400
4440700
4180300
4189100
4210100
4232100
4195200
4156900
4179400
4169600
4164800
4181700
4170500
4276200
4162500
4167800
4331800
4537700
4348200
4994400
4485500
4310000
4210100
4195900
4148800
4628700
4272800
4202600
4252400
4286000
4213800
4226200
4212100
4522400
4162400
4180800
4282200
4222700
4191900
4289800
4286800
4153100
4168200
4200400
4315400
4157300
4193000
4160900
4296900
4162200
4201400
4361100
4400100
4192500
4200700
4312200
4247400
4162100
4173700
4801800
4618200
4202000
4215400
4176300
4377200
4186500
4211800
4195400
4289600
4156000
4166700
4183200
4223300
4177000
4211200
4239700
4224900
4182000
4233100
4388200
4296100
4282300
4275000
4235900
4257000
4157800
4200000
4288300
4184600
4257300
4632200
4173900
4158400
4192000
4772300
4797800
4305700
4243000
4334000
4508800
4146000
4199500
4206800
4340600
4204600
4201200
4196400
4309600
4215700
4204400
4258600
4211400
4237600
4211800
4374000
4231100
4208400
4215900
4263700
4211500
4213600
4223800
4311900
4208100
4168600
4350400
4441600
4168600
4196800
4546000
5023400
4208500
4202800
4220200
4339100
4220200
4196600
4185900
4284800
4148700
4231300
4287500
4306600
4172100
4290600
4232500
4258000
4263300
4287600
4321800
4260600
4263400
4205000
4310900
4308000
4230600
4239500
4312600
4306100
4423100
4341300
4642400
4666500
4946300
4688300
4401800
4414800
4553000
4429300
4235600
4193600
4388900
4424700
4529900
4322200
4359400
4932200
4281600
4152000
4168300
4226700
4204600
4178500
4232600
4234200
4175700
4195500
4173700
4286000
4189000
4196400
4267500
4103200
4171000
4170900
4667900
4247100
4150000
4274000
5032300
4457800
4271800
4282100
4403300
4144300
4196000
4185200
4361300
4162100
4178500
4231800
4209400
4184200
4182000
4169400
4257300
4155200
4148400
4151600
4476000
4176700
4258500
4120000
4178500
4205500
4314400
4207700
4223900
4233000
4714800
4603900
5086700
4365200
4280000
4307400
4247500
4213000
4303400
4209000
4207000
4270900
4253600
4245700
4264300
4225600
4251900
4205100
4273000
4237600
4264600
4214900
4218800
4249700
4189800
4216700
4242300
4256300
4200600
4206400
4489300
4090800
4164700
4144100
4367700
4520800
4189000
4310500
4574300
4226700
4659600
4740600
4349200
4272500
4185800
4176300
4291600
4312500
4200400
4280400
4359300
4167400
4196000
4155400
4254000
4205700
4164100
4281800
4243400
4128700
4165000
4181500
4220900
4156800
4190500
4169300
4221200
4168600
4173700
4191000
4202600
4159900
4216500
4165500
4710000
4368700
4204000
4796200
4489700
4201800
4258900
4339300
4529600
4351800
4315400
4206800
4241300
4178900
4223600
4259700
4181600
4204600
4338900
4259300
4078700
4195800
4168900
4231300
4166000
4187900
4196700
4347900
4178300
4177200
4263700
4156600
4147600
4205600
4439500
4116300
4180900
4196200
4262500
4135300
4148700
4825300
4837500
4322900
4173000
4204100
4322200
4292900
4165300
4218800
5241800
4310000
4223700
4221000
4665200
4397400
4430800
4284000
4304300
4269700
4167500
4303000
4280400
4260500
4168200
4289500
4440500
4426800
4315600
4249700
4597500
4368400
4401700
4398200
4413200
4735100
4297100
4674800
4426900
4491300
4232200
4359900
4237000
4346200
4255200
4492100
4217800
4208800
4230000
4571100
4376200
4173600
4197400
4309000
4184900
4237700
4440200
4299300
4453500
4333600
4567800
4253100
4108300
4257300
4268300
4252700
4196400
4184900
4543000
4224200
4192300
4317300
5160600
4326900
4322500
4190800
4524100
4174400
4301700
4301000
4327500
4194400
4283800
4425800
4223800
4288000
4160700
4311500
4202000
4274600
4180800
4335800
4248400
4281500
4176700
4384100
4235900
4218800
4184000
4410300
4220000
4153500
4332200
4280000
4232100
4173800
4291200
4648400
4374100
4179900
4341000
4358400
4187300
4209400
4632100
4343900
4190500
4389400
4781000
4977300
4401600
4372900
4609500
4219800
4220100
4162500
4360400
4210200
4187900
4200000
4244000
4183400
4165100
4183300
4266800
4174900
4262200
4266900
4204700
4177200
4193900
4474400
4397900
4211600
4214600
4283800
4195200
4184300
4188600
4239900
4211000
4214600
4506100
4168100
4159500
4209900
4888500
4718000
4212400
4471400
4199700
4369400
4199400
4174900
4226900
4258400
4151400
4142200
4234700
4227500
4163600
4152500
4164900
4351800
4202400
4160900
4213000
4221700
4433000
4171700
4325700
4441400
4293400
4261800
4788200
4343200
4504100
4345000
8336100
4720300
4967700
4897800
5156500
5329600
4989800
4889700
4527100
4458500
4318900
4413600
4304900
4329200
4408700
4212700
4300100
4328500
4461200
4305300
4222300
4347800
4256900
4164700
4168200
4407100
4181600
4196500
4296800
4643600
4255700
4796700
4512300
4627100
4360700
4256500
4289900
4277600
4177900
4163100
4432500
4312900
4148900
4157700
4421100
4170300
4160800
4183100
4266900
4174600
4165400
4155900
4488200
4188100
4202600
4297500
4298400
4174200
4183400
4255400
4183000
4181500
4137600
4615800
4499900
4999500
4491000
5012400
4557500
4302400
4336100
4417100
4630000
4404700
4425900
4661000
4411200
4328400
4390500
4500500
4253800
4238100
4355400
4428100
4435000
4377300
4526100
4468400
4329500
4277000
4640300
4659600
4194200
4323100
4889600
4345600
4235500
4562400
4154000
4321500
4254500
4337200
4245500
4202400
4281700
4229500
4329300
4312000
4878400
4885500
4679900
4715400
4571000
4773100
4468400
4535500
4479700
4275100
4359800
4472200
4522900
4441800
4425400
4509400
4474900
4543200
4235700
4293400
4293700
4298000
4295700
4220800
4196700
4313000
4194100
4266700
4161700
4193200
4230000
4929400
4418600
4725900
4412800
4643100
4329700
4184500
4280600
4508800
4218300
4218300
4361300
4483500
4287700
4146800
4317100
4401400
4317900
4410500
4676100
4378800
4258100
4162300
4593800
4191500
4163000
4216900
4347800
4165700
4533200
4635500
4331700
4360300
4355500
4687600
4341800
4778800
4334400
4792600
4394500
4361700
4376100
4515700
4345900
4218100
4365200
4257600
4251500
4289300
4302700
4138200
4162400
4169400
4207700
4154100
4185600
4166000
4476600
4172300
4156200
4165500
4359700
4236100
4211000
4436300
4267400
4247100
4150800
4504200
4295500
4769400
4622700
4456900
4455100
4179500
4240000
4335800
4195200
4180200
4181000
4352600
4170700
4248500
4165800
4273400
4198900
4178200
4185700
4262200
4197600
4166600
4220000
4294700
4164500
4200600
4171200
4252800
4160500
4218200
4684800
4344900
4181100
4161300
4287000
4160600
4174200
4177500
4328500
4186700
4190900
4287800
4178200
4143300
4231300
4620400
4271900
4198700
4173500
4548100
4186700
4704400
4827100
4467200
4390100
4542700
4182400
4234700
4332600
4186100
4141100
4146300
4226700
4159600
4168500
4169900
4244500
4299000
4146800
4178600
4368200
4143600
4166700
4177100
4228000
4152900
4205000
4287500
4305300
4194600
4245900
4429800
4132700
4189000
4173700
4653000
4511000
4741600
4441500
4415100
4137000
4206000
4183600
4567400
4349900
4152900
4210600
4235400
4196600
4194300
4168900
4265900
4169200
4169900
4153800
4260800
4186500
4202700
4161500
4426700
4148100
4257800
4209700
4181500
4156800
4317100
4324300
4208000
4215600
4571800
9485500
4246100
4836100
4514900
4238500
4188500
4575600
4329400
4324500
4425600
4127700
4184900
4193600
4286300
4194900
4204900
4150800
4322400
4164800
4168600
4164000
4289800
4157700
4150100
4212900
4324800
4209100
4178600
4243100
4247800
4180600
4175800
4315800
4184700
4206700
4221000
4777200
4280400
4187800
4196400
4286500
4728800
4607500
4389700
4239000
4272700
4212300
4281300
4344900
4111200
4151400
4191900
4250300
4218600
4176700
4153400
4221200
4210600
4163200
4177700
4251800
4162400
4142300
4168900
4186100
4159300
4240300
4163900
4218300
4169100
4209900
4169300
4257100
4192900
4147100
4170300
4570800
4194700
4200500
4322100
4101200
4146900
4202200
4342600
4159100
4199500
4279400
5023800
4437700
4921400
4746600
4388300
4430000
4519700
4142200
4292700
4202200
4192600
4172100
4374800
4374800
4255700
4158700
4241400
4182900
4189100
4170400
4259800
4171400
4202000
4159400
4191100
4208800
4191200
4288500
4495300
4208500
4177100
4353100
4162400
4185700
4173400
4215000
4152800
4193600
4246700
4267200
4210800
4238800
4265100
4226000
4221200
4289700
4594300
4248600
4709900
4478600
4307200
4289300
4304300
4234600
4204400
4526300
4460400
4322500
4357900
4518200
4338800
4272800
4472700
4123200
4164200
4184000
4196000
4214400
4160000
4149400
4293800
5223900
4147600
4185400
4340500
4180700
4160800
4158800
4246900
4187400
4185600
4403700
4339300
5068000
4920300
4392200
4446000
4361300
4209100
4205300
4470500
4271300
4208200
4301700
4152300
4110700
4190100
4192200
4606200
4374500
4230100
4772400
4424200
4301400
4363000
4469600
4273800
4239800
4316200
4365600
4492100
4386200
4479400
4567900
4209000
4480500
4422600
4689500
4330600
4356100
4409500
4453800
4433900
4172000
4345900
4182000
4329800
4195000
4388900
4180300
4162100
4234200
4235700
4190900
4250500
4280600
4457700
4323100
4223400
4260900
4236200
4183000
4189100
4278500
4125600
4270600
4204700
4310500
4133500
4188700
4307700
4352800
4350000
4349500
4486900
4351900
5084000
7511700
4831100
4869200
8359800
5112500
4980300
4713000
4576300
4338200
4217300
4212600
4378800
4210000
4193600
4200000
4253500
4153400
4210800
4179500
4316900
4182900
4199900
4152000
4205100
4188700
4163600
4238700
4203000
4252600
4199200
4703000
4700600
4222200
4222900
4479800
4286400
4352000
4351500
4523600
4358800
4330700
4631800
5041600
4876800
4376900
4439200
4716400
4381400
4503400
4532000
4317300
4404800
4230800
4638800
4514500
4507600
4290700
4421400
4356800
4415300
4502900
4392600
4239900
4434400
4282300
4404000
4173000
4423400
4274600
4276300
4198300
4574600
4267900
4185600
4184900
4693000
4560300
4499700
4220300
4672100
4401900
4340400
4549200
4203300
4267100
4234600
4338900
4130600
4187000
4228100
4260400
4197200
4201600
4196300
4374400
4202200
4190200
4173800
4254700
4174100
4202100
4194100
4627300
4161600
4222800
4312900
4154500
4156700
4149500
4585100
4174300
4196400
4243100
5026600
4801400
4377600
4397900
4467700
4126300
4218000
4152300
4483900
4405000
4294900
4393800
4356500
4310900
4418900
4136700
4320200
4227700
4250700
4308400
4287800
4429400
4315800
4250600
4393200
4305400
4305400
4446100
4277100
4232200
4241500
4804600
4162200
4449100
4535400
4631100
4333000
4439600
4254900
4383600
4206400
4219900
4286500
4356400
4167600
4224800
4399500
4179200
4320400
4218900
4358700
4596500
4289400
4269500
4369700
4170800
4153200
4350700
4286200
4244000
4175500
4240000
4858900
4191100
4193400
4259000
4696400
4265200
4411500
4755600
4286800
4262200
4260800
4447800
4287800
4258200
4477800
4277100
4184000
4178500
4157400
4296300
4201500
4189300
4179800
4378100
4117900
4202600
4215800
4611200
4232500
4199800
4335400
4251300
4204000
4201800
4449100
4356500
4196700
4222100
4725100
4149000
4212600
4257300
4934600
4306100
4227500
4392500
4307100
4320900
4293800
4300900
4242100
4166100
4205600
4254400
4478000
4338200
4328100
4279700
4208400
4151400
4151200
4172700
4248400
4201200
4194200
4170500
4610400
4457700
4304200
4397600
4169800
4339600
4169400
4382500
4468700
4179000
4815200
4475800
4416800
4287300
4252200
4413500
4451900
4229200
4311400
4320700
4354300
4323800
4290100
4555600
4483200
4447200
4409200
4493700
4216400
4234600
4331200
4633400
4420900
4424000
4382600
4499200
4493800
4221200
4525900
4510000
4487800
4416800
4863100
4594600
4660900
4409100
4537000
4674400
4343000
4447000
4410800
4281700
4360100
4625000
4322900
4347200
4416400
4570800
4425300
4437900
4737000
4613400
4493500
4347400
4502000
4299200
4224700
4335300
4173300
4216300
4184500
4511400
4298200
4180000
4428900
4489400
4777300
4212400
4420500
4505300
4375400
4369700
4254200
4333200
4171900
4193000
4179600
4494800
4340200
4291800
4215400
4366500
4152100
4243600
4304300
4168700
4201600
4146000
4482400
4179000
4227200
4248200
4357300
4146500
4150000
4164300
4397700
4196700
4167000
4152800
4434200
4166500
4687900
4748900
4210500
4175400
4169400
4640500
4357200
4325200
4325500
4478600
4109100
4151200
4165600
4181800
4326100
4173300
4221700
4185500
4196700
4151200
4723000
4476300
4387800
4442900
4497400
4305400
4324500
4378700
4329300
4155100
4186100
4206900
4504900
4272300
4463400
4550600
4538800
4237300
4235200
4463000
4357000
4302100
4212600
4382300
4211800
4190500
4311200
4691700
4418100
4226300
4205600
4556600
4627400
4145600
4195400
4360600
4206000
4169300
4211000
4367600
4160700
4183000
4261800
4332400
4219700
4248800
4589900
4193700
4219300
4831400
4455900
4493300
4410800
4290700
4413100
4256200
4210000
4212700
4292200
4128100
4162400
4194500
4283000
4194100
4179700
4201300
4168800
4140600
4189200
4200300
4184400
4190300
4168500
4181800
4201700
4172300
4189800
4398600
4280500
4299500
4386200
4316800
4212700
4155600
4509800
5258100
4413500
4431900
4346300
4372000
4167700
4177200
4247600
4340700
4155700
4235300
4211000
4292700
4129800
4193000
4208000
4622000
4338700
4343500
4419700
4183900
4167900
4179200
4300000
4603100
4379900
4333000
4650100
4220200
4191500
4179000
4952700
4304000
6337800
4385300
4676200
4398800
4386000
4682400
4200500
4362600
4138400
4735700
4301400
4341300
4267600
4448500
4381800
4399300
4528600
4264700
4267900
4402800
4730400
4198500
4279200
4225500
4975100
4297700
4418000
4268800
4769400
4255500
4361500
4282100
4850900
4747900
4758900
4499800
4624300
4300600
4504800
4544000
4434300
4481700
4491200
4564600
4492800
4341500
4584300
4484700
4500700
4316700
4402800
4220200
4238800
4176300
4289400
4225800
4177000
4347100
4303400
4230200
4210400
4202800
4247000
4170200
4179600
4886000
4329300
4642600
4193500
4402000
4468400
4262500
4124100
4382800
4377100
4408400
4150900
4271000
4206600
4178800
4159600
4392100
4222400
4178400
4152800
4297600
4216600
4204200
4343000
4253800
4213400
4206600
4393800
4235300
4233800
4209600
4548900
4211300
4222900
4411400
6653000
5957200
4273300
4499300
4570800
4276000
4209500
4452800
4278000
4250600
4226800
4332800
4183200
4210800
4247600
4189900
4141000
4163200
4161900
4290200
4148600
4215600
4191700
4336400
4236000
4236900
4379300
4184800
4171700
4202800
4526600
4139200
4216200
4213500
4480300
4408600
4908500
4314500
4287100
4180400
4170100
4173500
4469700
4362900
4117400
4201800
4254700
4169100
4179800
4155900
4234000
4170000
4188800
4250400
4175800
4143200
4195800
4168700
4205400
4182700
4199700
4219800
4263000
4484600
4390000
4702200
4248600
4236100
4162700
4374000
4322100
4488200
4371200
4268500
4178100
4242300
4189100
4344100
4201600
4251200
4200700
4299200
4216000
4227300
4227900
4261000
4207700
4227200
4233900
4295300
4295200
4512300
4356900
4864500
4593200
4361100
5017900
4630200
4567300
4558100
4567500
4561700
4386900
4614000
4536300
4446100
4308100
4183500
4231700
4172900
4288900
4318100
4212700
4262300
4203500
4167600
4181800
4144900
4209600
4183700
4197200
4378100
4212800
4212300
4171100
4362000
4197800
4146700
4168500
4261400
4142200
4221300
4583700
4313000
4308500
4359800
4616800
4149100
4680900
4287800
4317800
4387800
4492500
4312700
4321000
4728900
4355100
4268400
4283800
4308700
4190200
4245400
4547800
4364200
4381200
4177900
4243900
4226400
4270700
4195800
4297500
4184900
4205000
4188100
4622400
4171200
4253900
4415000
4304500
4198100
4153800
4295100
4665100
4474700
4498300
4368500
4398900
4306800
4247500
4328500
4174600
4246500
4205800
4421700
4162100
4195200
4297400
4434900
4206600
4163600
4536300
4405900
4197600
4316100
4154300
4288900
4206200
4215900
4180100
4303200
4182500
4406700
4223300
4424100
4202900
4204700
4181800
4277900
4146800
4208400
4365500
4443100
4278800
4279400
4671800
4311900
4129700
4157000
4727400
4194400
4186300
4160000
4670400
4839500
4374300
4237400
4200800
4309700
4359300
4572700
4449000
4154000
4219300
4360000
4191400
4174300
4420000
4523300
4575700
4219600
4489100
4610800
4592200
4422100
4278800
4506600
8247400
4740200
5985900
5842500
4698700
4751400
4555500
4541200
4423800
4353700
4351900
4347400
4525700
4399900
4260900
4352100
4452600
4387300
4299600
4357100
4576800
4296700
4229300
4335500
4383000
4189200
4232000
4310100
4499600
4498000
4534900
4502700
4476200
4284500
4576300
4563700
4363200
4270200
4725000
4349600
4350800
4366800
4231800
4381800
4218700
4163100
4435400
4175000
4175400
4183900
4666100
4203700
4646700
4233400
4564100
4404000
4205900
4165100
4640600
4306300
4384900
4617900
4325500
4270400
4200200
4472700
4211700
4252800
4170000
4334800
4203800
4218600
4174800
4461500
4207200
4221200
4213400
4405000
4209200
4205600
4191700
4752900
4107900
4366100
4170000
4683600
4386700
5045200
4495200
4444400
4443100
4343400
4681200
4436200
4491900
4224100
4723100
4137900
4303300
4268100
4317800
4159000
4295200
4281300
4368200
4265100
4149800
4595000
4210900
4168400
4218700
4423000
4268100
4259700
4208200
4322700
4277800
4285700
4304400
4555200
4328700
4198200
4386600
4478200
4290300
4225200
4248900
4669700
4243700
4608600
4622200
5351700
4352700
4546800
4718200
4666100
4300600
4434800
4560400
4448400
4354200
4572300
4230200
4266800
4196000
4748000
4217800
4312100
4246400
4625200
4312900
4230300
4344000
4606800
4189700
4762700
4515100
4200900
4234600
4516300
4226000
4208400
4670900
4930200
5384100
4483100
4603600
4713300
4486100
4398700
4960400
4363600
4723900
4637300
4537600
4569900
4407900
4684200
4356300
4424700
4338400
4260100
4146600
4371700
4556100
4643400
4305400
4383700
4746300
4328400
4216500
4158300
4294900
4195500
4194000
4177400
5068700
4407800
4686100
4389700
4463200
4258700
4417100
4480900
4556200
4285700
4251300
4519500
4162900
4159000
4171900
4393200
4152000
4166300
4248900
4410700
4241400
4156900
4163000
4505400
4363400
4186900
4153000
4473100
4186000
4208900
4171500
4559300
4171500
4196100
4216100
4943000
4470000
4946200
4594600
4487100
4340400
4342500
4791400
4120100
4204200
4185300
4461400
4313100
4224800
4207100
4360900
4181300
4207300
4292100
4511700
4176500
4151300
4351200
4293000
4168700
4153100
4554000
4138800
4140900
4178700
4489400
4230000
4168400
4227100
4616700
4165200
4220900
4182400
4247800
4292700
4273500
4402200
5063100
4338500
4379900
4206200
4471200
4308400
4162200
4321900
4325700
4227600
4151900
4432100
4215100
4211200
4158300
4622400
4343200
4329900
4303000
4368500
4288800
4282000
4286200
4360300
4215800
4142900
4271700
4371400
4146400
4183800
4627800
4336800
4824300
4613600
4543400
4329500
4192100
4215900
4389600
4148700
4286300
4213500
4597200
4337400
4333800
4189400
4484900
4147700
4260000
4226800
4462600
4151600
4209400
4208800
4445100
4191800
4180700
4264000
4417700
4246800
4474300
4245700
4204400
4202900
4345100
4105800
4194000
4163100
4322600
4161200
4173200
4170900
4250200
4229600
4134800
4165400
4863600
4465800
4771200
4490300
4169600
4544500
4276900
4215500
4168800
4438300
4202100
4164700
4203800
4427200
4158700
4217600
4159800
4417800
4172300
4188700
4284600
4182700
4176900
4200700
4237700
4350200
4344200
4410000
4503800
4131600
4245500
4207900
4660500
4417100
4311900
4295200
4513900
4413800
4195300
4215400
4550100
4210700
4188700
4571000
4369500
4229800
4209600
4837200
4385400
4180200
4265900
4372200
4457800
4213400
4319100
4348900
4296100
4270500
4235500
4417700
4366900
4165800
4228600
4279300
4176300
4210000
4271800
4531500
4276600
4235200
4238000
4591700
4309800
4307800
4417300
4412400
4207600
4196600
4701900
4149600
4302600
4221700
4574600
4749200
4604200
4217900
4716800
4353800
4309700
4364100
4290900
4252100
4245500
4276400
4211400
4208300
4278700
4492200
4262000
4206100
4205400
4431200
4221200
4255000
4212200
4381200
4170000
4203100
4321300
4153500
4248100
4217400
4334100
4178600
4214200
4269900
4658200
4274200
4393700
4888500
4364100
4397300
4334100
4332900
4174600
4229500
4166500
4432700
4148600
4192600
4254000
4279000
4140200
4226500
4499600
4330800
4183000
4142300
4261800
4168700
4207500
4204500
4372700
4107900
4234500
4374100
4286300
4318500
4338100
4601700
4531900
4786300
4507400
4236100
4402000
4278600
4142900
4259200
4244600
4141100
4166300
4166700
4572100
4190900
4180800
4135000
4447300
4167400
4238500
4277000
4233100
4242500
4225900
4383600
4098000
4116700
4235100
4439000
4136000
4194300
4159500
4572300
4176200
4158300
4271800
4638800
4328600
4151100
4532800
5012200
4563600
4461300
4587300
4238800
4156200
4204300
4364200
4347800
4184500
4257500
4626600
4197100
4204200
4197600
4282600
4128800
4259600
4235100
4410300
4222800
4188400
4147900
4434400
4256800
4156500
4270200
4147600
4192400
4200300
4555200
4190500
4161000
4150300
4891700
4676300
4196600
4354700
4484900
4290800
4273000
4160400
4630000
4344700
4318400
4352600
4326900
4105300
4170800
4170400
4456200
4191700
4226900
4161100
4230300
4171500
4159200
4233700
4244100
4183100
4164500
4232800
4256800
4148000
4648200
4141700
4878100
5071200
4413800
4619500
4218200
4221000
4201100
4647200
4208300
4230200
4187700
4379300
4160600
4163200
4248300
4513100
4692800
4170000
4212500
4298200
4559400
4780700
4305700
4274600
4421600
4331300
4410900
4240500
4240000
4178300
4339000
4170000
4202200
5109200
4747400
4554300
4430000
4314500
4562700
4484000
4275500
4607400
4588100
4316700
4236300
4643700
4810200
4381900
4360700
4446400
4851700
4391400
4609000
4769500
4873300
4366100
4842400
4798800
4439700
4453200
5172600
4489500
4433400
4563600
4405800
4455300
4643500
4949800
4545400
4412500
4411800
4502800
4352200
4567700
4673000
4335100
4369500
4255600
4544500
4179000
4274400
4199000
4353700
4147900
4246500
4210800
4362200
4403900
4233500
4237200
4530500
4315300
4284400
4579000
4366700
4138700
4199000
4385800
4139900
4217900
4583800
5225200
4813000
4693100
4888100
4819100
4365700
4345300
4522400
4447600
4457300
4143100
4341100
4245600
4312600
4402100
4580600
4273500
4238900
4226700
4644600
4214500
4280500
4569900
4433900
4544200
4259800
4572800
4221600
4316100
4226200
4608600
4199300
4664200
4266400
5502600
4723100
4365000
4707500
4284400
4373000
4331000
4767400
4346200
4300700
4273900
4868200
4468300
4357700
4436400
4305700
4167500
4344200
4368600
4283700
4261600
4519300
4435500
4197400
4209600
4297100
4537500
4293800
4249000
4373000
4900400
4238400
4260500
4778100
4699200
4233000
4203500
4629900
4399100
4460900
4362500
4239000
4261100
4578400
4282700
4229800
4276100
4431800
4231700
4717000
4262600
4479200
4243600
4296600
4211500
4403200
4292000
4230300
4387800
4340500
4241400
4226100
4859300
4350700
4234200
5061500
4906200
4390800
4311800
4515700
4465900
4269300
4263100
4225800
4491300
4205900
4265000
4433900
4269900
4201500
4229200
4476200
4461500
4240900
4221600
4590200
4262200
4405700
4224400
4479100
4287100
4258000
4229200
4599500
4313500
4215600
4591200
4335600
4655600
4285100
4596500
4548200
4313000
4375000
4680600
4223700
4211700
4226300
4542800
4211900
4249400
4337100
4591600
4750100
4379400
4523700
4167100
4267700
4211300
4416300
4147200
4216600
4233300
4345800
4229300
4184900
4205300
4304300
4222600
4190900
4470100
4361200
4296200
4155600
4408200
4864500
4597600
4513900
4520700
4196800
4345200
4292000
4449000
4164200
4263500
4308600
4301900
4166800
4192100
4229300
4628000
4176600
4188300
4214100
4335300
4468000
4221500
4221900
4457900
4247700
4201600
4298200
4394500
4196600
4249800
4316200
4408300
4147500
4140300
4557100
4286300
5416500
6736300
4973800
4900200
4943400
5109900
5083900
4608300
4473700
4181700
4246000
4171500
4478600
4198900
4228500
4173900
4362600
4158400
4144900
4264600
4178000
4174400
4175500
4176800
4240600
4191700
4162200
4311400
4137700
4190600
4190800
4530300
4186400
4239500
4144400
4362900
4781000
4768500
4505700
4297900
4356600
4158900
4195900
4404300
4133600
4173200
4196900
4382600
4198700
4229700
4144900
4523500
4288800
4295400
4194000
4214200
4175000
4205200
4265000
4204400
4149000
4167600
4208200
4389200
4164000
4143100
4332000
4166300
4273400
4179700
4517400
4239200
4645600
4398400
4237200
4454800
4443400
4361700
4414000
4400100
4347100
4288000
4237200
4205600
4207700
4206800
4477800
4287900
4425800
4135300
4625400
4209100
4208600
4207200
4748100
4229500
4572700
4348900
4317400
4213100
4219500
4726200
4173300
4301900
4209800
4706200
4326700
5797900
4663100
4414800
4285600
4358600
4601700
4256000
4327600
4350600
4435000
4223700
4212400
4366300
4278600
4332600
4250900
4203400
4520300
4240600
4252200
4205100
4378800
4570000
4588900
4363900
4495500
4225900
4236500
4569600
4362200
4256600
4209200
4564600
4337800
4269300
4227100
5038400
4619600
4384600
4296900
4424800
4183000
4265600
4288500
4433400
4165900
4272400
4410700
4161000
4163600
4144800
4502100
4178100
4181700
4240600
4226000
4164100
4317800
4316700
4567800
4271200
4404600
4169000
4522500
4590600
4497700
4330500
4871200
4449100
4967000
4331500
4648500
4622700
4620400
4950100
4292300
4468400
4142800
4201200
4157000
4733300
4265300
4212600
4422100
4236200
4381700
4179100
4396500
4166000
4250600
4251400
4507500
4355300
4444300
4593300
4417100
4257700
4147100
4522200
4468900
4236300
4257500
4571100
4471600
4377200
4288300
4439100
4678700
4393800
4254200
4292100
4160800
4166700
4223900
4403400
4244600
4220300
4232000
4555200
4579700
4491900
4486500
4558500
4571600
4531500
4437700
4381500
4421100
4415600
4842100
4676700
4506000
4339000
4647500
4523600
4307400
4755000
4629000
4426500
4562200
4753200
4598100
4186000
4468900
4534600
4358800
4434900
4364200
4401400
4323000
4466800
4602000
4493200
4322400
4550100
4351700
4161500
4296400
4264200
4503300
4218000
4344300
4142700
4270300
4189000
4170900
4167400
4383400
4263200
4180900
4228100
4819600
4458600
4722600
4832100
4590400
4414000
4562200
4852100
4303400
4356000
4825400
4165700
4290800
4226700
4835700
4243200
4196300
4350100
4334400
4206700
4159200
4268400
4548500
4170400
4235000
4324400
4758000
4114200
4282400
4174800
4804600
4214000
4374300
4513700
4494300
4216600
4222600
4623700
4768700
4416700
4181300
4565600
4264800
4211800
4192700
4340300
4271900
4159700
4207700
4422800
4324500
4173900
4263300
4545400
4324200
4353700
4402400
4199800
4207400
4202600
4400700
4112900
4125900
4146100
4191300
4183100
4189200
4219000
4481900
4234800
4284100
4241500
4450900
4226900
4232100
4888100
4493000
4207200
4387500
4264200
4420900
4255500
4390900
4378700
4420900
4330400
4293800
4500800
4184300
4232900
4203300
4637800
4309000
4336100
4326600
4310200
4197800
4220600
4339400
4473300
4303700
4303900
4326600
4346600
4232400
4187500
4792800
4238700
4189000
4244600
4911200
4389600
4239900
4341600
4870100
4191500
4617700
4305100
4416600
4193400
4252100
4249500
4473500
4230200
4269800
4361600
4293100
4216400
4204600
4465400
4281900
4201800
4198900
4551800
4337500
4210600
4248600
4303500
4177900
4263900
4525800
4572800
4732300
4371700
4203700
4674600
4255000
4409300
4633600
4407700
4264900
4298000
4462500
4325900
4354500
4413600
4440200
4328500
4315400
4287600
4413100
4293100
4410400
5650200
4185500
4202400
4303500
4478100
4209500
4260900
4195300
4304300
4193300
4229700
4500600
4634300
4626100
4822200
4516500
4426800
4249100
4184500
4391400
4399500
4326300
4137900
4442900
4130100
4188600
4244900
4236100
4303500
4216300
4221900
4256200
4124800
4202900
4174000
4204700
4216300
4150800
4137700
4209300
4148800
4215700
4352100
4174700
4595100
4358700
4109900
4170200
4328800
4166200
4148700
4161900
4323100
4850800
4909300
4413800
4254700
4290600
4211100
4159100
4580500
4202400
4237700
4177600
4412200
4168300
4254500
4230300
4408200
4147300
4142000
4203600
4223900
4150400
4143100
4142400
4364300
4230400
4183900
4166700
4334300
4162000
4179300
4579300
4162600
4175300
4229200
4646300
4259700
4140100
4246700
5294700
4573900
4315200
4356400
4504700
4189800
4163100
4211300
4288900
4167300
4152200
4152600
4310000
4224600
4141800
4165100
4462000
4309700
4283100
4290800
4484800
4141100
4207700
4161700
4395800
4154200
4153000
4247400
4261800
4146600
4184600
4848800
4322800
4243400
4170000
5006600
5018700
4408900
4137800
4594100
4254500
4152600
4197200
