1000000 572564
1000000 478406
2000000 1.31293e+06
2000000 1.09997e+06
3000000 2.06813e+06
3000000 2.05722e+06
4000000 2.78847e+06
4000000 2.92425e+06
5000000 3.81522e+06
5000000 3.9733e+06
6000000 4.9189e+06
6000000 5.33781e+06
7000000 6.06913e+06
7000000 6.55065e+06
8000000 7.23838e+06
8000000 7.84652e+06
9000000 8.37404e+06
9000000 9.10959e+06
10000000 9.62017e+06
10000000 1.05163e+07
11000000 1.09573e+07
11000000 1.19733e+07
12000000 1.2252e+07
12000000 1.33621e+07
13000000 1.36474e+07
13000000 1.4852e+07
14000000 1.48698e+07
14000000 1.61802e+07
15000000 1.59349e+07
15000000 1.76329e+07
16000000 1.71026e+07
16000000 1.91971e+07
17000000 1.82299e+07
17000000 2.04322e+07
18000000 1.97312e+07
18000000 2.18348e+07
19000000 2.12802e+07
19000000 2.34705e+07
20000000 2.27061e+07
20000000 2.49333e+07
21000000 2.40955e+07
21000000 2.64726e+07
22000000 2.52579e+07
22000000 2.80373e+07
23000000 2.67723e+07
23000000 2.97406e+07
24000000 2.83926e+07
24000000 3.13992e+07
25000000 2.99138e+07
25000000 3.30338e+07
26000000 3.16404e+07
26000000 3.46821e+07
27000000 3.33131e+07
27000000 3.63225e+07
28000000 3.4976e+07
28000000 3.81445e+07
29000000 3.64187e+07
29000000 3.986e+07
30000000 3.80155e+07
30000000 4.13544e+07
31000000 3.96809e+07
31000000 4.32233e+07
32000000 4.12271e+07
32000000 4.50499e+07
33000000 4.26886e+07
33000000 4.67867e+07
34000000 4.42369e+07
34000000 4.85451e+07
35000000 4.57979e+07
35000000 5.04486e+07
36000000 4.74576e+07
36000000 5.22627e+07
37000000 4.9081e+07
37000000 5.38938e+07
38000000 5.06559e+07
38000000 5.59091e+07
39000000 5.26413e+07
39000000 5.8044e+07
40000000 5.43954e+07
40000000 6.01249e+07
41000000 5.62297e+07
41000000 6.2067e+07
42000000 5.82523e+07
42000000 6.41583e+07
43000000 6.0054e+07
43000000 6.62737e+07
44000000 6.19929e+07
44000000 6.81718e+07
45000000 6.38193e+07
45000000 7.0054e+07
46000000 6.55248e+07
46000000 7.19444e+07
47000000 6.738e+07
47000000 7.39886e+07
48000000 6.91062e+07
48000000 7.5816e+07
49000000 7.10444e+07
49000000 7.79954e+07
50000000 7.28985e+07
50000000 7.99628e+07
51000000 7.49574e+07
51000000 8.19343e+07
52000000 7.69997e+07
52000000 8.40259e+07
53000000 7.87698e+07
53000000 8.60847e+07
54000000 8.07456e+07
54000000 8.81209e+07
55000000 8.25002e+07
55000000 9.01263e+07
56000000 8.46261e+07
56000000 9.21493e+07
57000000 8.62423e+07
57000000 9.37887e+07
58000000 8.80479e+07
58000000 9.55991e+07
59000000 8.96084e+07
59000000 9.73041e+07
60000000 9.14558e+07
60000000 9.91312e+07
61000000 9.34224e+07
61000000 1.01178e+08
62000000 9.53741e+07
62000000 1.03343e+08
63000000 9.73608e+07
63000000 1.05467e+08
64000000 9.95354e+07
64000000 1.07683e+08
65000000 1.01526e+08
65000000 1.099e+08
66000000 1.03484e+08
66000000 1.11906e+08
67000000 1.05537e+08
67000000 1.14018e+08
68000000 1.07712e+08
68000000 1.16203e+08
69000000 1.09508e+08
69000000 1.18388e+08
70000000 1.11657e+08
70000000 1.20524e+08
71000000 1.13618e+08
71000000 1.23031e+08
72000000 1.15732e+08
72000000 1.2543e+08
73000000 1.17685e+08
73000000 1.27576e+08
74000000 1.19706e+08
74000000 1.29986e+08
75000000 1.21544e+08
75000000 1.32292e+08
76000000 1.2364e+08
76000000 1.34583e+08
77000000 1.2551e+08
77000000 1.36821e+08
78000000 1.2753e+08
78000000 1.39022e+08
79000000 1.29382e+08
79000000 1.41384e+08
80000000 1.31385e+08
80000000 1.43734e+08
81000000 1.33188e+08
81000000 1.45788e+08
82000000 1.35093e+08
82000000 1.47951e+08
83000000 1.37206e+08
83000000 1.50102e+08
84000000 1.39265e+08
84000000 1.52438e+08
85000000 1.41514e+08
85000000 1.54839e+08
86000000 1.43711e+08
86000000 1.57149e+08
87000000 1.4572e+08
87000000 1.59331e+08
88000000 1.47958e+08
88000000 1.61689e+08
89000000 1.50297e+08
89000000 1.64072e+08
90000000 1.5264e+08
90000000 1.66428e+08
91000000 1.54895e+08
91000000 1.68825e+08
92000000 1.5734e+08
92000000 1.71349e+08
93000000 1.59484e+08
93000000 1.73884e+08
94000000 1.61833e+08
94000000 1.76497e+08
95000000 1.64254e+08
95000000 1.79152e+08
96000000 1.66662e+08
96000000 1.81707e+08
97000000 1.68353e+08
97000000 1.83425e+08
98000000 1.70762e+08
98000000 1.85974e+08
99000000 1.73044e+08
99000000 1.88451e+08
100000000 1.75461e+08
100000000 1.91045e+08
101000000 1.77599e+08
101000000 1.932e+08
102000000 1.79692e+08
102000000 1.95507e+08
103000000 1.82014e+08
103000000 1.97776e+08
104000000 1.84395e+08
104000000 2.00004e+08
105000000 1.866e+08
105000000 2.02424e+08
106000000 1.88784e+08
106000000 2.04967e+08
107000000 1.91012e+08
107000000 2.07196e+08
108000000 1.93314e+08
108000000 2.09597e+08
109000000 1.9559e+08
109000000 2.12096e+08
110000000 1.97434e+08
110000000 2.14284e+08
111000000 1.99366e+08
111000000 2.16201e+08
112000000 2.01174e+08
112000000 2.18705e+08
113000000 2.03298e+08
113000000 2.20954e+08
114000000 2.05642e+08
114000000 2.22921e+08
115000000 2.07431e+08
115000000 2.25362e+08
116000000 2.09688e+08
116000000 2.27584e+08
117000000 2.11917e+08
117000000 2.29967e+08
118000000 2.13988e+08
118000000 2.32077e+08
119000000 2.16295e+08
119000000 2.34758e+08
120000000 2.18609e+08
120000000 2.37313e+08
121000000 2.20863e+08
121000000 2.39711e+08
122000000 2.23086e+08
122000000 2.42276e+08
123000000 2.25232e+08
123000000 2.44751e+08
124000000 2.27507e+08
124000000 2.47367e+08
125000000 2.29882e+08
125000000 2.49919e+08
126000000 2.322e+08
126000000 2.52384e+08
127000000 2.34446e+08
127000000 2.54836e+08
128000000 2.36575e+08
128000000 2.57131e+08
129000000 2.3898e+08
129000000 2.59587e+08
130000000 2.41198e+08
130000000 2.61846e+08
131000000 2.43595e+08
131000000 2.64685e+08
132000000 2.45848e+08
132000000 2.67287e+08
133000000 2.48138e+08
133000000 2.69478e+08
134000000 2.50249e+08
134000000 2.71707e+08
135000000 2.52466e+08
135000000 2.74383e+08
136000000 2.54685e+08
136000000 2.76698e+08
137000000 2.57137e+08
137000000 2.79322e+08
138000000 2.59372e+08
138000000 2.8217e+08
139000000 2.61783e+08
139000000 2.84668e+08
140000000 2.63868e+08
140000000 2.87178e+08
141000000 2.66034e+08
141000000 2.89473e+08
142000000 2.68088e+08
142000000 2.91841e+08
143000000 2.70228e+08
143000000 2.94521e+08
144000000 2.72592e+08
144000000 2.96908e+08
145000000 2.75144e+08
145000000 2.99419e+08
146000000 2.7761e+08
146000000 3.01869e+08
147000000 2.80643e+08
147000000 3.0497e+08
148000000 2.8302e+08
148000000 3.07523e+08
149000000 2.85565e+08
149000000 3.10292e+08
150000000 2.87934e+08
150000000 3.13212e+08
151000000 2.90148e+08
151000000 3.15759e+08
152000000 2.92242e+08
152000000 3.18423e+08
153000000 2.94859e+08
153000000 3.21253e+08
154000000 2.97222e+08
154000000 3.24062e+08
155000000 2.99742e+08
155000000 3.26928e+08
156000000 3.02074e+08
156000000 3.29981e+08
157000000 3.04444e+08
157000000 3.32757e+08
158000000 3.06985e+08
158000000 3.35782e+08
159000000 3.09413e+08
159000000 3.38627e+08
160000000 3.1174e+08
160000000 3.41399e+08
161000000 3.13789e+08
161000000 3.43749e+08
162000000 3.16114e+08
162000000 3.46696e+08
163000000 3.18643e+08
163000000 3.49476e+08
164000000 3.20756e+08
164000000 3.52075e+08
165000000 3.23457e+08
165000000 3.54615e+08
166000000 3.25872e+08
166000000 3.57388e+08
167000000 3.28665e+08
167000000 3.59737e+08
168000000 3.30839e+08
168000000 3.62262e+08
169000000 3.33313e+08
169000000 3.64959e+08
170000000 3.35772e+08
170000000 3.6769e+08
171000000 3.38385e+08
171000000 3.70159e+08
172000000 3.40698e+08
172000000 3.72872e+08
173000000 3.43084e+08
173000000 3.75521e+08
174000000 3.45598e+08
174000000 3.78546e+08
175000000 3.48235e+08
175000000 3.81451e+08
176000000 3.51124e+08
176000000 3.84195e+08
177000000 3.53349e+08
177000000 3.86908e+08
178000000 3.55983e+08
178000000 3.89864e+08
179000000 3.5884e+08
179000000 3.92501e+08
180000000 3.61139e+08
180000000 3.95204e+08
181000000 3.63891e+08
181000000 3.97888e+08
182000000 3.66227e+08
182000000 4.00556e+08
183000000 3.68722e+08
183000000 4.03573e+08
184000000 3.71014e+08
184000000 4.06103e+08
185000000 3.73896e+08
185000000 4.08786e+08
186000000 3.75935e+08
186000000 4.11353e+08
187000000 3.78212e+08
187000000 4.13732e+08
188000000 3.80349e+08
188000000 4.16237e+08
189000000 3.83044e+08
189000000 4.1916e+08
190000000 3.85846e+08
190000000 4.22193e+08
191000000 3.88644e+08
191000000 4.25478e+08
192000000 3.91468e+08
192000000 4.28238e+08
193000000 3.94198e+08
193000000 4.31035e+08
194000000 3.96612e+08
194000000 4.33786e+08
195000000 3.99472e+08
195000000 4.36783e+08
196000000 4.01694e+08
196000000 4.39111e+08
197000000 4.03658e+08
197000000 4.41101e+08
198000000 4.06456e+08
198000000 4.44071e+08
199000000 4.08977e+08
199000000 4.46578e+08
200000000 4.11195e+08
200000000 4.48873e+08
201000000 4.14343e+08
201000000 4.51921e+08
202000000 4.17029e+08
202000000 4.54464e+08
203000000 4.19506e+08
203000000 4.57371e+08
204000000 4.21902e+08
204000000 4.60013e+08
205000000 4.24846e+08
205000000 4.6318e+08
206000000 4.27423e+08
206000000 4.66074e+08
207000000 4.30314e+08
207000000 4.68947e+08
208000000 4.33313e+08
208000000 4.71904e+08
209000000 4.35816e+08
209000000 4.74477e+08
210000000 4.38583e+08
210000000 4.77095e+08
211000000 4.41408e+08
211000000 4.80083e+08
212000000 4.44161e+08
212000000 4.83075e+08
213000000 4.47308e+08
213000000 4.85901e+08
214000000 4.50066e+08
214000000 4.88648e+08
215000000 4.52552e+08
215000000 4.91483e+08
216000000 4.5506e+08
216000000 4.94173e+08
217000000 4.57543e+08
217000000 4.9683e+08
218000000 4.60217e+08
218000000 4.99432e+08
219000000 4.6294e+08
219000000 5.02214e+08
220000000 4.65584e+08
220000000 5.05158e+08
221000000 4.68416e+08
221000000 5.07738e+08
222000000 4.71382e+08
222000000 5.10575e+08
223000000 4.7397e+08
223000000 5.13516e+08
224000000 4.76643e+08
224000000 5.1636e+08
225000000 4.79202e+08
225000000 5.19208e+08
226000000 4.81206e+08
226000000 5.21791e+08
227000000 4.83687e+08
227000000 5.24253e+08
228000000 4.86189e+08
228000000 5.27218e+08
229000000 4.89028e+08
229000000 5.29491e+08
230000000 4.91521e+08
230000000 5.32125e+08
231000000 4.93903e+08
231000000 5.34676e+08
232000000 4.96433e+08
232000000 5.3753e+08
233000000 4.99178e+08
233000000 5.40209e+08
234000000 5.01956e+08
234000000 5.43187e+08
235000000 5.04725e+08
235000000 5.45918e+08
236000000 5.07493e+08
236000000 5.4858e+08
237000000 5.10166e+08
237000000 5.51757e+08
238000000 5.12506e+08
238000000 5.54302e+08
239000000 5.14891e+08
239000000 5.57096e+08
240000000 5.17708e+08
240000000 5.60016e+08
241000000 5.20556e+08
241000000 5.63128e+08
242000000 5.23095e+08
242000000 5.6603e+08
243000000 5.26055e+08
243000000 5.68989e+08
244000000 5.33605e+08
244000000 5.76998e+08
245000000 5.39124e+08
245000000 5.83285e+08
246000000 5.41622e+08
246000000 5.86203e+08
247000000 5.44828e+08
247000000 5.89285e+08
248000000 5.47656e+08
248000000 5.92259e+08
249000000 5.50273e+08
249000000 5.94947e+08
250000000 5.53083e+08
250000000 5.97644e+08
251000000 5.55625e+08
251000000 6.00201e+08
252000000 5.57476e+08
252000000 6.02241e+08
253000000 5.60132e+08
253000000 6.05127e+08
254000000 5.62559e+08
254000000 6.07575e+08
255000000 5.65308e+08
255000000 6.10444e+08
256000000 5.67997e+08
256000000 6.12947e+08
257000000 5.70792e+08
257000000 6.15711e+08
258000000 5.73271e+08
258000000 6.18261e+08
259000000 5.75985e+08
259000000 6.21149e+08
260000000 5.78507e+08
260000000 6.23751e+08
261000000 5.81155e+08
261000000 6.2669e+08