741300
1037800
732700
728900
715900
699900
698300
836800
1257500
1126800
1175300
982800
1298100
724300
686000
721800
791800
1111000
677200
669800
896500
1142100
719200
823500
693900
759500
716800
700000
867900
850500
695000
863600
948700
708900
816800
839300
689300
737000
724900
744700
682100
722900
734600
700600
729500
771400
747300
737300
729500
729300
766800
756900
680500
733700
948100
767000
744300
864200
887000
690800
745700
721400
923500
790500
734200
748200
958000
729400
754200
736800
702800
772600
1121400
866000
743000
754500
701900
990700
841500
779800
836400
1080200
704100
1177200
735700
959100
737800
787200
754500
756800
728800
898500
680600
683800
735800
728800
734000
734300
761600
1144000
675700
710700
714400
1105500
686800
683300
716200
705300
932100
761300
676800
755000
716600
723300
698400
795500
686200
740200
1217400
714700
680500
760400
780300
719300
674300
839100
844400
723200
689900
860200
735100
818200
1005200
743800
687500
710800
783100
714700
983700
1024500
718700
781600
757000
765000
1025300
804700
748700
774900
811500
690700
747600
694300
756200
1319700
709100
987600
691300
866500
825400
707300
735600
688000
720800
701300
697200
706000
1071200
730200
690700
812000
689400
729200
728400
739600
703600
804600
731000
742900
762900
739300
782600
815200
863800
731700
772500
730600
710700
705400
1002300
10802000
680800
699900
683900
825100
873400
742600
752500
700000
865200
692500
738200
857700
1394700
717600
765000
727200
696800
734400
832000
725400
828600
1173700
810800
958600
678500
742900
1503300
681000
740200
2270900
704000
740200
701400
757900
1045200
690000
894600
713500
740300
802500
700400
1022600
776500
750900
686000
687800
768800
805100
731000
692000
742600
784700
735000
696200
711300
1025400
740200
776300
763200
724500
807400
927800
742600
732500
783800
711500
717900
1130900
1095100
1037200
738600
754900
749600
705000
876300
713900
745600
689800
718200
715200
728000
773800
739600
753100
677600
678900
676000
681800
1004300
731700
685500
676600
705700
715600
675700
698200
727200
728600
725300
863100
733600
674800
801500
673400
673500
678500
866600
718700
799900
697900
674800
721700
775300
730300
1051800
893600
787800
682300
735200
705400
1481800
762100
718900
751400
778000
690500
837600
941900
710300
673000
692200
715500
1114900
674900
681100
714400
723700
721000
716600
679100
718000
903400
692500
705200
712500
779900
710900
726600
665700
687200
985700
722500
719600
801400
801100
682700
714900
713400
706000
674900
671500
1156900
777400
796700
1163800
772000
715900
891200
796700
814400
1070800
732300
694600
944400
687600
724400
767700
1128400
746000
739100
725400
737800
746300
1227900
1253000
710300
741600
746900
729400
892900
730800
699600
767300
765000
767700
768900
710000
783500
777400
1087000
711000
692500
737500
707700
715300
743700
755000
754200
752800
701900
815900
756600
707700
767500
768400
714200
769400
804300
702300
854700
742500
743500
730800
940300
764300
730600
771100
742000
717200
772300
750000
718900
708800
710400
693900
728700
783100
748400
727300
713800
708300
724400
794600
752600
742000
737100
756200
687600
755400
782600
766900
725000
692400
709100
878400
717000
777900
783400
1367000
947200
805200
1196900
741800
852800
692100
722300
702800
780000
767300
750800
770400
733700
736600
739500
741500
724200
1420000
738200
1051000
681300
713000
1339000
777800
798300
736400
741800
740500
752600
1053700
726700
777200
846300
801800
877500
748800
718700
1903400
680700
752100
1057400
1159000
871200
727300
901600
729400
697200
754300
805800
758100
770000
721300
942100
737700
802500
831600
929300
1451900
702000
739700
981400
773100
808000
763300
970800
775400
697300
823900
705100
737500
739400
713700
833800
680700
1062600
969300
875600
776200
723400
797400
740900
778900
866800
686000
733000
774400
888600
756100
699700
790800
909300
826900
1053400
735200
739000
724900
744200
753200
958500
747400
746500
704100
1138800
750000
739200
813900
703100
752800
711800
726400
773500
777000
769300
1113700
880200
1044700
840000
741200
699700
733400
751500
743900
773600
756000
689500
726500
704500
682600
711600
685900
731400
739500
1443200
940500
752200
727200
705800
709400
1137100
1092900
722000
716000
774100
786200
785400
714800
1250300
755100
731000
712500
681800
705800
826400
897300
954400
691600
726800
754900
701600
751000
1003300
2357900
1764500
726300
814500
727500
683400
785100
900400
734100
729400
726600
1038400
758300
797200
1351400
740900
756500
765100
967200
746100
1019900
689400
721700
959700
735500
886300
837200
694800
774300
814400
701600
696700
1252800
731000
691400
858100
886100
867800
720400
750600
707300
1035100
711100
757200
745900
787600
732700
741100
900400
691600
683300
688300
696500
730000
736300
1011100
715800
710900
704500
755000
688600
740900
902100
726100
895700
688000
729700
749900
819500
785400
695200
686600
956200
691100
707400
1187900
714700
744600
719000
768000
731200
680900
717500
1057300
689900
958100
693700
843700
726100
751600
703100
737000
907400
708500
834700
692400
782900
714500
747800
1133300
736600
753800
737100
671800
717100
670100
673600
699900
737500
731800
728600
734300
719900
720900
766200
1452900
681000
715100
815500
720700
674800
690900
830600
700700
676600
896600
726700
791100
702500
746800
784100
905200
826100
801000
893800
1081200
746700
1104400
738600
983600
778600
813600
825200
706800
776500
869000
733400
728300
763200
672800
764900
1105800
1441000
700000
764200
1079100
753800
745900
984700
752100
704800
828000
3074100
694300
729700
710800
705400
699400
721400
930600
733900
732700
817100
755100
702100
691700
693300
846000
756600
699300
733800
815400
826800
741700
927700
953200
753900
682200
701700
702200
830700
682600
839000
699100
798900
1047500
913000
795500
738300
805600
806400
741000
744200
730600
728800
671100
707100
745200
693500
1006100
811600
729000
736700
758400
780200
724500
698400
705600
697500
747200
745200
701700
714200
770400
762600
786900
934900
823500
810600
798600
799800
738000
731000
953700
720200
710900
674400
717800
672700
776000
736800
724900
1143000
754800
721700
749800
675700
722700
727700
679500
710900
727200
755500
1192600
691600
761400
715700
956600
749600
720200
689900
690100
871800
736000
763200
702300
718200
713300
830100
687900
807100
717800
781400
754600
761600
679700
734800
692700
699700
734400
736600
760500
689200
686200
713700
733800
695800
714000
698300
699900
703900
707900
759700
728200
680300
719600
793600
684100
689600
1079200
702900
671900
715600
687400
752300
672300
714200
673400
810700
734300
716900
735400
720700
718800
1394100
683400
697900
1039700
720600
678700
731900
800800
1069700
759500
684900
747900
1237100
708000
731900
700500
769500
700400
681700
728100
704500
741900
940000
1164100
708900
743100
1002200
733500
744400
941900
753200
688400
734900
722500
722000
1124000
721400
1056700
701400
868000
1623200
677800
859200
742900
734400
728400
824700
709100
872300
955700
788500
693500
695900
726300
792500
761700
737100
804700
672200
773000
730900
737500
671500
715000
750800
742900
844000
697700
729400
748200
718400
800500
739800
702800
744600
732800
770000
719700
944900
741500
738200
688100
712000
695200
682900
687800
938300
668800
949600
748900
882400
741100
729300
700800
1002000
929500
733900
862000
797400
727700
677400
677100
799700
727400
690600
693700
736500
727000
697400
712600
712500
676100
739000
714900
759100
754300
678600
711500
678800
750000
1130200
745100
945900
1108700
738900
679600
724100
737100
735000
760300
1221300
759300
744400
712600
954100
741800
747200
734600
758300
723200
679700
709200
709700
737800
745400
743500
722300
1210200
698100
759000
680500
752100
700400
914300
860800
685600
698700
689000
724900
787400
689800
684800
766500
719600
745600
892800
1256600
844800
720400
683100
673500
724100
683200
710200
728800
717400
683100
679300
710200
744600
698100
748800
746800
685500
857200
755300
724000
764800
736600
839700
715200
725200
768700
717600
706800
684800
777200
710700
688900
695800
1100600
967900
702900
882000
961000
715900
1438000
730600
720100
689800
778500
897200
823100
739500
795600
705500
740300
681600
715100
945200
718900
712700
699900
718300
712800
746100
732000
724700
707200
718800
867500
777400
732400
723200
711700
698500
929000
681500
680300
751800
680300
675500
704800
760900
677900
818500
803800
731600
669300
1343100
723100
929500
678100
727100
669700
824400
743900
1140400
722700
854000
682200
713800
679400
756500
714000
684600
1059900
1139500
728200
865300
681200
734700
743900
707200
750200
850000
666200
883200
672300
731800
1125800
784600
715800
827000
1013900
701600
764300
735400
684500
669200
791600
734500
944500
785400
718100
969400
670200
719400
667500
715800
859200
714800
731300
786400
792600
777400
815700
721200
671400
724600
716900
1068400
724100
687600
796300
835400
677300
738300
1014200
733200
714800
697200
718300
725600
777200
792400
738500
699500
712300
774100
901900
679900
909600
734400
750700
756700
974500
699200
816800
719000
725900
672900
741400
1110800
1037200
694100
709000
725400
862300
687800
699800
725400
738300
741000
937700
677500
680600
744400
680600
909300
764800
688400
742300
886600
708100
735200
703000
4203400
691300
735700
850400
786900
1189100
776600
749300
722900
765400
707800
741900
854500
677900
815000
754400
753600
1002500
674500
774800
854200
802000
678500
708300
665500
722200
715400
934200
688300
691600
680200
874900
778500
674800
902200
759300
703100
682000
849100
919500
723000
779600
720400
815000
729000
686600
737200
715000
676600
1034900
686200
741300
1223000
689200
725000
758700
1063800
676600
718200
913500
705700
714300
692100
679300
672900
2047400
716400
730600
695400
764200
678900
679700
685300
712500
722200
804900
797400
711800
762400
1005900
1229500
676700
712100
676100
708800
682100
704300
788400
908800
694900
695900
791100
763600
944100
779600
685900
684300
716600
735200
834300
720100
671300
688300
727000
719600
733700
690300
677300
686200
673700
737700
777700
716000
688400
764600
724700
772000
867300
1057100
757600
782900
790300
666300
741700
734800
761800
1179600
710100
750600
884600
731300
727800
803200
692500
937500
671800
712200
879200
799800
677700
1786400
816900
686200
743900
738600
684800
695100
685100
869900
850100
783300
708000
715500
691000
674200
780000
728800
728100
726400
1501600
970600
670700
714900
667300
902100
714200
808800
706200
687300
718500
688400
712300
949200
714800
764900
915500
693000
685200
694900
720400
743800
678900
679300
696300
733200
718100
717600
689000
729500
711300
753000
692600
677700
674800
713600
710300
663100
1139800
744300
717900
713300
891000
716000
710300
700100
700800
774100
747700
723500
680000
702400
670300
797300
774100
673600
678900
940300
783100
745800
714200
706000
667200
1978100
735900
703100
2481800
1987000
705200
741400
734700
814600
743000
727600
817700
670700
668200
700700
694000
731600
710100
816200
858300
701000
791200
833900
1123000
721000
712200
768300
2575200
4827700
726400
745200
818100
670200
704400
764300
687900
738000
686100
695100
717400
679800
705200
794900
698300
745900
740200
702500
730400
686100
671700
723100
959900
762800
694400
726700
710500
788000
665900
771900
740600
684400
993400
730100
683900
696000
676500
692800
667200
706100
907600
878600
761900
720800
673100
777200
729800
718200
726500
735200
698200
971900
726000
668800
813500
842700
737800
744600
746500
700600
694400
842700
713000
1254900
707600
717600
710400
736900
716100
1317600
964200
885800
744500
732600
678100
1017400
729500
723300
756000
702000
753800
702900
730500
722200
687400
732700
673500
778200
733300
743200
696500
739600
724100
727300
717800
896800
715900
747300
679600
712000
741900
712200
754400
750800
1003900
709800
694000
753900
733800
715900
800200
672100
717600
808400
793700
715200
712600
700500
768800
700700
734900
707200
1195300
716300
764100
800800
710900
726200
743600
742300
710800
1230900
729900
926200
720300
762700
768900
718400
801200
682900
672700
724200
1023000
776700
674700
781700
704800
757100
1255500
716000
718900
712000
752200
707200
732900
760200
734600
731200
728300
714500
983900
674500
711600
681400
737700
737300
703700
703800
746800
778000
750200
709900
826000
912900
1002500
1005900
713700
743200
744200
852300
875300
668000
805300
773800
734900
722200
788900
822900
782200
14687800
9543800
670700
680700
680300
706100
746300
719600
748400
740100
851200
788700
731700
689300
846600
1720800
695400
746200
1147600
683000
710500
686200
734000
700500
740500
767800
740300
772200
785700
734200
876300
748700
870700
741900
736800
945400
711600
698100
736900
737400
724100
969200
955500
728900
706100
750200
722200
878100
764000
939700
903100
720300
779400
714000
696900
743600
709700
712900
917800
684400
688600
683600
714700
726300
676400
1263000
722100
719900
747000
712300
713300
738100
682500
776000
949800
716500
710800
701600
767500
724200
726400
924800
810000
716100
686400
747700
692000
671600
679200
746700
697300
763700
812400
744000
933600
781800
711100
804200
884000
687800
713400
743100
764200
721500
685600
887800
734100
689300
681200
713400
825300
921500
704800
830000
790300
1051400
740000
728500
860100
791600
720600
809900
931300
1253800
961200
700100
729300
780700
752600
806200
791200
736700
728000
684900
680800
752900
736700
793200
693100
735100
722800
712800
765800
698900
759300
772300
711500
722100
753200
810200
757300
1034300
848600
739600
807000
738500
730600
690700
705700
693400
996200
1079100
874000
726300
722500
772000
700100
692000
728800
890800
718600
730800
723500
742900
734400
689600
761300
781000
734100
732500
868900
885900
726500
749300
709400
768500
728100
739300
738800
743000
729000
752400
726900
990800
721900
731400
682400
804600
719100
741500
841200
782300
670000
817300
706300
675200
751600
774500
731600
689300
714800
754800
671600
817800
714900
803900
791000
799200
680000
741500
716300
725500
691200
698200
1118300
733300
691300
749200
723800
712300
719800
702600
728400
775500
744700
716300
749500
736700
684200
709400
726300
721200
721800
734800
687700
743600
813700
845400
716000
701700
754200
714400
687600
703900
768300
701700
721700
820900
734800
850700
734900
721900
708100
702800
728700
953300
745500
713000
745900
725300
687400
734800
730100
731700
794300
682500
740600
783900
994300
696100
690700
802400
792600
727500
744700
780000
1153100
955000
714600
817200
688200
717000
746500
716900
732700
717700
688000
687400
730400
704200
737700
880200
975400
684000
716900
721200
779500
749900
694400
711200
731400
709900
967200
682800
702100
1047500
911900
739700
735700
857000
917800
719100
721400
793600
711700
707700
712300
779200
673500
864600
690100
762100
733600
677900
706800
1031400
753200
1111300
719900
709000
802700
682500
667300
738200
743600
784000
702100
716100
1684700
660600
879700
818900
680200
713200
1002600
688300
852600
700700
824900
717500
1009700
2189200
725300
722500
742300
687900
733700
3198600
684800
709100
1030800
1155300
748700
725400
856900
727600
754000
802900
750600
784500
744800
762700
739700
808200
699900
1414600
710900
674300
908300
676600
707400
763900
729200
692900
679000
788600
710500
874600
1172100
699600
780400
774800
908000
689600
711500
723300
685000
697700
730200
746800
725800
762300
1220000
820100
702000
691500
795100
817000
804400
729700
906300
780800
738900
699000
871700
930100
865700
780900
896000
765100
779400
810100
838300
762800
683200
690300
733900
716900
719000
711300
906600
773500
1238200
852800
761400
791600
700200
696000
787700
811400
723800
886800
837100
865200
990800
717400
672100
844400
704100
938300
731500
687900
937900
752500
761400
764100
678700
882400
731100
891700
710800
681400
982300
697900
693300
681000
712500
714500
699500
716600
699500
800900
750100
765700
744800
841200
798300
926400
1036700
1049600
839800
781800
810900
865500
848800
711500
825300
1009200
690100
740800
720800
682100
1298900
936100
863900
1055400
849400
972400
711900
718400
724400
780100
685600
768200
744700
724900
683400
779400
738300
686200
719200
701500
773300
696100
736500
760000
705600
708800
704700
685000
678800
771700
697400
674000
771700
782600
741200
779800
897300
743300
772600
745400
721700
709600
745500
822100
690700
744300
739300
701100
705500
757000
722100
913800
1174100
694400
699500
768700
695500
755400
729300
754300
688300
742100
700600
698000
929900
694300
738700
707900
790100
739200
774700
1070600
739100
871400
725100
1013300
697100
759600
731300
668000
668600
706500
678500
1068200
696600
682400
717500
712900
724900
793200
805200
871000
708200
708600
703500
712900
664700
725000
996400
736500
673900
674500
716800
741800
802900
722700
683000
784400
733900
733100
702500
718700
797100
673400
886900
726900
713100
740200
729000
714200
699500
737600
787100
716900
684000
738900
669300
726700
675600
698800
704600
717100
724500
859800
716700
823300
790600
948700
820300
667900
681600
1053900
681500
745400
713700
888800
712300
708700
740800
791100
782600
812400
870600
683400
894900
822800
785200
745700
729600
701800
727800
824000
754500
779700
665500
733100
779800
663500
726800
717700
695400
692000
701300
741600
698200
741800
829500
869500
670700
713100
694200
723700
735900
818600
707900
744300
742200
699200
879200
733100
695500
855300
731700
692700
751000
756800
727300
732400
1040300
773600
732900
785200
897600
676600
687200
682900
714100
773800
716300
765400
1317000
784000
841000
731500
691900
743900
694600
734700
704300
861400
683700
1072100
755100
723700
675000
732800
711900
752400
682100
865400
719200
820400
715800
752500
720800
775500
756200
716500
718000
670700
786100
719500
691200
731200
758600
756700
1248000
931200
689400
719900
758600
2039600
885500
783100
747200
697500
743400
719400
735400
750200
677000
790500
692200
835800
700000
719500
969900
741300
861600
773000
679100
956200
690900
757100
790600
775500
735100
740900
890100
834200
745100
777700
770500
711200
719800
692800
733500
1599200
960900
764400
715600
705600
737300
695600
904400
720300
740500
791100
726000
696800
786500
722000
696900
721000
726300
878900
828500
736600
710800
735200
695800
694700
1199100
1068900
863700
725800
678500
865600
855800
933100
892800
769900
826100
679500
733600
739700
681800
718700
713100
794600
742800
734000
899200
687400
724500
746900
756800
1038200
726400
679000
684500
729300
796300
733200
737900
734400
752300
723300
750300
741400
713200
997200
1161900
770900
691800
754500
819000
823800
735600
1370400
703200
699600
698600
757300
685500
736300
692600
707200
735900
747600
945800
748500
711800
734600
891500
775500
1024900
781600
747000
902000
751700
914500
2122600
728700
780900
677000
755600
719700
1001700
835900
730300
711700
972300
729600
793900
760800
694300
882500
740900
966400
1237000
758000
758000
724800
803500
770200
796600
702100
918000
733000
752600
735600
873200
814500
834000
768600
1228200
809000
698300
899400
951800
814000
926800
811600
737900
917000
774600
678500
940900
819600
830900
884900
731400
782800
867600
742700
694600
846000
726400
727900
769000
762900
768300
715200
773000
681200
729600
807800
740300
782300
730700
1123800
744600
1091600
793200
772100
779300
742500
825700
738900
770400
746500
791100
789700
786600
817800
823000
797500
1150000
857800
1164900
772800
957100
778500
777300
1033100
821900
715500
798900
796200
740400
786700
793200
1059800
710300
705600
733100
768500
816600
726700
688500
761900
787000
761700
742200
978300
720300
744600
742400
925700
788000
776800
787500
702500
736800
723200
847900
786100
733000
689700
709700
723800
677200
756500
704400
727800
696000
1032000
769000
758300
775200
898100
884800
764400
769400
740100
744300
711500
689400
747700
999300
697000
721900
757000
680500
3652400
781000
714500
824900
2156200
922800
800800
822200
771900
831900
749600
837700
726100
1348200
715800
841800
716600
806500
744700
813700
1018600
714800
671700
688300
707000
724800
772200
1059100
753200
699600
703800
741800
748600
1074300
909800
750400
720200
734800
891900
740200
694300
750500
692200
836400
735000
717200
691200
796800
786600
802300
711300
734400
1042500
711300
975000
729100
738700
748200
889500
755800
818500
753400
693400
765600
883300
745800
1290100
978600
745000
697700
701100
723700
744000
864800
693300
794400
720800
898400
911300
740200
776300
695500
767300
749000
723300
723800
805300
775800
784400
739000
700400
1042200
752900
763900
807200
764400
738700
706600
818700
738600
948500
735100
826100
740300
747400
743100
733900
689700
809900
919900
790900
804500
740200
746700
696500
721600
742200
835200
782600
782500
937200
730300
725400
775800
687800
710000
753900
707600
752400
710700
718700
714300
743500
991000
735000
1038500
777900
787000
720800
697800
752300
802400
693800
731900
822400
718400
763000
723200
799200
772900
953500
967900
700900
830200
734300
708000
1225200
757600
692800
1386900
1468800
697400
694200
801600
967000
925500
781400
687500
781600
809800
796500
805200
727800
687500
708300
828500
725700
702400
749600
787500
758700
723100
714300
669900
726300
829500
675400
984100
683500
760200
825800
731100
737500
715200
744400
747800
890500
815400
720500
903300
682100
786800
1006800
788800
700900
945500
716000
1611300
693100
706400
678300
832000
713100
877800
786700
693200
677400
1090300
759400
708800
697100
715500
685000
698000
736000
948600
758100
724000
918500
740300
898700
751200
738300
686700
728100
752400
700200
720000
812400
1033700
720100
681300
960100
766000
744000
840300
1060700
1048600
932400
762100
748800
834200
785200
740400
782000
763300
694000
721100
736300
812800
781000
784100
1082400
3279400
735600
781000
953800
704600
826600
954100
809700
747100
811800
747300
829800
1022600
748000
730400
853100
948600
716700
732500
682200
880200
750100
801100
745000
797200
731300
700000
703900
813200
683000
757700
818400
718700
797000
714700
911900
781700
877300
801400
747800
898000
822500
852500
896200
739100
789200
813100
811300
690800
761600
750200
759800
670400
762900
699700
691700
921300
754300
750200
1168200
726800
700100
831100
744200
710300
724100
868900
698800
744900
692800
677000
714800
771900
826200
776800
758400
1154100
811700
840300
780900
850300
761700
720100
995200
753900
763400
740200
818100
717500
975500
741200
757500
711200
713000
880500
751600
805900
1034400
756700
822200
861500
727500
762400
716600
691400
731600
797800
750000
741000
1006700
698100
747800
737700
741200
724900
910800
1089900
783700
773600
827100
814000
844400
953600
726900
804400
784200
695700
900200
755200
726000
1074000
738100
726500
682900
693200
741300
879200
790800
766100
699200
720500
830000
706900
774600
788700
781700
765600
872300
747800
700200
751600
746200
729900
809800
705200
750200
731700
1136100
665600
707600
715100
715200
780300
932000
1842700
1820600
712500
754500
696900
798700
939400
720500
749200
742200
833000
730800
762900
687700
754800
1010500
726500
769400
771500
877800
738400
761200
734200
724600
743700
724200
733300
723100
698100
809000
960600
904900
748100
691600
757100
804700
733600
742200
708700
1177100
841300
989600
726400
688000
783700
736400
908400
800300
733200
706400
724300
942400
1372800
715100
700900
735400
740200
737600
738800
688100
757100
750900
743200
769700
692100
754000
701000
698900
736800
722000
726200
706900
995200
764800
773400
810800
677700
721000
881000
689500
743700
688700
875100
762900
800400
1082400
675100
680200
759200
1255700
931300
898800
3603400
729700
799400
766200
750900
2343000
3451000
7693500
4637900
11033700
5532400
8403400
5687500
893700
788700
774700
737100
787300
1139000
769600
777000
746300
917500
673600
770500
749900
680400
757600
722800
846300
685300
772800
746500
708500
702500
727000
765200
713500
870700
720100
723300
819900
762700
813500
786800
719600
738300
916000
796500
730300
741500
938300
905400
778300
752600
834000
702400
1252400
1075700
776900
885200
752200
780100
721300
751800
766900
712900
1124300
736900
716500
760100
767500
702300
714100
723800
777700
739700
679400
867100
724500
995900
741400
770300
703800
825000
732300
742700
862400
697400
719700
730400
746300
854800
772200
779400
730500
1324700
1048800
1955000
752100
874900
1094500
754700
1046700
776400
718100
902400
774600
833200
1035500
826100
694200
693600
1086800
1039800
732800
758300
804900
822200
738900
754100
675700
689600
736400
1085700
703000
681900
678300
672900
674700
757600
704100
854500
796800
739100
836600
736800
748300
772300
902700
758100
883600
909900
829300
703000
838900
680800
698100
984000
1351700
715800
750300
755500
789100
796000
727200
749600
825700
696100
805400
735500
743900
694900
1057900
702800
753700
707800
736800
845500
693600
777900
748400
728000
739200
728100
923700
722800
675000
694700
871600
810000
797300
810300
673100
706300
789500
1324100
1227200
741400
960000
715600
859100
690600
727300
691500
693900
728000
701500
721300
738900
704500
744900
741900
720800
742000
898200
1052900
790600
745600
768300
963600
700200
703100
908200
719000
725200
793400
698000
740600
828800
773000
726700
722300
738100
740900
728500
726900
1080000
714100
943800
981500
687100
755900
702700
986100
735600
702800
789600
1006700
933900
796100
738400
834800
746200
1383200
1197200
688300
948200
2161600
707200
1007000
687900
1014400
768000
737900
844800
781000
708500
944900
937100
741500
757100
679700
741900
724000
694400
776500
889600
766200
722900
686500
729200
1017600
744600
720500
729200
726700
777000
793100
733600
726800
713400
704500
804000
812700
936200
1039000
881100
751900
1014000
825900
866000
766600
931700
770400
885600
688200
973900
809400
716100
749200
824500
706700
964000
750400
692200
912300
735200
760900
714500
679000
673400
799500
1024200
723400
674100
759000
718100
736900
721400
907600
1131700
738700
817400
800300
835000
725200
723500
699800
816400
698000
780100
718200
721100
720900
682100
733300
945000
677400
977100
1012700
713300
1012500
771700
710000
796000
918000
734700
839000
832200
811100
801100
793800
861500
878500
770800
902400
694200
780900
859500
754500
802900
813200
686800
809500
788300
716300
865200
764700
977000
721400
850600
934800
772200
760100
693200
896400
837600
776300
761700
739100
707100
730000
989500
839100
1003500
843300
780100
1026900
821700
935700
746200
842500
769500
731800
1055400
1114500
794600
1001200
933300
917800
1014100
867600
783800
863300
787800
755800
925400
963700
785500
765300
811900
744100
846900
720300
702800
1298600
888800
788100
780100
750700
678700
1176800
755800
723700
673400
769100
683100
767600
725500
719400
744900
866200
813900
740300
795000
1550300
723700
2334500
916800
779400
698800
779200
1089300
795800
911900
838500
696700
725700
722200
703800
819500
757800
961200
801000
819400
786600
776800
747200
704900
808900
811000
694400
740200
693900
1048900
682900
671600
916000
714900
731100
741000
725600
710000
770400
844400
741100
724900
1124300
892800
1009700
881600
886600
701000
714400
813000
758300
839100
722700
672900
708300
718800
686000
793300
682700
765300
1242500
715200
743800
711100
721800
698100
777300
691200
716900
693300
830700
802300
762000
729000
760200
677400
863700
736600
1145400
747800
758800
700500
775600
723600
758200
852800
741400
691600
693000
686200
819100
813200
729300
806000
688500
711100
712600
748100
733600
747600
1052200
729900
712400
833500
752900
998200
727700
912000
808000
733400
810400
853600
829900
792200
801100
856300
751900
761500
744100
722300
755500
806400
1208100
1049000
764700
726500
826500
715300
932500
748500
730800
902200
829500
764500
802100
827300
681100
725900
673600
767300
742500
719400
1226200
761700
724400
743500
1023400
744600
786500
729100
959100
751300
733600
3152700
3236100
2808800
4036500
710300
874100
728100
680900
706400
735400
760700
828900
840100
738700
907900
672200
727600
712700
666400
734200
686400
1001500
717900
680600
681800
761700
786400
904600
710500
746800
791800
757700
722500
783700
729300
714200
763600
716000
1028400
700600
937600
697600
917900
725900
770200
1126500
701900
698800
746600
1288500
696700
761400
674700
688200
785100
706500
751500
743100
1316000
749800
695200
789300
734500
764800
1104200
808800
698800
691800
667900
809000
751700
723500
744400
730000
719500
806600
861800
781600
892500
884000
797200
1496000
748500
721500
692100
724400
730800
726400
733900
704300
741200
729300
803700
803300
984600
885600
738500
699300
738100
952600
981400
800300
749300
746200
2888000
745800
925500
767800
794500
705400
702900
1364800
807300
745800
921400
728600
880600
757500
693700
804000
803400
735200
685300
677700
691800
833400
722200
705000
726400
734900
784800
730300
696400
675100
756600
787900
742600
742300
876200
835500
744500
743800
732800
738000
820100
733800
710700
703400
714000
835800
904100
880200
836300
842100
738100
871500
739000
806400
793800
860200
950200
972000
735300
709600
672000
792500
690400
861800
817000
814600
786200
819400
757300
752900
743700
718000
779800
738400
778500
705400
730900
786200
722700
734000
1474300
1274900
728000
697000
691600
776600
828300
754200
852500
715700
745700
759100
749300
706400
762600
943600
846600
720900
757700
786900
851700
731000
736300
716800
746900
784700
857600
790200
686100
862800
1000500
891800
861800
702800
679900
901500
874200
700500
746800
759200
817800
885900
752800
1302000
837900
819300
863900
812300
876000
745000
821800
736800
762700
847800
811100
885000
799000
856300
823200
984400
778500
733300
838700
697500
843800
712000
710100
854400
691700
744900
701300
698800
747100
810800
776800
772400
726500
775600
734800
781100
930500
833000
767400
712100
718800
796700
1199600
805800
818200
796800
754000
730000
750400
751400
755800
895200
729600
708800
913700
776200
742500
828900
1177300
854200
729100
684300
774700
831200
740900
775700
876100
919300
867700
723800
844400
781500
725000
748200
887500
706500
689800
745900
814800
725500
723300
749600
934700
736600
794900
826300
743400
852700
739200
878500
954200
952900
733100
792300
804800
977600
943700
928500
745900
816600
708200
848600
677900
865600
729100
921000
777600
717000
761500
810500
837500
758300
783100
795700
809000
973900
722000
776000
763600
937700
698900
807700
1049300
918900
6528700
816800
736800
884300
730400
889000
956900
703000
855600
726100
994900
857100
733400
734300
883300
716500
792000
880500
904600
949100
819200
709000
750400
888200
693200
688600
992100
709000
1009700
1196700
1137200
1036300
852800
689100
787200
711200
701000
748500
709200
901400
832000
1070900
700300
759100
696400
699000
735100
715100
760700
738400
741600
735900
725100
742100
691100
1063900
780600
675200
719100
1121400
715200
861500
733500
826200
693900
681400
715800
793500
716100
773400
842200
824400
785200
837700
719600
751400
810900
803100
723900
750900
727500
745400
736500
685600
1053500
690900
808200
708200
817200
715000
723900
1254700
847200
674500
2193100
717200
795300
774800
739200
690100
813400
705900
696600
730600
738100
688400
694000
772000
768300
694600
784300
789000
790400
867700
727500
722700
716900
714800
680700
807100
721500
834500
799700
729400
1029100
795700
699500
716300
755700
931600
713600
709100
710500
690600
765100
1776100
717500
673000
1023500
712500
697800
672500
916700
874900
773700
728000
775100
680000
957800
794100
756200
754100
710900
728900
930200
721300
700700
701700
805500
756500
1078600
869400
700200
730300
700500
704100
688700
806000
732900
719300
683800
679000
680200
770300
807500
973700
790400
827200
673000
712100
811900
759900
996300
936200
736400
907600
732500
741300
1035200
831900
730400
688800
766500
738300
735100
733400
749700
1033900
948500
693500
773400
764800
794600
940700
761100
701600
698600
797900
716400
745300
695600
723100
961600
810000
717900
762800
680500
724000
743100
674000
754700
716700
739500
841400
698900
1227900
845800
686700
738000
745700
893400
742300
764600
885600
680600
667300
718800
742100
750900
799900
823500
853600
864900
1133100
775800
788200
750200
746000
1061800
1096000
795800
739600
733400
780300
718600
721500
777200
765700
763500
718900
674400
720400
731500
880700
824000
801900
796300
833200
854000
859100
750500
900000
725600
765800
742500
795500
823200
726700
717100
892500
777300
742200
740400
763700
770800
711300
690600
1142500
741600
749500
994600
854500
787000
722200
695800
777700
791700
993000
781800
734700
732900
782200
818600
704100
825300
690500
888000
731000
753000
790400
850800
832700
702200
758900
1253700
815300
822300
774600
755700
731500
1136700
709300
781200
764300
772900
753500
1919700
787300
763800
1145400
791500
746600
680500
751900
775900
713500
725300
821500
987800
803300
687700
714700
721400
705200
745300
749200
687500
730400
720800
710400
714100
677100
731200
760600
731300
765100
873800
876200
777400
745000
929600
872200
789800
706700
791300
732800
689100
950700
744300
766400
760200
719900
783600
756700
748500
734600
1057000
748200
744600
790200
777900
795500
1256300
740100
770400
711600
916400
740200
1440700
1084300
1281900
716400
740200
726000
992000
688300
788100
759200
730500
794000
737300
747300
732400
838400
735700
695900
706800
1151500
700800
744700
861900
751700
749100
701700
721700
1002900
1821300
767700
737100
765400
952200
776700
827200
749600
786800
1045300
794800
934500
721500
686000
1000600
689300
1014100
705500
991200
692300
741600
770200
817800
733800
908800
739300
740200
838900
941400
711300
701900
711800
683600
695800
680300
991900
721100
784500
793400
812100
772800
766900
1082000
835200
841600
898000
1206400
1071700
756100
757100
724800
836300
762100
741900
753700
745800
724700
808000
927600
929700
761100
882700
738300
729700
769300
686600
684300
916900
792900
750600
762100
777300
743000
805300
757500
1235100
1295000
716600
770900
766000
684500
742900
735200
703900
1062600
884300
781300
726400
736500
791700
718900
717300
675000
941300
743500
775800
717100
746200
960400
688000
726300
947600
791800
797500
859400
798400
738000
997500
819700
987600
726500
805900
695300
1030200
685500
678200
923100
718900
818800
691700
742100
719800
742900
1010600
717300
1018100
740200
724800
953700
877700
732900
1026000
707500
1080400
1410300
935700
862700
723200
973900
761000
927600
732100
751300
731100
923300
871300
764500
723000
721500
934900
763500
694700
790900
703700
872600
735300
715900
702600
794100
747800
715700
759100
770400
875200
770700
760600
895100
689400
754500
1015400
820000
792900
694400
720900
1022200
694400
731600
851200
677200
960700
786700
783000
729400
845600
868600
878300
746500
778900
1011500
1093500
776000
961900
692900
732000
950000
791900
778300
788800
758500
798700
771700
789100
753100
724200
852700
736300
761100
764200
754100
823700
1054400
874800
1100400
797700
680400
921800
803500
695900
758000
774600
771500
778900
791500
734200
801900
773800
752700
733400
1096000
1009300
879300
783300
889700
797800
742800
777900
759700
812900
674600
947100
703200
769300
845000
769700
764600
854900
867100
828800
772000
790100
779600
778300
764900
718800
791800
797400
846600
689100
883700
1074800
738700
757500
785700
885300
712800
857500
782000
725000
725800
705500
967600
875900
742400
787700
736700
816500
756000
771400
768800
725500
1012400
745100
699200
844300
1305700
680900
742200
699000
680600
793400
818400
784900
782100
694100
729400
737700
707600
741300
815100
741200
1180800
794800
937000
1024600
970300
730700
680600
892900
984300
736200
868300
773100
834300
728900
765900
1128500
735700
789600
748500
799600
727700
720400
761300
783100
726000
733000
744700
769800
706700
813500
749200
796400
758300
742700
809300
1103600
707200
772600
889100
741500
819400
699700
675900
937300
734800
817000
784200
827100
743600
737300
775100
707900
779500
682300
757700
1141400
866800
822100
800800
744800
793000
827000
748700
745400
822500
737300
744800
1054300
699600
722000
721300
1039500
973400
967400
897000
1034300
682600
808600
720400
741000
798200
784300
852600
850500
768200
1260100
813000
746300
717000
802600
742000
688100
701500
701700
729800
700900
682800
715000
891200
771400
842600
771000
759600
700900
742600
794000
1295400
778600
752500
750200
736400
755000
778300
1000800
1328200
1345600
869500
1039900
1029200
1628800
781800
764700
923000
864700
739500
728200
876000
687300
691000
739200
839100
851000
751900
768900
744300
719400
768600
827500
685200
745800
873200
734400
727500
738100
741600
845300
732600
766100
819000
765100
872200
719900
710200
746700
754700
1058200
1235300
998000
824900
814800
835300
731900
728900
753400
744000
761700
759200
830200
726500
976400
704300
764700
768000
772200
729200
1040100
775800
702100
716700
813300
672600
697700
780600
1091100
694300
728200
742700
749000
1051500
1129600
880200
737000
1041800
863300
717000
848500
808400
868100
721100
738300
777700
729100
686400
737300
714000
753500
737300
747400
702300
767900
847600
810200
749700
780700
892100
891700
781800
844800
728200
1221000
769300
729900
780100
735300
716100
718200
679100
811100
881900
761500
782800
777900
737000
747700
835100
1014700
799800
787100
929500
777600
824400
815000
702900
1126800
831900
722900
729600
823300
739300
1071400
741200
727600
767900
726200
729400
851700
752200
679500
693300
744800
845000
787800
694500
694700
718900
733200
700600
681000
1193900
738700
779800
727600
718600
732500
888300
722500
777300
701900
746800
804000
747100
802000
881700
900300
756300
704600
1226300
847800
932900
927900
1026500
776600
709800
720400
739000
800900
781100
738200
723100
730300
680500
983700
854400
754500
707800
829200
752800
741100
803500
702300
892000
857800
811600
757700
725500
759400
783400
776500
895400
710400
840800
702500
931400
799700
875200
737000
749000
801200
778400
1020700
1055900
740000
721000
810300
752800
690700
729200
779700
1032600
787100
680800
736300
761200
733100
804500
746200
899100
821400
728100
724900
862100
860900
895900
748000
864100
759500
766400
719600
793900
1446800
816000
711600
775900
832900
702900
808800
929600
768600
874300
711800
751700
717500
786100
1740700
1016600
1336000
1208900
752600
680000
740800
681800
961900
2699500
1173400
773000
681500
769600
826400
822200
749800
827600
774500
823000
744200
733200
734900
768900
824600
854600
751800
785200
692900
754400
908700
774400
849700
726500
683800
778300
735600
762800
684900
846200
682200
1026500
893500
770000
677900
804800
733900
863600
1148800
769600
835300
963700
710800
804500
904000
1102900
946600
805600
701400
756100
814300
1059100
784100
1044100
999600
1975600
785900
978400
993500
751400
993900
774700
842300
753200
1018400
685200
812800
735300
935400
773400
695700
785900
767900
801000
682200
806300
898000
901400
1195800
884900
742100
834500
719000
724800
778500
994200
847400
829200
803100
731800
895800
761800
809500
954300
862500
760900
858100
758400
734200
806600
708800
931400
764800
788800
765600
774600
746800
704200
729200
728000
888300
776400
752000
702500
718700
763700
959400
733800
782200
687600
855500
728800
706600
730900
808200
772000
868600
700800
748500
829100
1005500
731500
794100
815700
875200
865500
906900
911800
733000
977600
709000
688900
1099200
781900
689100
690200
838900
1222600
1249800
785800
720600
766500
739300
754700
751900
790500
967300
721700
695800
749000
745300
798900
719100
821500
726400
934500
976100
823700
739800
704200
700400
877400
685000
724400
878200
751900
665700
730100
731700
800400
746700
682400
1377200
745300
873900
725200
741600
720700
770800
832100
857500
726700
752500
881800
738400
768700
715500
772600
717900
742500
731500
769300
736900
857200
711600
720300
716000
693700
773600
797300
1843800
715500
676200
684300
704000
722600
690900
769900
1302300
803800
775900
886000
745000
750400
865100
875100
736400
809400
683700
1056000
723000
737100
733400
697800
700600
791200
792800
781500
827800
728200
934500
838300
694800
902000
703100
798100
725100
718700
764600
960000
772000
991700
803700
804600
782300
743300
780600
865100
794300
747500
841700
836200
832700
721900
1185700
1214200
710900
736300
705900
683600
763800
730000
727100
736500
712300
776900
799600
810600
790000
759300
754500
761600
999100
742500
890200
1657300
854200
747300
819800
748700
1206000
776600
760800
702500
735200
872900
781500
859800
798300
772000
835700
731800
879700
770300
772300
770200
742900
767000
733400
824500
791500
1064300
761300
849800
733800
723900
746600
820600
837300
2340000
3031700
951400
721400
783700
785400
841400
812900
807300
690800
827300
752100
708800
815100
766600
784200
951100
709700
934200
1272800
853400
1112700
744500
1081400
714800
842300
732500
1092700
887500
765000
720500
793100
754600
728500
738000
814100
710500
683600
789500
798800
736800
688500
1054900
735000
750500
754600
792900
755600
784900
737500
752500
1033000
753600
769300
735000
955500
712900
971200
833500
759600
870300
796900
755100
764700
1241700
727800
784200
790700
727000
812800
882600
753200
795100
957600
725400
736800
754400
1074700
745800
704500
1103000
737100
677600
737400
1087300
762500
751100
698000
865800
838800
832800
740800
791100
819000
798900
890400
718000
969800
820200
999200
689800
780500
1353000
754200
778100
722900
813000
756400
754600
934700
752200
1177800
1427800
1359600
817200
725500
1266400
1799000
1199700
1223900
1473000
721400
788200
718700
721500
885600
705100
811800
929600
720400
784400
777900
860300
819100
980800
777700
778200
762600
949000
861200
972500
790600
681000
1076500
1221700
752300
692600
737300
720900
734000
737700
1139000
792800
787700
724700
787600
888800
694900
922600
850500
829900
942600
790300
951300
812000
741100
753800
886000
802100
803500
774100
710800
890400
756900
747200
778800
743000
773200
891200
735400
768700
811000
858500
982700
772900
732000
778900
947500
1284200
691300
675400
761600
812400
782300
810600
735300
756800
841000
708100
710800
722400
768600
837900
801000
932900
989800
726000
699900
747400
722000
682100
753500
753300
795700
780000
708300
747400
736500
701800
871200
1020900
898200
866700
699700
728100
771200
852800
740700
867400
890000
749800
791900
699900
694100
780200
852300
917800
1291700
788200
685400
767800
954200
759000
852000
726000
843800
735900
732700
888700
706100
737600
858800
687900
854800
729700
796000
807000
743800
715000
756600
734800
965700
787600
967400
713900
781200
706400
723100
730800
740900
896200
732100
779200
813900
767400
767300
944100
723100
748900
932300
721100
1042200
799200
748900
780900
809500
747600
778400
743500
809700
755100
2692900
736900
713200
924000
1012600
679600
877200
740500
720500
871800
848100
686000
737000
801800
728200
774000
834300
769100
793800
778200
723800
794900
736000
724200
735200
738000
835400
794300
933300
1279200
856600
737000
713100
728100
1036800
1237400
823500
736300
772700
721300
870900
764700
778900
765700
969300
798400
741900
747400
843600
761900
857600
767800
804100
745700
962600
696100
806600
976500
743800
914400
983300
687700
1055800
898900
986100
728900
732200
716300
784100
783200
772700
732400
708600
847000
693600
935300
716600
710900
1083300
823300
833200
724400
707300
712300
681300
732400
675600
897700
828300
728800
957200
839400
837700
757200
955000
737400
749700
783800
790800
676300
727500
1103300
735600
677500
934500
759800
764400
762400
770200
738200
707400
997400
782000
832900
799700
730200
738300
832500
701300
972900
1013200
882800
811700
797200
895500
1011700
778000
726800
988700
1327500
911300
771300
739100
747500
787200
720800
1146400
761000
789000
911400
738000
800300
754500
730700
952000
1029400
1406700
772300
802100
798600
796700
806900
832600
769000
780800
793300
740900
804900
756800
1084400
716800
844700
886900
784300
794500
1107200
765700
1267300
1121800
1093900
759200
833100
777000
731000
730200
941700
991500
808800
745200
796400
824200
779800
860300
790800
822700
814400
712300
943900
1182700
1328100
1980700
3673700
3708400
919900
712900
840300
760200
731200
846700
1124700
786200
782400
766300
1022200
931400
967900
745600
898200
1122500
978800
771300
715700
694000
744800
721100
844500
914400
761000
892800
798800
787300
679600
735300
740500
994600
774300
791000
692800
888200
1148100
758100
733200
780500
787800
723300
715800
752600
1018200
790900
821100
759300
746500
698200
724500
724400
780500
985100
677500
816000
697600
886300
807100
779300
751500
784200
1212100
722100
682200
803300
907400
791400
959900
740700
761400
710200
722100
722400
763900
766000
1084400
989000
713300
721100
775100
807000
686300
713800
1542900
669900
956600
708500
711200
907600
748300
741200
691000
706900
878300
760400
775700
1111500
813700
778700
708900
1131100
750700
805600
723800
860200
709500
733200
738500
731200
723300
749200
825000
748100
734200
774100
718600
730100
671400
866800
992500
737300
800600
929700
717800
996600
4110500
3843400
1512600
926400
726700
796900
671700
709100
722000
884700
1043300
736400
787500
740200
755500
721800
683500
721400
875800
779100
731300
735300
1098700
749800
688800
892500
794100
919000
724900
895600
853400
749700
743000
746300
730200
743300
748000
890500
833100
787800
772900
713200
775500
968500
735900
858100
779900
1025700
772100
884800
703600
714800
934000
832300
829900
735900
857300
853000
769800
858900
1303800
719500
812800
787900
779100
753500
754100
714600
695700
1042800
766600
734600
931200
784700
682800
734500
682200
833400
740100
853700
758600
695100
721900
766100
779300
785900
819700
990800
875500
903000
736500
762800
725100
690400
785200
698800
905600
726200
1043200
692500
722400
671200
824300
846000
779700
762900
882900
738800
732000
793500
806600
690300
881000
737000
761400
1028500
762300
740600
929600
964200
738600
773600
912000
729400
781600
822500
1353500
786100
790000
687100
790000
1004100
1134400
2610100
812100
1028300
729500
717600
798200
745800
824400
933500
990000
1383400
813100
772400
822100
1330900
718200
755100
778100
812400
780400
857600
828200
765000
881400
746300
947300
792800
768800
727200
683300
684600
892700
717800
968500
720500
781500
769200
765300
739500
747100
946700
882900
751600
691900
780600
772800
817800
754500
719200
917500
700400
991400
762200
761000
1035800
774400
968600
749800
777800
720500
840900
1154800
1163300
933600
735900
779500
794300
795500
939200
893700
1185700
1039100
737800
989100
817700
753600
726300
771300
974900
677700
1037200
718000
796200
739900
814800
863500
996500
759000
729000
720800
739900
784400
785100
763000
892100
861300
801300
687000
837100
681700
732400
726200
690200
846200
760400
827000
749900
708600
772900
802600
869000
831800
732900
798200
878600
812900
692000
813700
1010800
824200
766200
840300
1351300
888600
689200
810600
742300
789400
906800
720300
735300
924800
893400
720400
760400
675600
772400
755500
735200
856800
718100
730900
736500
738200
749800
751800
1825500
726900
922500
1018600
686700
740200
743400
899400
914200
725900
954800
682800
721000
800500
953600
1236800
776600
715400
714800
721400
734100
686900
748500
726000
835200
711200
965200
914200
722100
708800
737200
1118300
1017700
835900
828400
886500
904500
783300
789500
1088200
1021600
982600
769800
891600
768200
721900
700900
788900
817700
746900
725800
717900
723900
1039500
682500
698700
699000
766000
887300
865100
947300
714900
988200
757100
776800
847900
910000
703300
795600
741600
724400
711600
795700
719000
809700
902100
803500
880800
957100
684900
741500
742600
680800
830600
718800
775000
1011900
927400
728200
841500
713500
815600
679600
749900
692700
757800
749600
936900
839500
834500
903100
751300
1081500
703000
833000
760400
715800
1157900
765400
732400
789800
876400
971700
1033500
835700
785900
727700
1012100
723200
774500
843500
721900
737800
727200
744300
752900
781000
1018300
756900
734700
1186800
686800
856300
717700
778100
736600
767500
748300
852200
769000
852000
747600
809900
912600
911700
1023500
982400
820100
768700
787400
866900
813700
739000
693800
734800
920100
780800
737800
768000
904400
763100
1862500
734300
767000
768000
808600
886800
794700
906100
743000
794000
773300
835600
698000
775000
786800
704400
908100
796500
909400
837200
735300
960800
947700
731000
838100
938400
823100
4036500
25891400
787700
782000
776200
910500
731000
890700
1045800
928500
748100
843700
676100
1229600
1119100
748100
712100
753400
732300
1464400
1294600
718900
918800
737200
759700
687500
747700
693400
683900
758000
787300
684100
781000
725300
867100
921800
734300
762100
871500
731800
829000
716000
718300
682300
903900
934000
839300
787800
1042900
772300
714600
752500
803600
800100
718800
716700
675400
734400
766900
807700
1060200
702500
910400
775700
759000
747000
775800
1024400
805100
690100
763900
811100
772000
694600
676800
686400
999900
724200
958900
808800
759800
1245000
749400
707300
839600
779000
736300
758000
822400
872500
1053100
1056500
695600
1077300
729300
680900
738300
682600
736400
782400
759000
729100
966800
772000
722500
727400
792900
761600
721400
971000
718100
854600
763200
801900
935700
799500
756100
748800
1142500
859500
821400
786600
908500
799600
1048900
720100
786400
922800
1294800
1406600
760000
730200
1005400
978700
796500
717300
740500
829000
981600
742500
1042500
877500
913500
906000
753200
675700
823200
686800
771200
722500
888800
889500
850400
764400
722800
706800
1044500
717600
839100
940200
714300
727700
815200
1072600
779400
786900
703700
868800
780400
684400
735100
762100
720300
944900
939900
1204300
834600
698600
794600
712900
755100
827600
984000
763600
684600
770800
792600
705100
753600
753700
699600
1075000
855200
765400
807600
769800
707100
767100
862100
751900
750500
873100
716900
1188300
839100
839300
1067200
774400
883300
689200
757300
767200
736100
773600
719500
738300
793800
683500
779700
1040200
706400
803800
885500
753100
813400
984800
797500
802600
1219500
1021900
690800
806300
783100
773800
767200
738400
852400
722500
838500
793100
775800
764200
734500
761800
1269400
1008400
1080100
740900
737500
729100
812400
704800
828200
901100
1409600
747900
792400
850700
800400
1201200
783100
710700
768400
927700
730900
700100
697700
717900
811500
934800
725500
925400
876100
785200
701800
1115000
789300
763600
1006400
730300
754600
1078600
748200
866500
895300
741600
735600
722400
1044300
781100
835600
820100
828700
801300
21242400
1210800
888600
763600
797500
790800
1046100
761200
733000
720100
1190300
861800
682500
873200
781600
731700
760000
733500
977600
755900
700400
851400
1005400
866200
759700
743700
708600
906200
749200
835800
746800
774100
761200
761300
1033800
749700
727000
1023800
796200
939000
777100
812300
698800
740000
764000
1021500
1238900
796000
891000
768600
834200
752700
886300
774000
708400
847100
774500
1005900
1499800
1457400
731500
761700
753400
1122600
989700
1008300
841000
938000
953200
722900
762200
1205300
1072000
702800
780200
989700
1098200
828900
756200
707100
729100
830100
685700
934100
695300
1176300
749200
744100
720600
748000
857000
956900
838100
831100
947800
766400
884500
751400
787100
801400
875500
720300
805500
828300
819300
761400
741900
962100
731600
1345600
1186500
778800
926500
815200
704100
746200
954800
920100
667600
1056500
1049300
721300
726600
722400
754400
897700
921400
827000
1286200
826000
785600
1295100
727900
1066400
716100
964800
682400
835900
683200
742500
902200
803200
2862000
1035100
880400
994100
957000
733000
1292200
1057400
799400
756900
741700
806700
774900
1025800
712200
750900
727400
777900
811500
707400
735800
796100
747500
864600
675300
747600
744200
727300
1071000
733400
866700
799300
792800
1022200
846200
765500
753800
775000
841600
753300
1215800
702600
792100
978900
866300
1099000
754200
785900
1103200
997500
1169800
826100
669200
716100
719500
970800
721200
734100
687300
995300
975300
797200
731500
732500
1004400
1107300
935000
763700
738900
761500
798200
918800
813300
700800
731900
795200
691400
695800
846600
799100
721400
732200
735600
986700
954100
918900
743400
844400
755300
869800
742300
846500
886800
721900
752000
769800
734300
927700
725400
743100
715000
994900
783700
752700
745600
719800
716800
698000
714500
741900
748200
685300
716200
752000
783900
828800
715500
804500
832000
683400
818400
706900
673500
848700
687900
715200
781500
769700
1234200
1033800
742400
874700
803600
821100
734400
755100
698800
786500
967500
722200
784000
726100
690400
809400
690100
758200
749300
757900
927100
705800
769400
816300
713300
786300
914800
705700
771700
768100
771500
921900
822400
747300
723700
730700
696000
703900
736600
762400
738400
760300
824000
990100
831000
779900
1096200
680100
934600
906300
706900
874000
738200
762000
703400
818400
972300
899300
1294400
814400
761000
709600
798600
703100
748900
743800
800200
814900
994900
1260400
1537900
677700
778300
913200
850100
722700
715100
771200
861700
1048000
918800
842700
777100
732500
773300
727500
858800
777900
680300
1205400
684700
803500
780800
761600
953800
765900
724800
808000
901500
813000
716000
963200
771600
788800
699700
872000
787300
728000
726100
764400
849000
734700
816100
774400
738000
836300
786000
742100
762900
3220700
713500
1270800
859000
743100
715000
719100
849400
778400
723400
802000
749100
730700
819400
731000
1436100
798500
704900
1449200
780800
747700
1080400
894300
788100
1104000
732300
726400
733400
735200
824600
827000
666900
740000
725100
739900
719300
990200
715500
1167500
805200
742200
747100
792100
739000
751200
807200
945300
765000
712100
834100
894900
672200
761400
767700
756900
752100
724000
730200
787500
751500
769700
731800
869000
851200
968300
742700
811000
762100
710200
718100
933400
10335700
3166300
5186300
3667500
10781200
3094500
9964000
3468100
9012900
8587900
8137900
2339200
7843500
4666000
2753500
6416100
10317400
2021900
2079600
7532700
8487200
10580800
2617300
8411000
5012500
4558100
891100
850900
687500
711800
728500
867200
782900
696600
998200
868200
728500
722000
768100
911400
1164300
918600
679800
760400
681800
848800
861300
758000
776600
761100
742000
890500
781100
808800
727000
731400
813800
856900
992700
835500
753700
743700
711300
686300
730000
737900
699200
724400
751200
1044800
707600
708400
687700
740600
759700
818500
790800
679900
1393100
785000
761700
832900
856800
678000
883400
755100
1219100
791300
769000
683100
724400
732200
1513700
1846000
1079100
723700
714900
682300
775300
842800
962400
730300
849600
721800
687200
808400
1296200
743300
732500
1066500
1089000
961400
776500
996700
695000
677200
690900
732100
1159900
774900
712800
878900
719800
838100
745900
787700
721000
742700
759600
864400
749500
766100
806100
1169800
993800
1043200
1252200
1414400
1204800
1926500
740900
735900
806300
811500
1017700
970000
945600
732300
903700
759100
701100
1080000
770700
936800
680700
755700
790300
698500
911200
685300
769900
935800
881800
688000
765200
734100
738400
848300
766300
730700
764700
681400
715700
828800
747000
811000
826200
750900
733900
752400
894000
687800
702200
839100
784200
682700
958500
829600
734100
971200
757100
742300
1426200
747400
994900
697500
683200
829400
729800
693200
765800
753900
856500
774000
791200
981600
761800
1022400
1143800
1185300
835400
991200
1067600
717200
743500
1063100
855500
723400
696800
760400
774300
1159600
912100
699400
801400
737800
723300
976400
689000
677800
802400
708300
974600
719200
720400
718600
721400
764500
746100
767100
1358200
965100
817800
850300
760700
1001900
733500
719600
746900
1394900
1364900
1132700
1567100
695300
736200
741500
924900
757200
709400
755000
680800
753900
834900
687800
766500
702400
767200
836700
693000
816400
787500
923000
701500
792700
982500
847200
700400
736400
966000
720800
722300
690500
700000
699800
721100
877300
872500
771300
709700
1205700
686800
1036800
754000
755700
1080800
1097300
1090100
762500
768500
1097900
1419000
1150500
1319600
1244200
1076700
1279400
714000
722600
769200
698600
865800
911400
763000
858800
757600
1187500
784400
714600
821400
1021300
738700
724000
731800
908100
798800
787500
682900
729600
746200
754700
810600
726600
729100
771500
713200
741200
1944600
950200
882500
860100
875800
774000
787800
715100
747400
884400
750000
739700
921000
773500
751800
757500
913700
924900
746300
1480200
718800
727900
907500
715000
740600
797600
770300
727600
767500
723000
711500
765900
716000
823900
696400
729000
1534200
867800
1144200
735800
1000000
720000
686200
866200
738000
707800
740500
800800
699100
705300
1156500
779000
743900
816600
744100
725400
741600
712500
764600
689900
798400
725100
714300
757700
715700
719200
728000
693300
728200
740700
813100
746800
847600
836400
735800
692300
716100
687800
669600
704500
1033400
855800
718400
710800
739800
719700
722400
712500
811500
673600
684600
673000
746600
1013000
745600
696100
701100
695400
763100
754200
745900
793400
850800
711800
718100
784700
702600
737200
846600
804000
734200
728500
684100
745800
875000
753500
949400
763700
689800
696800
728200
781900
698100
721900
883800
685800
681800
717200
912800
697100
688000
875200
765800
715700
729500
709600
760300
834900
794800
748700
881500
835200
759800
861700
791900
735700
791700
800000
765800
737800
792000
704500
762100
1114500
706200
991000
753900
712800
1135000
726100
694000
840400
786600
734700
842900
747200
856000
734400
672100
670900
680300
875400
813000
697400
788500
1366500
927200
828000
744100
983200
1076800
1049800
679300
742300
762600
743200
789700
716500
727000
711600
755400
1382100
1057500
736800
918800
752500
847000
762000
767600
785600
709300
997900
968400
725000
1001100
889800
710300
706700
716800
2416900
782200
3467900
743300
893400
734600
773500
757200
737900
820500
782400
709800
706300
795100
828700
709500
707600
701000
771100
766100
732400
794200
713800
741200
881300
1049500
697700
899700
779600
835500
783200
741600
749800
828500
741400
712300
722600
744900
764100
701600
706700
744600
740100
873800
854700
744300
734900
949900
786100
734600
1029800
808300
752900
721300
766100
715800
722600
734800
697100
728000
720400
722800
701600
733000
771500
941800
714200
768700
765100
713600
730300
751000
815300
714900
872400
791400
796000
881600
790600
993700
763400
805100
728300
730500
771900
724100
880600
733000
801100
741500
942400
710300
836500
725500
705100
755200
749000
961600
712200
709200
755300
917300
708600
700800
754600
813900
743800
723700
758600
727700
753200
1081800
967400
698300
789200
718100
678100
1028000
767800
757000
707800
727000
752100
694600
719600
2032100
1332200
1986900
761900
670900
1123900
832100
754100
694900
753500
697100
734800
787800
741000
693700
766300
1017600
762900
773900
745800
755800
772300
741600
795200
765300
783800
755900
825000
746400
765600
763300
765000
768200
1208600
1232600
1651800
2762000
684400
719300
709300
739100
699700
821600
683700
768900
730800
728300
833600
710200
773800
693100
712900
759300
719200
750200
697400
1018000
773300
869700
699200
784700
830700
688400
756200
769300
766800
1274300
849100
995700
690300
688900
720600
720600
846500
838900
814000
1186900
695500
750600
860300
760000
743900
681400
727600
689800
704100
795800
726600
735900
834000
735600
715400
690700
724800
946900
736300
738100
777600
720400
756700
814800
682800
704700
1114200
1306300
733000
878200
796000
818300
824800
765900
918400
1028900
766400
813100
833100
814900
692000
915000
718300
716100
747900
706300
784800
697300
749200
958800
751000
723900
703100
699100
860100
845800
691000
721800
690100
750600
696300
779400
813300
852300
874400
763400
725200
739100
1098000
707900
749100
740700
718900
696600
722300
820500
773300
836700
824000
770900
752600
874900
1246100
712400
814400
787600
776600
682100
722400
962800
755400
757300
988900
1152700
732600
742600
772800
1186300
995900
1159800
922600
732800
737700
740800
878900
803800
743600
750300
765100
692100
1096900
1077200
809000
803000
742100
961400
831100
744600
727800
684700
778800
694200
729400
669000
682400
858200
737600
741600
695500
727000
700900
789400
736800
703900
717000
707600
744000
714500
707200
1031600
877300
704500
689500
713500
752800
732500
729900
716700
1235600
706300
735100
752300
1211800
775000
730600
715800
721200
694800
772200
763800
989400
701400
718600
1147100
1139200
755300
674500
855200
731100
882300
732700
781500
813200
699600
705900
741300
848600
993900
703700
831200
747600
753600
754900
776200
772100
733900
750600
772700
707400
838200
796900
826900
854400
782200
824500
756700
761000
775700
936800
733200
729100
743000
727600
745500
700700
786500
938000
699600
786000
805200
762200
697500
738200
895600
703900
877800
1112800
745000
725300
3190500
732400
781900
727100
778600
788100
711900
737900
748000
692600
757400
761700
818400
1100900
730100
860100
719400
720200
740700
723000
812400
732700
740700
744600
684600
752700
730900
756400
712400
694400
739300
768200
806100
1070900
1572800
772700
703300
738100
733500
759800
747200
749000
972100
878400
757200
747000
719700
711000
892300
758300
726500
930500
850600
852200
736000
675500
737300
905100
1925000
785100
730500
759800
801100
696900
720800
898100
784900
733900
707000
697900
812900
742800
768100
716700
773600
737200
700900
749300
738000
700300
839500
748000
784900
741000
732400
668000
732600
889700
799800
737000
946100
756300
692000
754400
713000
751200
839500
717300
693400
790200
754700
729000
711800
861100
908900
702500
753600
739800
708000
704900
745000
917800
746600
702400
1220400
1163900
710600
676900
736300
707600
773500
704900
876500
877800
852500
705900
960100
1543100
715700
748300
1426200
3261200
759700
745400
683700
831400
735600
779700
1121900
824700
690100
764400
713400
750900
944400
994800
881800
688500
734500
732300
762700
731500
886400
778200
701600
1473600
2535400
3346000
3417900
2932000
870000
970300
694700
1278800
705400
730500
866800
1168000
790600
763200
785300
691700
688800
746100
701800
715700
808500
1964200
1268100
769000
926700
847700
720800
762000
736500
727900
801900
715100
702100
747000
887700
1862500
1085000
1775200
1256300
1794100
732500
706700
775700
760800
763000
834000
952600
802200
751100
759800
775000
842700
868900
874200
749400
808100
762300
739000
699100
732100
722800
739800
755100
686300
827200
724300
772100
721800
773900
722300
691100
740700
789400
735100
737000
717400
716800
705100
713000
755400
824100
1037800
1201400
788600
773200
801400
778900
741100
1049700
863200
786900
706000
696700
760400
735100
760900
697100
730600
1583900
1042500
1026800
710500
712700
708900
696700
783100
688100
681500
737900
783300
688700
740300
786000
786400
911700
887100
847500
757500
727800
737700
724500
718200
1068400
974000
745600
743000
726700
774100
704300
785700
706700
877300
741900
813600
690800
780900
704600
752500
978500
741700
830900
722600
761800
702000
716300
715000
677200
755800
844400
746600
670500
675000
806100
741200
728500
692400
742600
767700
711100
700800
757500
787400
795400
716900
736200
948800
993400
1015900
732100
862200
1118000
771500
727600
688300
681600
755700
817300
1669000
697200
735700
876000
722500
817000
758600
766900
734500
756200
823200
948100
735800
781700
985600
686400
819100
782600
765300
754800
692800
839900
723900
700000
934900
759100
714200
843200
710700
682700
766300
706600
710000
793200
696700
780000
825600
745200
794500
696200
739100
2414400
2506500
2066700
779400
818600
1190400
1087600
663400
789200
853800
879100
3824100
771900
698500
865800
695500
760500
676900
726700
854800
1174500
1001900
859000
823800
766100
748600
744400
746600
706800
723300
741200
718300
706800
902300
703100
775300
677200
768400
1722400
1326300
718900
743100
710600
784700
746200
701000
733800
753100
696300
763700
1043700
699500
1044700
739000
772100
5009800
5766700
5633700
1577300
771500
687700
761100
713800
825500
704200
732300
980100
875100
770900
726800
862900
736000
737100
682000
844700
777600
840300
713500
1003900
947400
680200
853300
762700
814500
743700
731500
783900
868600
718100
689100
777000
757700
819200
1024400
729100
791500
955900
674400
686800
874600
689000
756100
694500
691200
863800
1202900
842300
815000
745300
700200
713900
714400
966400
1019100
838700
720400
779300
830000
740900
758100
783700
738800
1505900
795000
753300
763300
905400
735700
859100
687800
885900
782300
785300
721000
887700
1066600
781500
694800
688600
757500
1144400
842900
694800
716700
913500
757500
788000
720900
755300
750800
796900
1582100
3572000
1706000
762000
717500
865900
847800
714300
695900
745400
819100
743500
776500
772900
905700
1645800
790300
781100
940600
872300
1004700
722700
798200
1032200
723400
807700
747200
692900
791100
768300
784900
1120200
961500
757500
753300
739600
699700
739200
768800
810500
833600
913900
767200
706900
878300
763600
740800
711100
731700
714500
847800
716600
707100
721200
777800
702300
1899400
1105600
692300
785700
1333200
687900
1426000
713800
718600
786200
723400
839700
719200
683100
771600
734100
728000
724200
726100
675000
741100
775900
890400
3449500
689300
763200
742800
892400
896400
769200
715500
733900
839100
738300
881200
866200
1541200
1016200
899600
1075400
707200
704600
785000
913800
1006900
878900
990800
690000
755000
736300
756100
743300
882900
742100
771500
875600
966000
766200
741800
750000
760900
733300
907700
714100
718900
865000
976900
727500
845400
714100
893900
680300
829500
696300
789500
716600
1093900
763300
711400
1038600
852000
722100
754200
771100
747000
718500
914500
726000
740000
967600
952700
763800
793600
762100
733400
724400
11205700
719000
720800
725100
722600
1055700
914700
696800
771600
724700
1062900
678300
740900
686000
725600
727600
1048500
719800
749200
724200
780800
718200
784300
1200400
762700
689200
971000
716200
820100
731300
679200
774600
710600
742000
687200
714600
779000
1438200
735000
1109100
805300
676800
807800
763800
712100
716600
803600
774200
835700
834700
700300
766300
985600
862600
700000
701200
707400
701900
742200
807700
893200
772800
784600
732700
738200
741500
705900
832900
807300
1532900
1030500
1341900
684700
767200
757900
767700
713700
733200
683900
726800
789700
670400
759300
725200
749300
835800
771500
767200
697000
764400
857700
736600
735500
720700
729000
718600
762300
716000
917000
1117100
930900
724600
876800
820000
784100
1010400
678800
740500
740100
685100
737800
730600
748300
727900
782500
1029800
714000
834900
723700
747200
764400
1022000
726100
1312700
661800
703700
674800
722500
729700
754000
769600
879400
678100
691500
735200
777600
767800
924800
981800
770700
747500
779800
724400
722600
756000
1192600
683800
1067700
705700
711600
706900
726900
707500
787000
906100
719200
857100
716100
734400
682900
741900
876300
783000
746600
803900
734100
731500
757300
779400
935300
829200
2240700
1004100
1348300
699700
686900
766900
755600
726700
754800
1168100
711600
783000
691300
751700
747900
712100
723900
785400
723400
693200
696100
723500
666400
681400
889100
706400
926700
2341500
719900
755600
775900
745300
811600
769100
707300
675200
678800
1474200
745600
703100
747100
876400
891100
729200
757800
771000
770100
778100
832300
757600
842700
1366900
720400
822900
987100
759200
929400
768900
920100
701500
960500
748500
722900
713900
1081800
730300
712500
754300
784400
819100
808100
729300
832400
796700
770400
925900
745800
733800
708100
766900
720900
692500
689400
737300
734800
808500
814300
965200
1528500
1394400
1280100
1686000
1252500
736300
734900
760300
767900
769300
700500
736100
902300
774900
769200
780000
776100
959600
1182600
750000
692800
753300
725700
725100
750600
932900
1162700
730000
696800
808800
728400
835400
769400
720800
723800
682700
705900
688100
778400
740400
1088400
767800
727700
700300
754900
699900
854200
834100
704900
734300
684500
734700
717200
849800
827300
750000
699500
699500
699300
773200
698200
694600
733300
781300
690700
749300
754000
738100
720700
923800
727300
722500
1029500
730100
800100
1035500
683400
701100
862200
734800
796700
695100
2620800
1246600
700900
715500
728000
836400
729000
721800
719800
851600
733700
721200
881400
717900
712600
700200
687500
1126100
673200
696400
829100
1514000
769400
735400
811600
814800
717400
810400
932400
758800
740000
864600
740400
752800
726700
727000
673300
690200
1080000
1403200
701400
849200
779000
737200
767500
929400
846000
764000
993300
747500
1065400
957000
729200
804000
982400
749600
754200
1428900
720700
686200
713200
742500
752500
791500
1320000
728800
918900
745800
752100
965800
696100
741900
695400
958600
719800
720200
794800
731600
681100
692000
719200
744400
689600
705800
708800
749900
712000
831200
880000
721300
861600
779100
727800
721400
693200
764200
716400
717900
778800
725600
768100
728200
811300
959900
801400
770200
746300
827300
853200
790300
768400
755200
723900
749800
767600
839400
793500
899100
904600
766800
882800
848700
948700
791400
832200
716700
773600
1048700
864100
1094500
1154200
857200
934600
1134900
888100
700600
767000
1229600
964200
889800
855400
1143300
1197500
759200
749100
740800
708700
1096900
943500
810400
677700
792600
1191700
962400
1002700
1178800
1112600
1255000
736700
693600
1137600
772100
903000
715900
720300
735900
733400
1125200
930600
846400
727000
781700
762300
711600
802600
764700
692600
752400
831900
777700
684100
779400
763200
764800
793700
752200
1320500
723300
780200
882600
689400
748300
776200
775200
1130000
676100
734200
723400
671700
686400
717300
771400
715600
731900
738800
864200
1019600
1433000
1142700
1060400
907900
1027600
1032300
755000
829300
690800
710500
726600
749800
751400
700700
793200
714900
1061200
705600
877200
780500
1298500
681100
871100
762300
1064900
676100
734300
700700
1047300
732400
804400
896400
796300
889100
788900
734700
762700
749500
792500
797200
735200
739100
818900
1692300
1093200
690200
710300
982000
725300
679000
1170100
721800
759400
736900
782000
679700
679000
893300
682100
689000
930800
744600
700100
884800
747600
744800
1031300
834900
699000
770100
928900
910000
962800
798400
797600
794300
715800
729300
704000
816700
1164700
979600
978100
801600
709100
837000
743100
686400
748600
704500
784700
850300
776900
764700
781000
710200
748000
801600
745900
713100
886900
869900
959200
781400
764400
698000
708100
787700
779700
1093000
835600
847300
770400
734700
717300
902400
686200
723200
726300
668500
733200
725800
674600
733200
715300
815200
750800
736600
730600
704500
1222400
796900
745500
743400
754100
822300
743700
690700
703700
733200
734800
918600
1261300
794500
1113400
1049800
1232200
714500
757700
887700
814600
760900
729800
734700
755700
1057500
1016500
978600
919900
744000
812100
879200
924900
934200
730200
941200
738100
837000
734000
809000
806300
738800
696200
725600
866700
748000
750000
891800
828800
726600
923800
858700
1267900
731500
803700
727300
902000
929400
725400
717700
760200
755900
744900
767100
1139200
1075700
824900
729900
674200
690500
691200
954500
692100
684900
787900
722000
706400
749000
720700
743500
1806200
702600
770200
721100
741300
825100
711700
852700
762400
771500
992000
875200
704500
892800
803300
743400
728000
772700
771700
870100
765200
760800
748700
1056200
714700
739900
739400
711300
769600
688500
762500
736800
681300
761700
738500
700900
844600
1283500
1714800
2303500
2160300
1434600
1292900
796200
782100
735600
719600
738100
751400
734400
731400
1249300
1060000
1037800
733800
815600
1006500
712100
820000
747800
691600
729000
731900
713500
727300
798900
727700
744800
717100
802600
813500
746900
682900
727800
781400
725700
695400
794100
885200
903800
699100
777000
1012800
718000
1100000
686900
1154000
725300
754400
746400
732600
1500200
748800
687900
787700
744000
683700
811200
704100
801800
819400
861800
729100
767400
681500
1063400
935900
1667600
688500
998800
776200
980400
673600
672700
715200
933500
784800
776600
691600
813900
1298500
971300
500
