804300
744800
687300
897300
726100
694200
685700
708200
712100
772000
787000
772700
735100
782900
719600
726000
698200
721000
695500
686000
715200
706800
698400
723100
680300
728700
811400
684100
737200
1201800
735200
740100
810700
757200
717600
701300
706000
727800
727600
736400
748300
743900
680700
716000
727900
762100
727600
688000
726800
720600
727400
717600
685400
723600
963000
787300
752300
691800
696300
682000
729300
684300
767300
744900
925600
754400
736500
754700
732700
780700
693800
730700
778800
818000
727900
720800
687500
750300
760000
726200
698000
747500
690600
736900
837400
685700
693400
762200
688900
723700
723600
739400
954100
914900
728600
734200
693600
726800
722900
772600
681200
729300
809700
768500
719700
681100
938300
698000
693700
760200
682000
725800
724300
725800
682100
684700
707700
698800
766400
703100
787100
730400
723200
752900
688800
722500
777000
691800
699700
691000
732300
747300
744200
728400
688700
687300
725800
716900
727900
741900
687500
729500
757300
686100
739800
743100
731800
728400
757300
684900
725300
699400
753500
774400
685600
704500
687600
729600
694800
690900
735100
687700
687000
706800
688800
680100
733900
726900
792200
725700
681000
725700
727200
727400
746300
727800
761700
731500
725200
733000
706200
724000
689200
730300
726400
728800
695700
689600
696900
1019400
681500
701400
681200
924400
732600
731400
733500
683700
703300
800400
729000
733000
739100
685400
730400
718100
687200
685300
696100
727800
732400
738600
719700
767100
966400
722800
754000
765200
725000
747500
700000
726900
688500
727700
759800
716200
722900
734000
735300
686900
743000
770700
764800
725500
714900
679900
688500
694600
736000
693000
726400
733300
690500
687400
686800
732600
727200
688200
726200
726700
728700
696700
758900
684900
1057000
737500
761100
794300
714100
731300
738200
759200
702100
689200
743200
720500
729200
688900
684700
723500
725400
712500
726100
827200
687800
678200
678800
690700
698300
700700
718200
682400
689700
696200
720000
685900
812600
730100
730800
696700
729200
682400
932900
683200
692600
687000
738500
765800
790600
679900
686400
751600
746900
724000
711800
734000
723700
690700
720800
754000
816800
725400
707600
735200
723900
738500
698000
695000
886600
679700
884500
729900
963500
723300
687300
735000
723600
723500
730900
728400
728600
772200
741000
719700
730500
696900
772600
730200
684800
688400
713200
735800
733900
743800
692100
698400
738600
730100
692600
696100
686700
749100
736200
766600
714500
721500
764900
712200
860800
681600
707100
763000
696900
748900
693600
685500
733000
750200
726500
803300
876800
723200
725300
697900
773900
683100
734500
727000
688600
726900
724900
691700
687100
726200
726900
751700
714100
727100
727200
751700
716000
685200
758200
681100
684800
732300
692000
773500
723300
681800
725600
723200
713700
728200
720600
732800
726900
756300
686900
679600
750700
725500
719500
689500
728100
725600
730800
679300
684600
722300
805500
685300
943600
684500
685300
723900
691500
722300
725600
687600
741500
723400
724200
780300
757100
741000
699100
685500
728600
727700
730900
725400
679100
704700
826000
688100
738500
729600
754000
706900
743700
767700
727100
704200
719900
735500
682800
686500
737800
736800
685100
735800
718700
719700
718800
690800
712800
731400
709500
712400
689800
835000
795900
709600
691600
755300
728700
728800
989800
756400
692600
724800
698400
750400
751900
725400
897700
696800
720200
740700
732200
724900
721300
767400
721000
685000
734900
766300
777900
739400
690500
743000
739100
756200
713400
733000
772100
681000
725200
739800
736000
735100
757700
739300
725200
723000
737800
709800
725600
719400
735700
701200
695500
807800
760800
705300
680800
725300
746900
749900
697800
872800
692700
683100
690900
752900
768700
683000
728300
750600
787300
742400
725800
716400
727600
732000
725600
731400
725600
732700
688000
754600
725200
736500
727000
723400
702500
690500
688100
734300
741200
730400
704900
693400
786200
737700
731100
687100
725900
688200
761100
720200
1167500
730400
733700
688000
687800
696300
676500
729000
725500
857500
759500
732500
727300
711200
716800
748600
775300
733000
723200
735500
754400
694100
680300
778700
724800
728100
688700
682200
679100
743300
741200
717900
681600
721400
726000
689600
736700
738400
783600
781900
722200
723100
690200
684300
734200
730100
785700
727400
724400
717900
691900
767800
715700
702000
731100
736800
694600
728400
705100
686700
689400
745400
751300
702500
732300
729000
745100
765400
689400
682500
713900
720300
887000
930400
744000
732600
685800
724900
690600
750400
1027100
691500
735200
729600
718300
839100
737900
711300
740900
683900
684600
726500
724700
735800
751700
686600
686900
737400
681100
747400
699800
722900
699400
689600
722900
742200
732500
734500
689900
685100
716000
685600
680800
950000
713600
761100
743600
718800
727700
682000
727600
707200
683600
706200
685800
698000
728600
730100
675900
721600
742700
687900
739500
1167900
727800
714800
747600
750300
737200
725100
719400
674900
725900
677100
682100
678200
682700
733300
737600
720300
732400
718400
705300
756300
677000
719300
723400
719200
685500
686100
725100
697700
716800
718800
698000
730700
680500
720400
698400
737300
726000
1146400
761000
697200
759700
746400
718500
755600
745000
684900
711700
711000
753700
755900
723400
683600
764600
772000
778500
773900
756900
710200
722200
701800
731600
719700
769400
682600
689400
694300
808700
689400
687100
709200
699000
698300
688100
792200
727700
688500
731400
722300
689300
870200
683700
735600
727200
717800
727400
704400
749800
1035100
703600
697900
727100
688100
690200
685000
744600
717700
740100
690600
730400
865200
741000
698600
703200
725800
699600
699200
738000
727500
682600
716900
689200
725000
689800
736400
778300
874800
725400
731900
693800
719600
687400
680400
695600
840300
722100
715400
807900
724200
739800
736900
689000
693500
729800
688900
731800
738500
690100
738000
718300
731000
684100
688100
684500
736400
723300
732400
701800
699500
753700
731400
676900
723600
740300
681600
718600
720900
729300
747600
689000
691800
724800
698600
754300
708100
712200
686100
738200
699200
716900
674600
753000
717700
797500
686600
732900
727800
867900
739200
694500
683600
928100
685800
686600
717300
691100
722100
708900
677500
726300
720100
688300
724400
681000
677900
685200
723600
731400
721700
683000
709800
733200
720200
685800
703400
734700
677900
714500
678700
691700
701700
721500
683800
717800
755100
686000
676400
725800
924700
762000
704700
686900
743600
890900
682400
755200
724900
683900
722000
684700
727300
738600
728500
724600
687200
726700
712500
681000
726000
683600
736000
740600
731900
685600
726100
690700
753600
724500
733700
719200
705100
728200
727300
734200
686300
757000
742200
684400
737300
752700
698200
709400
719700
732800
725500
728600
775800
742100
737500
733000
677400
674500
729700
702100
738300
685200
741500
879300
733900
758200
727300
700900
789700
723900
723400
734300
681300
717500
732700
731100
705500
728900
715000
724700
725800
693400
725100
679900
684700
721800
682500
722500
693600
685700
688300
697400
685900
733600
687000
757600
721500
690800
711400
740500
759100
734000
803600
729000
730700
683600
678800
726000
735600
732100
687700
722200
736900
685900
692000
730100
682900
717100
725900
790800
748600
682500
723900
687600
732900
707600
760500
738000
706500
731400
689500
738500
819900
678400
779300
787300
800000
783300
724400
744600
721700
723700
721700
723200
753600
694100
680200
679700
725300
723100
725900
716700
754400
679900
724300
736000
732400
683400
693600
767900
680500
685200
684200
730100
691700
684200
678300
688600
742000
737300
701400
693200
708100
724800
722200
689400
732100
705100
730200
691700
729000
690700
684500
725200
684100
718000
728300
727600
695200
737500
730900
716200
735900
735300
735500
728200
690900
721900
716600
722900
695500
732800
695300
680200
700300
734000
769300
694700
738300
746800
724600
715100
718600
750700
682900
685600
740300
727400
721400
693500
719400
722000
680500
724800
692300
714800
677000
690200
720100
722900
683300
756700
725700
718500
725500
719000
746900
690800
721200
728200
682700
742200
745600
682500
732700
698100
672100
719700
930200
709400
722700
684700
723800
673600
698200
759600
743600
685500
721600
698600
692400
746900
731400
746700
759600
744900
776800
685900
735600
771100
682900
736000
755900
725400
743900
688300
721400
740800
798000
732200
695500
679900
727200
709900
727000
778600
730300
724400
732100
702600
688200
706300
680100
705700
683000
720700
764300
736500
680100
751200
734200
680800
719500
683800
729000
728700
773900
857900
744000
729500
686900
743900
761100
680700
723000
688200
745500
749800
680800
737700
734800
685600
728700
726000
752800
746800
694100
718300
725600
766900
729600
719100
889500
716400
689500
696200
678500
727200
723700
692100
727800
737500
685200
729000
726100
724400
679900
732300
719100
705600
687000
686400
729400
737900
692100
681800
683900
719900
728000
734500
941200
675300
728400
677500
700300
753100
690200
677500
724800
713800
724600
678400
683300
695700
719500
739900
732100
742200
734100
677200
706700
768400
681900
719000
697000
751800
694800
749600
737800
742700
700400
728500
731100
727400
682500
729200
961500
1375400
720600
739000
693700
696900
679200
742100
682000
681700
743000
731900
720400
679200
732500
705400
723400
689300
723700
954500
782300
685100
679200
722100
681200
729800
682300
681700
775400
698200
730700
730500
741300
693200
719100
740300
727300
719400
691600
687700
683600
1289700
722000
684100
678600
721600
681300
678600
694600
777600
723000
730200
732200
730100
727800
773100
752400
681400
727500
687900
721900
687100
676600
676500
735100
690900
682200
740700
692700
817600
781200
686400
687900
738900
727600
769600
763900
689100
679400
692000
722000
734500
677900
688700
696800
677500
737300
721700
685500
678900
729600
734600
687700
780500
731500
683900
731900
757900
745400
730800
732200
801600
951100
681500
714500
774500
723400
721400
727300
714800
742600
1097600
778700
743600
748900
775700
819500
767900
683000
750100
726000
696200
699600
677600
726400
757100
711700
727300
720100
690100
688100
737200
740900
734700
732300
808900
715900
750200
741800
686500
736000
733600
738200
699700
674600
727500
692900
721600
699000
732000
729900
708200
687900
697500
684400
773000
725200
687600
685600
768000
721100
727800
717300
679300
716100
690600
727400
683400
684400
676700
714700
953500
740700
731700
695400
717600
680900
786500
691700
689300
696400
685700
740900
725100
707700
725700
718000
677700
724900
685700
695900
685500
697600
731700
729000
720200
721700
689100
755400
712300
690000
845000
857400
700500
721900
726400
696300
689100
762300
693300
692900
683600
680800
698300
746600
690100
693400
698200
681900
738400
753600
703300
697900
689600
697300
1039200
957700
744300
693700
723400
676600
687400
724700
717400
722800
681500
684700
720900
790500
696900
687300
686300
724300
735500
681600
730500
684600
677400
723800
701900
818800
738600
719500
773300
736100
674900
746900
725300
689700
748400
725200
734600
682400
683000
707400
678800
735600
711900
738300
727000
705900
677800
728700
722600
720000
722100
722400
694700
740600
721800
686400
719500
737000
680100
752200
720900
677200
685300
729700
882100
711600
684700
682900
723600
724800
778400
759100
728300
694900
724600
709700
682600
701600
736300
722300
735300
684700
721700
676600
724500
688800
686000
718700
681900
722200
725700
737800
682000
728900
689500
726300
694500
707300
688500
717900
707500
688700
732800
722500
727500
728000
817300
681200
687700
736600
719300
723600
742100
682100
688100
682100
744800
695500
687900
713100
743600
681200
721600
689500
744700
876100
733300
698700
690900
723300
730100
917400
690600
750100
722500
707300
731400
722600
756400
689500
698500
682900
676700
744800
712200
724000
682700
800200
695400
767300
790300
783400
690900
722000
701000
735600
691700
732300
760000
723300
726600
731100
740500
680800
724700
681600
721600
735600
676400
685300
721500
755600
729200
686600
690000
702100
697900
708900
680800
683800
731300
768600
744200
670000
699600
734600
867100
715200
752900
715400
701200
934800
914500
697700
675000
686100
717900
1148400
702600
726300
732600
766700
698700
712300
719100
716700
802400
864700
823900
747600
681500
683300
685800
717800
681800
747300
863000
746900
726100
697000
719500
740600
721300
789000
733300
724800
744800
685500
689100
689800
723200
721400
890200
695300
672500
714500
785300
684900
726500
696400
699300
698300
722800
733600
718800
744800
741100
725100
724000
724400
699800
680200
675400
718100
723700
685800
742200
724000
837900
727700
683400
726000
723800
679000
754300
747600
761500
709800
687800
684500
877200
940900
738500
738500
716800
683800
734300
682300
676200
672000
780800
693100
719100
705700
729000
809700
746300
766700
736300
854200
698200
810800
714500
699200
721500
684200
696500
763400
687000
677200
717800
757000
706900
686900
742100
750600
762600
717800
687300
738500
689900
705000
870100
702000
756900
765200
683400
853500
732800
711600
757600
778400
723100
725700
685900
679000
735100
717700
705800
683900
723000
741500
716600
739300
680600
717400
766900
687100
688000
767100
736600
729500
740400
742000
783100
736900
723600
725800
1152200
685400
682900
714700
818000
702500
716500
691900
724500
923500
675900
721800
701800
689900
722100
723700
721200
728400
684800
694400
728900
696000
719000
733000
740400
723100
730200
690300
733900
720800
737600
717800
697000
730500
698300
721000
751200
740800
732800
705400
746900
756700
795500
701500
692400
787800
801300
729700
684500
812100
795700
716600
685700
717100
728800
686700
677700
685900
765100
695600
714500
685400
726700
721100
717700
678600
678400
709200
725300
677500
723800
760000
686500
687000
678600
688300
727500
693100
682300
778400
719300
680200
724200
749000
719800
723400
723400
686000
717300
726500
736700
716800
692900
719800
717400
699000
692700
700100
687800
727600
690300
695700
742900
1051400
723300
737200
685800
879200
793900
719300
691100
718100
729500
680300
726100
701400
685000
734400
702200
720500
697400
698600
690500
690100
731900
737800
718500
693900
694400
741100
703200
683800
720000
686500
913400
739100
727600
721700
683500
679900
677800
715600
703800
816600
681000
758000
686500
723200
722300
694100
722200
682400
687100
723600
721200
700800
697100
683300
704600
754900
721000
722300
700000
695100
717600
716800
721900
704500
743900
766000
731700
676500
690600
715700
741800
718300
674200
678300
749400
689000
776400
723100
687500
694900
688700
677300
696700
719000
718700
681600
720300
788700
680600
734100
770800
680800
720600
733700
712100
760200
689500
727600
724100
699000
676400
717400
723800
722300
677200
724900
829000
712700
722400
822200
759500
724700
725100
703000
784900
754200
753400
728500
690900
719900
725400
750400
691100
682800
750200
689100
726900
735000
678200
715500
737900
731600
682800
678200
687100
771900
712000
733000
720600
728400
731000
708600
681300
772600
719800
695200
683200
719700
724500
722100
734000
745100
698700
735000
674700
690800
694300
731600
720500
698300
819500
738300
685300
700300
729700
697000
729600
706300
685600
730800
732200
749200
717400
686600
684700
687400
692800
684900
687900
725100
731700
691400
721600
694600
771400
715700
743500
736600
684300
741600
740200
714600
703200
710100
739000
676100
702100
720300
711500
696200
692700
688400
696000
732200
740700
709300
749400
743400
685800
709600
678000
690500
692600
708500
684700
718200
718800
672800
728700
697200
721600
694600
757800
720200
732200
725800
741300
708800
738600
692600
691900
737200
732700
737500
724200
780700
747200
675800
718100
726700
679000
707100
712700
768600
912600
719500
736600
677300
686900
693200
735300
680900
885400
717900
715100
682400
719000
691200
681500
671900
682400
733100
684200
723700
914200
720100
684200
712200
686900
676100
726700
680300
683400
689400
739500
972700
736600
700500
722600
722300
719000
690200
687400
690800
728400
687900
823000
720100
686800
694600
697800
699800
767100
768400
690300
683600
692500
682100
722200
723200
734100
724100
717000
686800
680500
737300
694300
724400
689600
725200
781800
721900
772600
754300
696200
669600
692200
678600
692100
832900
679800
673700
685600
680600
749100
692400
699900
729300
719400
724600
725800
731600
729700
674800
715000
750000
721800
683500
686600
677400
721200
675100
673900
720500
682800
689500
715500
682800
679600
693700
731900
685800
724600
693300
685500
697200
679100
745900
719800
713000
764900
679200
682300
721400
687000
687100
699400
677700
731600
676100
730900
763200
716000
719400
692600
719600
702600
758900
728400
735400
679800
683100
783800
718800
756700
714500
694300
718900
732500
720800
698400
783500
777100
792100
718200
697800
733400
739000
719100
726500
676200
716800
687700
726300
719700
672700
733900
744200
686200
720700
690700
683000
677100
683300
722900
700400
684200
718100
730400
673200
727100
678300
728200
725600
713900
782100
867100
726000
678700
690900
727000
717200
690300
714700
680300
711400
776300
828300
733000
755000
762900
716300
722900
736500
683800
681500
858400
717100
716200
711800
717800
688700
733600
695000
714400
675800
686300
706900
719000
677900
771100
713400
792300
726700
769400
676500
723400
716000
720400
678400
729400
716500
691400
707300
692800
685200
681700
681200
928800
791400
682100
733500
855400
704000
725400
734500
723100
759100
737000
693000
718100
731100
805100
728700
689100
730600
680400
721000
716400
688000
728400
676500
684900
676800
740800
675900
719100
693300
721700
730400
750500
676100
1025200
697900
743100
807400
791300
740400
741600
743300
726300
808600
717300
691900
731400
714100
677900
723600
787100
741100
724000
717900
715600
683300
678000
679600
720200
671200
733700
685500
725500
720000
715800
682500
678900
751900
714800
716800
690900
722400
893100
819300
722800
911400
684000
684300
747400
704400
694100
882800
756100
742500
754800
777400
682800
723900
766200
715000
736700
716000
727300
720000
721500
738600
708200
682000
719100
723800
690800
727700
677400
680100
717200
729500
713900
725400
719400
690500
729700
718000
734900
703700
734400
742900
727600
707900
721600
788800
729700
735000
777900
682200
682100
680500
726900
680800
692100
678200
879300
717500
903500
691000
725700
683100
723300
716800
722900
694800
690500
716300
716500
833800
869200
780900
732500
737700
689000
803700
682100
738400
740600
746000
732300
704000
723900
740800
751700
708500
728100
733700
718400
696900
881800
823900
758200
727200
695300
720400
716000
729800
781400
747200
684800
753400
761800
730200
749000
820900
927300
711600
691000
871800
855500
728500
737700
677900
731800
720500
675700
728700
829500
808400
767900
733500
921100
769300
722500
731200
699300
769400
721800
725400
732500
730400
675600
727800
706500
720300
741700
781500
727700
718600
714800
830300
736900
808500
752100
737600
714900
724700
676800
785800
734800
823300
749300
819800
853900
758600
811400
735900
727300
751300
770000
728300
751100
683200
698500
755000
737700
782300
725500
748100
752200
730900
758300
766600
680400
678900
724100
751100
811200
711100
734600
715800
736900
713700
788100
685600
736700
756600
741400
788800
750600
803100
701200
722600
724200
694800
773300
722600
766700
674300
689600
682600
730500
681200
717500
676300
725300
696500
766100
676300
755700
786300
745000
722800
721300
679000
863200
704500
720400
708400
686300
719200
691900
710500
953200
713200
721300
721900
893100
680900
684200
712500
757400
856900
753400
884000
746500
923000
724600
709600
684000
720000
722000
798300
774700
718900
761500
674000
694300
684100
750400
734800
757400
679200
679200
720000
680400
739400
740600
740700
692100
726000
734500
771500
691400
688900
680500
723800
714900
703400
677200
691600
692500
729400
684100
716700
737200
704500
730800
675400
755800
688000
725000
723900
720400
819300
681400
834100
786100
705300
741300
734300
754000
676400
679000
766400
720000
730500
683600
729500
683400
763200
733700
718000
723800
685000
723300
720900
688000
698500
728300
735700
733100
687200
696400
758800
723200
689000
723200
756200
713600
683400
979800
786200
681900
773000
742800
719000
718500
722100
721700
677400
727900
792600
779600
752800
679600
895300
747900
683900
705500
788600
762900
799500
734600
738900
720100
765200
678800
828100
907700
685000
723800
679800
680500
682000
734100
745700
715900
782400
722500
744900
708700
720200
885900
728800
712000
678800
729100
687100
684700
681300
727500
754800
727300
734600
681000
726100
719800
677800
699400
683700
728500
787900
867400
698400
680100
733300
839200
755000
677800
680700
778700
742600
730600
730600
833700
673500
709200
700100
731300
694100
725500
951700
730700
720300
806200
996000
727200
713500
686300
911700
723000
744700
722900
748100
750600
718100
687100
717200
759900
686800
732800
785900
688100
717700
711500
725200
678000
698400
718900
784900
692700
703500
677500
732200
718000
733300
730500
675800
717000
841300
704700
688400
683600
683700
683200
676200
713700
742200
723300
692600
739600
716900
735200
689400
736100
761200
861800
724100
676600
687400
754600
817400
724100
677800
709600
737000
734800
810500
743600
714500
748800
697200
759400
1014400
717400
744900
712400
753100
698000
679900
684100
707400
681600
735100
740900
866000
802800
719500
711800
777300
852700
774100
800700
786300
799400
725200
793200
781600
673800
744300
740000
747900
727600
691600
679700
774300
730200
688500
727700
727600
753500
766500
804500
698400
697900
684600
699700
722100
694400
689600
784400
893200
750300
716500
795900
737400
686200
768900
813100
741700
768600
764900
714900
745100
713700
720700
735000
698600
689100
774300
695900
693000
731400
727800
744600
799700
756200
685200
732800
882700
718000
692500
685000
787700
791800
766900
676900
723700
750600
702200
729900
730100
726100
702200
788000
705200
682500
712300
728800
735200
729400
683900
691600
684300
806800
736200
767600
680500
687500
736200
765100
751900
747900
810100
759500
750000
703600
834600
714000
689400
740200
733900
753300
727000
743600
681100
761800
776200
720900
710400
869700
806200
816700
745400
794000
716200
762300
838900
792600
728300
734700
691900
862600
723000
731000
714500
720700
725300
718600
712900
769800
735300
762400
787700
689700
703400
695100
686200
702000
807800
734200
734500
765100
756800
713100
683400
733400
773000
729000
701600
683200
732200
755300
844000
716100
687300
720900
778500
764100
805300
761300
678100
756400
699700
679700
756300
699100
679900
745300
853600
863300
721500
721700
679500
729400
727500
778500
773000
776500
696300
712300
729100
714800
712600
718600
689000
681400
680000
725100
728300
683000
802700
683200
691100
719800
713300
758700
681900
760400
704800
758500
710200
682900
686200
714300
733500
720900
739100
674200
678000
725500
851700
701700
716500
714000
685600
714900
983600
675600
675700
683300
718700
698400
685700
686700
678800
690300
723400
723700
720900
721700
728200
693500
726900
759300
708800
718800
694600
688100
765600
715000
721700
719000
700300
741800
727100
738100
735900
743200
768500
729000
1206800
692700
767000
682200
737200
950100
1417100
957800
1054400
1027700
1047500
1278900
1081900
757500
825500
780700
747700
819800
743100
695600
716800
739100
762400
689400
784800
884900
676400
679900
754300
821600
782500
726100
726600
734000
683900
722000
678900
684100
759700
719000
766900
738500
765300
722700
740700
719100
685300
726800
742600
718600
752100
777700
678600
680900
920300
808500
696200
747700
784300
736900
717500
811900
760200
782700
722000
715200
708200
773400
1080400
689700
745300
740000
717100
713200
727700
693800
938200
681000
689000
720600
738600
754500
715500
746400
766400
976500
682700
934400
681100
906800
685700
751500
737900
800900
882600
717900
907200
749200
864500
812900
730200
745000
719600
702000
685900
711400
734000
734600
725200
719300
732800
690500
677200
736100
709400
728900
717600
720200
733100
810200
776100
677800
687900
722300
696400
683700
681500
695200
690300
680300
726300
678800
691200
721600
716200
732900
771700
727700
726000
735500
715700
738100
717900
693200
679900
728800
1079100
676500
733400
678000
982100
714800
715400
723500
683900
694200
725300
760600
719500
734800
853700
721300
681200
743100
679100
921800
681100
718600
734000
695100
727500
690900
719700
694200
715100
712200
738300
680100
678300
725100
769100
773500
748700
750400
726200
697700
736700
763900
726100
744300
716400
696200
683400
713000
679800
688900
743400
695100
719800
725400
681200
714100
718200
716500
838500
686100
701900
733800
785400
728100
760800
682800
682500
731800
826900
713700
737800
674600
728400
882600
742300
719600
719300
719000
728000
849400
688100
733500
690200
717100
758100
675800
687400
706800
922900
744500
683300
687400
723000
749300
677400
721100
732800
720500
742600
783500
718700
733000
773600
678500
692800
727400
721500
783400
780900
740000
725100
709800
687700
729800
729700
1031300
737800
717000
801200
689900
684300
731500
717600
924800
673600
718100
741700
744900
680900
720500
722500
719800
757800
681300
714300
685300
685500
726500
683600
724900
761600
683800
736200
711900
803700
743000
739900
804600
719400
725500
729400
729600
737200
718800
739300
702800
687000
766000
730500
689600
696800
724300
724600
678100
677600
673900
719600
736100
720100
670700
791900
716800
727400
676500
733000
741100
691000
759900
749100
798800
710200
727400
683300
720300
703200
717800
747500
732500
724600
678100
731800
725500
689100
716300
721600
744200
765700
673000
738300
731200
749600
878800
901300
727800
729600
751600
761000
753800
822200
828100
742800
882800
723800
778200
719200
815100
728400
835100
766900
826200
774800
894300
724200
758800
711700
774800
735600
797900
779500
700300
725600
727700
775400
735100
979600
724700
679100
716900
735200
785800
759100
771400
704200
728900
728600
932500
755200
758000
783100
777400
811100
710300
709000
771500
748600
796100
777000
754500
768000
765100
720000
746600
729700
724100
737500
783200
859400
770000
696000
680800
752200
796300
778700
798000
754700
674100
705800
797600
768000
679300
737500
742800
769400
760500
711500
783200
716800
958900
675900
723700
718300
858700
813600
826600
703900
762600
732100
721900
750600
764500
761300
677700
685700
685500
720700
735600
736300
702900
718800
820800
723600
690300
718900
682700
687100
724900
681400
746700
683700
719200
680900
693300
681800
749100
719400
715400
720400
742300
688500
785000
729300
726500
744100
708300
731400
963900
854000
714300
965600
731800
735100
699700
724900
682400
685900
718000
891000
746000
713500
716700
743100
725800
739800
737600
721500
696400
677900
679200
712900
678500
730200
837800
758800
771700
745000
685100
691400
798100
814200
739200
714500
702800
725200
776300
713300
736400
896800
678800
689900
678700
722100
820400
751400
705300
676300
692000
688300
727200
726100
718100
711100
720800
948700
948100
729600
688000
686500
741700
708400
912100
750800
730100
724000
711700
739800
757300
759300
693000
689400
761400
712300
683400
746800
750400
717300
755700
991700
713000
808700
766400
734000
819900
778200
748500
723400
756100
741900
693900
671700
721500
771400
780300
804500
705400
687600
720400
720900
874400
679800
732700
864400
780800
686800
955900
824300
884300
818200
733800
718600
674600
676900
693300
720100
719500
735300
718100
679600
752500
675400
718400
720900
687700
719900
680800
746000
714700
687400
681900
721300
742400
726600
806900
686500
705400
701800
685700
775800
715700
685000
857000
744800
712300
766700
805900
673100
779300
718400
781000
819100
718400
689300
730100
751800
683200
724400
799200
678300
764700
720000
720900
720500
754400
827400
735600
758300
724300
720900
708400
762800
704400
679300
695500
769000
753800
990800
680200
777000
688800
721000
774400
680900
749500
748500
773300
721400
949700
689700
685400
713000
725400
726400
720700
681200
718000
722700
679800
743200
748200
746200
722000
678800
688600
795300
750900
739200
852600
747800
783000
725600
696300
723600
754600
710900
683200
927400
766500
729300
727100
745500
732200
754100
686700
734200
729900
804600
701100
675300
689100
719300
719300
676800
749000
721900
699300
687500
673100
674900
683700
776500
720000
726500
717400
718900
688800
715100
725700
738600
724900
726600
765900
682000
684000
706000
714800
980300
722600
762100
777200
867400
698900
744100
780800
799600
742400
722600
740100
749900
693700
730800
704700
753800
785500
775700
817600
773000
718400
738500
739500
788200
732500
741800
754600
686900
755600
703800
880300
725500
763100
735700
678200
707400
698600
718700
726000
695800
730100
694000
683100
760200
684800
686700
775300
680000
1140800
731400
683700
841900
685800
934000
750600
690400
777200
707000
705900
699800
740200
680500
807800
862400
715800
747000
679600
702300
997200
679700
682200
751300
726200
780800
722700
767200
696500
820200
795200
780100
740700
732000
728500
772500
715200
773600
784300
848900
719700
768800
789600
703300
857700
725800
761300
746500
708400
689400
713900
816200
802300
689200
790300
685200
915100
724500
780600
812000
1047800
777300
769800
953400
768200
762500
736600
744900
727900
831700
735300
753500
732000
756800
762200
733900
686800
717200
704800
802500
804100
680000
752700
772800
727100
717600
841500
822000
710000
729600
691300
737900
757500
678000
750900
751200
735900
764600
758800
735100
690700
739000
803000
747200
680400
720300
735300
755500
791700
682400
723400
744600
714500
753500
684400
859600
914500
744200
745200
746600
744700
738400
751100
784000
1081900
764600
717500
741900
717800
741700
680800
678500
743500
748100
757700
681000
724200
808200
755700
889600
753100
778100
793500
769000
723900
728800
746900
852000
686500
687500
768500
726200
1192100
809200
719500
767400
749600
779300
809000
725000
732600
757000
690200
747800
856500
799500
715000
744800
725900
842700
817000
723600
788900
737500
720700
814600
698300
685200
770200
685700
746000
811100
758700
820900
775500
704100
723600
720600
755500
751300
672700
738100
735400
729100
730000
878800
733700
724500
675800
728600
738700
724500
675000
732100
729400
763600
730100
697200
783200
682600
866100
783800
728200
745100
713100
985700
701700
681100
680400
732200
717900
731700
750900
694000
738500
713500
740500
732200
722800
776500
747000
792100
717900
724500
714100
844000
745100
681200
764900
688000
776500
681800
683700
773000
742600
689500
725700
734800
737200
809700
748700
681700
776800
751000
804900
687700
722700
679200
673800
725300
732200
737100
739100
723700
780700
717700
750600
722500
707600
724900
720400
748900
732500
747700
741800
700300
737600
749900
1298500
674900
741400
706200
771700
698100
680900
682900
857200
804200
723300
680600
714100
797100
1166000
727500
735200
810100
711600
731000
772400
687000
766700
726600
1003000
733000
755000
692700
709400
688000
677100
727000
723500
776100
790900
708200
724400
729300
686500
699300
915500
725300
727600
718500
673500
681500
678300
735400
728900
796400
747100
702500
691000
706100
838800
695100
981900
881800
750900
702900
740500
687100
749900
709100
815300
684200
720600
722900
733200
676700
721700
823500
1284200
777300
680100
731800
749300
970000
750900
704100
684200
745300
757600
716700
704100
694400
716600
792000
688800
708000
793100
716000
739200
705000
722000
720600
716500
680900
681100
760200
762800
734500
717400
717800
774900
784300
755400
775000
681700
672600
679900
770800
700700
737300
741700
776800
741200
767900
718700
735400
747700
759500
767800
772100
713200
739800
743500
744100
722100
719400
708100
716700
818600
734100
677600
713600
675600
723900
748100
833500
786300
806100
799600
745100
687900
768600
687800
740500
698600
858600
845900
699300
686000
761900
691400
765700
707200
726700
702400
758400
695100
842700
982700
680800
761700
741500
808400
753300
702300
722000
725500
769900
740800
691800
758200
691400
876300
765400
775600
734600
922200
747600
723400
769700
745200
683000
807700
681700
757300
816900
769600
713500
688900
747900
760500
732200
730800
781100
726200
762200
806900
727600
738100
716500
835000
774800
703400
728200
704400
682600
723200
747600
754200
811400
722200
742800
713800
689200
724500
726100
691600
723300
722200
714700
704700
679300
708500
757000
688900
771500
782900
974200
727100
684900
751700
806000
709000
709600
783400
950300
735800
746600
752500
716100
699100
2028700
773600
767100
831700
974200
742500
716700
742500
750600
735500
788700
825400
774900
729900
770000
720900
718000
801300
767400
714300
686600
714400
724400
744700
692900
741600
788000
716800
841000
734100
736500
677500
696900
686000
742100
879800
713400
684800
751200
733800
682900
767400
686900
711200
716600
836300
1697800
768000
702600
805500
768700
748000
771500
759000
765900
749200
760800
802300
670000
726700
895200
755100
685400
706100
686400
715400
731900
778400
788600
737100
747400
705200
717200
765600
692200
711100
679900
720000
686600
677800
741900
915700
726800
784400
690800
679800
815300
758500
808100
752200
791700
752400
771000
810400
794900
776700
877600
709500
681500
725400
739400
752800
783300
797200
750300
735400
718100
723500
717500
761800
748000
697300
723200
721200
772100
745700
773600
983900
792800
733100
787500
846200
805800
721200
713900
675800
714200
790800
681900
811800
703100
751200
757000
841000
747900
722500
709000
761900
769500
695600
975100
961700
685100
741600
672000
678300
759800
758500
758100
772800
784600
770400
829500
743300
806700
737400
851000
712500
1004700
745000
832500
785700
716100
723000
723200
716400
764700
768900
743900
719300
723300
836100
709300
735600
712500
779800
715300
707400
703900
708800
756700
678500
800700
701200
686600
703700
719400
768700
687700
804400
757700
746200
728400
836700
775900
796300
761300
801600
719800
727100
752900
716600
677100
717500
749000
681000
807000
834200
900100
737500
798500
730000
727100
781100
730100
769300
779800
676200
696300
743900
678700
758300
1065500
684200
718700
740600
827600
718700
714900
759200
789100
765200
747900
761400
732900
777700
744200
789000
770500
747300
719600
753100
769500
726300
761000
752200
810500
738400
751300
730800
690300
688200
712900
740700
687300
762200
746900
736900
768600
901500
738600
742000
722000
722200
830100
811800
724100
751200
737700
741400
762900
755900
723000
843100
827400
695400
787800
978300
742800
1365600
753600
730000
784400
669400
751900
743400
772100
763400
754100
765100
782500
834200
707500
690800
761700
855900
717200
682400
733500
781400
760300
753800
673600
713200
794800
681200
688400
749800
705000
816400
865600
743800
747200
702900
715400
768200
773700
743600
740000
764200
724800
804700
737700
770700
711300
820800
730900
675500
733300
781000
674900
708300
683300
676200
774100
735500
742300
693400
706800
719200
734300
691700
754800
752200
779500
742900
768800
740200
795800
787400
715700
752200
762600
1000200
715700
676400
796300
709800
780400
800500
741300
697900
712500
760900
733800
737600
755200
736700
724500
772000
699700
765800
712500
677800
734500
803100
725200
737700
756200
768300
1003900
681000
885700
851300
805100
717800
832700
899700
690300
824500
689800
766300
748200
773800
747800
763000
729800
731000
677600
735400
724500
746200
736100
737400
728100
718500
678900
718900
702100
724000
774800
795300
698700
707200
687700
717500
747900
712700
791300
751400
750900
678200
738200
786900
743600
774200
751200
795000
746400
728000
747300
846900
726100
770800
734600
716600
683900
885700
767600
807900
694100
752600
676100
791900
1060000
817600
782800
685400
809400
720600
722600
812400
758800
776000
744000
787500
736900
745800
801900
710600
750600
796400
697400
791800
766500
726300
745000
809300
722600
754900
687100
740000
685700
702600
715300
737100
782600
756100
754800
710700
704800
714000
749900
731200
672200
787200
717700
778400
687600
744900
733400
754200
1021300
689400
712200
692000
691500
680900
733200
754600
736700
774300
819900
810600
755000
711800
682900
722700
838800
718400
783700
806000
736400
713400
699400
714900
702200
744500
744100
837000
729800
794700
734600
747500
976400
830200
692700
689000
873900
682800
679400
724900
706000
769100
737800
854500
771700
749500
729000
761400
778000
752600
729400
811000
772400
784100
718500
715200
725200
688700
752400
788200
719600
709600
736600
735600
689800
734000
738200
697800
748400
699200
808300
725600
761400
711000
748600
725900
716900
798700
686600
674100
679700
756000
806700
769600
728000
737700
786700
714400
721500
1011100
780300
713300
729200
728400
777700
708100
712300
759900
715500
692500
748000
712800
734900
772800
700200
716400
693400
735600
733000
752200
686900
687000
733100
772400
731200
710600
774200
922400
737000
671600
678600
765900
688700
776800
859300
721900
685500
699400
736100
815900
677600
700800
702600
676700
780400
784200
744400
721700
683200
785900
721000
733200
821000
806100
724100
720600
677600
702700
898900
754500
768000
699700
774100
676100
761100
813100
765400
698400
755500
683100
744100
717400
694500
697900
798600
757900
719500
712000
699100
710700
741500
726800
676000
876600
741400
829600
770400
782800
683400
737700
693200
1093400
778000
771000
776600
718500
750600
672100
709900
694600
767100
737800
678700
716900
677800
753700
684800
733200
768200
742700
729800
724400
738500
726100
793700
741400
2148000
803600
723600
722500
732500
832700
764700
779200
770800
739300
732100
727300
727300
715600
758600
751700
697100
804200
729000
716600
755300
790900
726700
745200
722300
756300
729200
681200
717200
786700
755500
759500
755800
728700
721400
780500
674600
754600
705600
719700
681400
721400
730100
735000
749300
744700
678600
747600
704200
713800
1021800
724200
782500
711500
802500
803400
759800
694200
677400
729400
704800
697000
922200
730900
791900
942600
733500
929600
789400
748100
697800
724500
904700
841300
735900
760900
743000
906600
732900
725800
743300
771900
782500
738800
742300
958300
1168900
771700
751800
716200
751000
776000
747000
922100
803100
803800
720400
777600
701500
785300
703400
784300
747500
782000
718700
710400
772300
766200
778900
808300
687800
781800
732200
724300
731500
748000
781600
782500
792200
772600
761700
697500
769400
771400
740200
744800
700100
728300
724100
708300
683800
749200
773900
711100
707800
853000
727700
846200
753100
720900
787600
688400
738700
746100
740200
722900
773200
689000
717400
689900
696200
709700
694100
738100
685800
709900
822200
683500
719100
741800
764100
685600
768900
774900
735500
721700
734500
689700
736700
754800
768400
685000
782500
751000
691000
677200
699700
801300
716400
750600
742500
759300
739500
904200
760000
721900
767300
764900
676400
729900
716300
860800
739000
729900
723800
694400
737700
730600
727100
902500
684200
677500
688200
1094500
722100
778500
675700
681000
858000
757600
810800
682700
781200
733400
719800
681100
724200
718900
842000
707500
735000
727600
742400
816800
728500
739700
768300
674200
787500
672000
758800
782100
722200
758600
722500
737000
744500
677200
677400
752100
865700
1437400
716000
688000
682100
717200
685200
930000
827000
762200
728200
724500
741800
739300
746600
811100
686700
720100
666500
754700
762500
783500
718600
686600
676300
715100
773400
758800
765300
752600
804200
777500
682100
790900
676900
825300
747300
716900
719100
725100
784700
788000
772600
745100
775800
713400
730400
730800
721700
717600
974400
754900
712800
714400
723700
741300
734800
717900
736100
700900
716800
710900
738000
721200
683100
699400
1022900
786900
813700
787900
777700
720800
761200
778500
846000
766200
858300
751200
707800
732300
756600
709200
717200
749400
675200
736200
764200
756800
793600
743900
734100
793500
766900
793100
832000
781200
747900
751700
735400
775300
883800
776800
777000
810400
714500
732400
782400
722600
782400
907900
800400
774700
754000
764900
1219800
819600
780800
783600
705100
720500
904200
719300
725000
766900
784100
735400
743900
800600
837700
718500
825800
743900
744700
678600
717700
671700
825000
932700
751100
761400
715900
816300
741100
842500
756200
718000
703100
780200
771000
679100
671800
840200
846500
770400
722700
779400
751600
682800
715200
737300
733900
677500
785700
731400
749700
772400
740400
709000
775800
726300
774200
754100
688800
698800
748100
718800
765800
745000
788400
757900
752000
763300
729600
722200
719800
775900
696200
907600
675600
775600
742800
804100
697000
1123600
783100
767000
696400
729400
736400
719200
729500
741600
708400
713100
746200
783400
761900
793600
699300
715000
760700
819100
883800
787100
691300
775700
682700
723000
754900
754500
714400
756200
866900
766300
733400
843000
876000
800700
794600
800600
711500
725400
733800
766500
880700
688000
887700
811400
708600
732100
692400
687600
817800
778300
695400
731500
726800
781300
701600
909700
721700
678500
731600
722500
690000
736100
722400
692800
760700
743900
745400
760200
751800
719500
927700
754000
774400
726500
780400
770800
735000
744500
735400
737900
766700
683900
714400
760700
847300
1067600
1016500
773800
720500
695400
810500
703800
773000
732000
766600
675000
786800
682400
784200
786800
716300
902700
778500
739600
683900
674700
776300
775100
784500
965200
758200
685300
752900
859400
712300
677800
756000
743100
797500
726000
778900
772200
700400
779400
731200
735300
732900
783700
904200
692200
687400
743000
718900
710300
677700
786800
705700
997000
720400
678800
838200
783600
756200
693800
731900
786300
715000
721900
823600
724500
717900
966200
698600
706800
721500
699300
740100
770600
720200
783700
775600
761500
689600
761700
717300
674600
808700
683200
689300
759200
952300
906600
752300
857500
681500
717600
724500
916200
678400
765500
721100
725600
678000
705800
718800
815400
714600
777700
903200
710300
714500
824600
725200
714700
735900
782100
825600
721100
762600
722100
765600
717900
724400
795600
763400
773800
1022100
702000
728800
771700
708400
703300
713300
775000
721900
704300
747800
683300
688200
771800
754000
720900
722700
716500
1091700
759700
738100
774400
684700
711700
752100
1331400
765100
696900
739300
896700
741700
736400
766400
723800
696800
818800
756600
742300
703000
716400
736000
716800
773000
736200
802800
764100
702900
780200
746700
788000
818500
712200
782900
738700
868800
740200
747600
797700
745800
798600
720400
688400
720600
778700
723900
724800
771700
716300
717800
770400
776100
729500
728700
836800
696500
720900
779400
796300
747300
688800
719000
759200
684900
712900
677200
725500
675400
698900
856800
763800
733500
871700
727200
765900
718100
790500
685300
735200
693100
674900
718000
796100
746100
737200
692200
735700
808600
758200
793900
773400
888800
747600
804200
776200
762100
792100
780800
763400
680600
730700
728300
779100
721100
702200
737600
715500
836200
705200
744500
745700
784600
719600
678700
714600
694800
711300
738600
736500
731700
721700
686200
810400
674900
737500
778400
758400
811000
723500
730800
680700
749100
792200
748000
770300
715500
771200
711600
740200
781600
735400
724500
731500
727500
829200
725400
693000
725600
812700
776600
768700
729000
731200
773300
681500
774700
869000
715700
682000
873700
734200
820900
683800
744700
748300
736100
771200
717000
1064900
819300
874100
736500
942300
916400
773100
688700
1072200
732300
874200
819500
700000
753300
767100
773000
740100
778700
701700
1004400
743400
817500
811400
722300
717300
681900
715800
678200
791600
813100
715500
715900
715800
761400
687600
727500
920500
820200
945400
788600
717200
717400
783200
702300
725800
748000
754300
722000
681200
702800
775600
822400
748100
689900
766100
679800
683100
706100
819100
770800
1040800
722200
762500
790300
827100
748900
709100
861800
768800
722800
740700
745100
698900
721800
771600
727800
874800
721100
711500
767900
677800
705500
893200
757600
714900
1155700
858900
724300
711800
712600
712000
794400
733100
783800
687900
684700
727700
718000
695300
683800
734900
711600
719200
797600
730300
700200
733800
737500
684900
732400
781100
732000
753200
683400
708900
726200
766000
713000
685000
820300
737600
699600
774800
856400
682500
859900
737200
740200
834200
688700
759100
692400
808300
848900
984800
791400
754800
719800
750900
987500
896400
681900
777800
749100
741700
679400
859700
748200
721700
717500
695300
755300
706300
1018000
847600
784800
705000
1012700
756600
718000
677500
722600
729700
762500
764000
728500
749200
698200
777600
750100
686900
754400
748300
742800
777000
781500
750900
781700
793700
802100
695400
899700
783400
915600
714500
764300
756900
685600
757900
773000
725200
769700
787500
798100
757700
748600
904700
753100
774600
728300
755300
736900
715600
700600
707100
892500
702500
680500
713400
719600
678500
723400
720300
677800
735200
684000
689100
837400
688000
771500
740200
809000
753700
716200
748400
748300
756200
738200
805600
816400
681400
675300
730900
793500
679600
800800
704300
697900
740700
690700
958000
834100
732500
677900
732200
678800
729300
766600
723700
733200
707100
861200
780100
746400
717100
735700
743800
743100
822000
856300
713500
885400
730300
977800
834700
925200
724000
913700
908300
806500
719000
700500
774500
708500
772000
705400
807100
758000
712300
742600
735400
735600
810400
776100
759200
785500
735900
685700
754700
757600
1002700
728800
759100
745900
727600
671400
738600
709000
765800
952000
718200
759400
722800
721700
677100
790500
876300
732600
762000
684500
793000
818400
754100
680800
876600
780500
851800
748500
714700
810000
720000
788300
755700
864500
747300
1038600
812900
707500
732600
697200
721200
755800
892300
735900
720600
736700
696100
682300
875100
767500
749900
724100
718200
760500
680100
740400
747900
715700
771000
701900
788400
811200
768800
843900
743400
716600
689300
716900
749500
835100
756800
732500
733000
718400
702600
809900
748600
676900
680500
761100
727600
693400
707400
718400
686300
732500
756200
708700
721100
909500
670200
679300
732400
693900
942400
1062300
752100
754100
957000
703000
855400
685900
750500
743500
746200
737100
789100
1066600
711300
724600
714700
722300
767400
720000
909900
834300
722300
690800
742700
721800
685200
723200
1337100
858300
743800
688500
717900
720000
761500
767900
750100
717500
793500
850100
800300
777200
747000
832600
673000
882900
764500
815500
727300
683400
728500
774800
716100
686200
952800
717400
684900
709200
743700
881600
722200
762500
693400
683200
845400
818400
737700
735500
735000
1053300
755000
748000
742300
716700
719400
784900
816200
720800
797600
671900
939900
707700
682300
677800
739400
679600
768700
965000
744100
693800
721700
716500
754300
862400
706700
808100
731100
716700
768700
792000
706500
752100
764600
719500
760400
980000
719600
734600
724100
700000
725400
725300
721800
804600
723800
701500
780700
715200
754000
828200
713100
715400
710900
799900
776700
959900
807300
689300
771400
741900
676000
861600
689100
758900
718800
735500
702500
778100
788500
953100
765100
708600
712800
831100
703200
719500
748300
747100
673900
713900
670400
745100
868700
717300
765100
753000
700600
763200
843700
672100
673300
755300
784800
719800
759900
715900
733400
775500
749700
865500
735300
737500
739500
765600
700300
1320100
756100
722600
802900
746700
715800
719300
670800
746900
702600
743300
753300
854400
781300
777500
1235100
755900
769700
888300
683200
784000
722200
1077800
716400
894600
703700
715300
769400
707900
711200
702400
684100
734900
745200
775900
783600
732300
796300
731900
716900
1493400
1500500
725400
818100
943300
725800
678600
729600
687800
793000
738900
732200
710700
830000
796000
714200
768600
693100
721500
903700
733500
724200
697000
733700
714300
720800
721300
678600
766000
710400
748900
728700
728800
747400
726500
731000
690500
735300
910800
726000
1113100
842300
673600
745000
741200
927300
777500
803900
811100
681700
844100
712200
678100
725300
723000
703900
691300
738800
729700
680200
676200
775200
790400
718600
763600
764400
936900
681800
718200
670300
745500
724600
798300
711500
816600
716200
762000
831100
699600
720800
676900
706300
777300
831900
708000
717700
683600
736200
726700
731900
774600
713700
679800
804100
986700
711300
679100
704800
681600
759400
727500
763000
802700
756800
747500
710500
831500
889200
679300
724700
809900
797800
744600
736000
693100
762200
712300
701600
1030600
767900
723600
771100
929700
698000
723100
809600
748000
797700
796100
788300
726800
720000
796300
844700
698300
726000
885800
737700
878300
789900
777000
736800
899500
836600
753500
678800
791600
677000
737600
706800
702600
707600
947400
952700
734400
676100
695000
675400
716600
731000
706600
725500
727800
794800
715800
712400
673800
1179900
719500
714200
967100
717800
719000
743400
723100
870300
746300
702600
674800
740000
679600
727400
731100
779300
681300
747800
758500
693900
680800
762800
686600
831400
761700
774800
736900
780400
936700
843100
719000
722000
720600
734100
719800
962900
746100
1014300
770300
725400
739300
909500
861200
757000
700400
758700
717400
679000
785900
670600
898600
1177700
701900
789400
744600
677600
722800
696500
757700
720300
707800
721800
715500
701400
708100
753100
813000
718200
792200
731500
720400
770900
780900
757400
758700
748600
770300
741900
759300
707200
848000
1026600
721700
718300
889800
788500
891200
772200
677000
787700
721700
781100
808800
682100
717400
785500
707100
676700
735600
681500
725700
748800
717100
762700
735700
812500
711800
722900
789000
689400
678200
959900
707300
763800
816000
782600
759700
892600
683300
692800
735100
766700
801000
741700
762400
726800
794600
2173500
740900
774100
699600
746100
818300
789600
767900
702100
794700
806800
682800
684600
748700
703100
757300
756000
737900
729700
677100
725300
771400
1073300
686500
684700
878400
752100
720600
761800
1019400
729800
746600
755300
734100
745100
681200
767700
843000
726700
692100
747600
719900
707600
724900
762400
860200
781400
691400
701600
744400
850800
797100
732200
823600
705400
695100
872300
759300
773200
716400
691800
683400
1110300
872800
734400
697700
883200
673200
719300
675700
762400
804400
690700
1121100
735000
812400
817300
721200
690800
720400
768900
676400
993100
706700
695400
706900
712600
715200
848200
685300
728200
744500
738100
807700
719500
706700
732400
736000
752900
805600
740200
740700
695500
758700
762300
688000
722500
740500
870400
702300
720200
904900
721700
763300
727900
838200
695700
713400
686500
764900
715100
686200
846100
680500
698300
696000
750000
700900
720000
732800
780800
713800
795200
741600
896900
698300
720600
714800
985300
688600
703500
824500
696800
693700
767400
771900
784200
695800
770900
762200
732900
789800
716800
840000
751100
781400
675000
791600
740800
733000
740300
798200
774000
786300
836500
706500
729600
958500
1139600
789900
707900
750900
720900
766700
742100
754600
745900
764200
716400
879500
712100
801800
675600
721000
801600
738900
782700
747300
716700
742500
753200
704900
676700
789900
1080100
695300
942100
745200
718200
687100
692800
709100
856100
753100
686900
739100
731100
714800
718700
757800
716800
867400
723800
747800
739800
915900
722000
716200
672500
745300
737100
726800
806900
845700
737000
740400
805100
678900
765600
743700
751400
783600
843100
684300
852000
673500
852000
708700
941300
749900
683700
707100
748200
752000
712000
702500
705900
699800
707900
721400
749900
719400
686800
670600
711300
829900
716900
751000
732700
745500
850400
704600
721600
673800
725600
755700
790300
720300
715000
702300
722200
770100
824200
772600
714700
718100
762400
712900
708000
758400
762000
731800
794500
974600
720500
742800
737200
678900
717500
734100
713000
676300
739000
736800
723000
791300
803900
744100
825000
738100
776800
761500
707200
721400
673800
710600
666000
689400
713900
747700
687100
767000
798300
715100
684000
805700
672500
706600
700700
726600
731200
681300
753600
707600
729900
674100
735100
700400
798900
727700
679500
759900
677800
736100
721800
735000
687000
744000
736800
977100
680400
905000
810800
676500
877200
856100
746900
745300
732800
692300
744300
744200
764000
693800
722200
715300
729800
735600
730300
696200
690600
741600
686100
733200
737300
760400
715600
728900
724700
747200
766200
709200
756300
748200
701400
761200
713100
672000
717900
728700
710200
712700
716900
790300
706500
721600
688700
766500
806700
690000
720600
743300
713200
755100
683400
690200
809500
708200
815500
773500
676900
803700
716400
756900
808500
673300
752900
740600
725600
715600
749300
725000
737500
677600
705200
743300
788100
723000
771300
807200
715200
685700
708300
746400
741900
802400
738000
734100
755500
736400
824200
721100
769300
867900
684400
710100
720400
787300
821500
790400
718600
772400
716300
746900
817800
725400
729500
765900
717200
856400
741000
724900
848100
720800
765100
717400
838200
679200
692700
1075800
1051200
1178800
992500
1060500
1071500
1048300
1052800
1068300
1043000
1041100
1046000
1032400
1023600
981600
1014500
951300
1004800
1025900
1151600
1240800
1045100
1078800
1061700
1030800
1057500
719800
804400
725500
675000
762300
720600
721600
687500
676600
909800
726700
688200
726100
768900
746600
761500
677700
783500
683100
831100
704000
699000
737600
691800
700000
804200
722200
716900
829000
687300
752100
743800
758300
832400
860900
727300
677600
723700
751000
678100
717500
691500
704400
700200
740300
881900
699600
1103400
683300
768500
746800
713600
887200
707300
744200
702000
822100
740900
805200
752400
729400
851900
745700
829900
855700
859500
814200
796400
753700
715600
715500
749500
717000
745900
736900
716300
718800
732900
677300
685100
776000
732300
777500
766600
794800
828500
725500
742100
707400
672400
796300
679100
758200
708400
710900
732000
701700
732700
738900
680900
706400
751700
715200
789900
793800
922600
724500
731100
854400
774200
739400
863200
738300
795000
722800
870100
839900
724600
909000
733100
733200
724000
744600
716100
711300
719300
815200
718900
706100
680500
756500
708900
732500
742300
678700
725400
732000
699500
715000
943300
775800
676000
832800
747100
787900
706700
670200
821500
745400
698500
669600
710100
750900
683500
685700
671700
694500
698900
748900
744600
841500
784100
714400
731700
778000
713300
856700
773000
729800
704800
680500
840500
781900
678400
677200
760500
865800
826400
861900
730600
772800
762600
698200
769400
754600
767600
743500
703600
770400
692800
752200
677800
842300
680100
838000
750100
794600
714700
752800
710500
752700
694600
830100
713400
711700
703000
733500
838700
677800
766700
717500
795400
732200
720700
839100
955500
754900
765100
766300
733100
737500
759800
680500
740000
976000
782900
825800
708500
678300
754300
718000
731000
686200
712400
703700
708500
736800
678900
716900
700900
751600
809600
678200
736000
725200
766800
719500
870500
775000
800300
712900
716900
752900
714000
669500
703600
676000
675600
679700
741700
702500
942300
677800
737900
710100
864000
684900
732600
723700
769000
695800
749900
771300
846000
776700
769900
762100
704700
704300
727300
868300
702200
757100
697200
758500
731500
718100
725000
714900
734100
718900
745400
702700
730900
704400
832800
672700
729800
721000
713300
675600
713800
720500
721400
744200
718200
721800
680900
705100
751700
777200
745500
682100
709800
756100
781400
750400
703700
744100
717800
741300
741800
718500
746800
732300
719700
758300
764300
745300
770600
723100
724000
731900
676400
746400
712000
748300
678900
747000
709000
707600
750100
709100
977600
683400
681500
749600
690300
771900
941300
721900
722200
673300
720100
715100
699800
720100
724100
702800
703600
741700
746400
760300
727600
712800
670000
712600
777500
738000
731700
720300
748600
730900
764800
739200
722500
719700
674100
809000
730900
732300
769500
735400
745900
687300
928800
918700
685000
685200
677000
700500
694100
718900
722500
686100
792900
682000
745500
695700
709400
718300
674600
763200
764500
789000
690100
711900
676700
723700
693600
685900
775700
827500
681800
718500
712600
708500
716200
855400
1066700
711300
811600
678000
710500
737800
690000
757900
715100
682600
678000
715200
691300
711400
723200
694400
710100
675700
719400
729000
704300
679000
711200
747500
677400
750100
680100
723700
794600
714300
850300
716600
692100
734300
737800
694900
744800
699600
757000
720200
717200
737400
681900
696900
733300
717500
783500
709700
928200
761000
672500
731400
699400
690400
713600
732200
764900
812200
715000
673300
677100
676000
740300
724300
809500
694600
753100
718100
671200
711000
736500
813800
806900
673400
715400
683800
740400
783600
716400
675700
750200
731800
753100
774000
689600
762700
710500
741300
696600
676600
844400
704600
772500
730300
727100
692900
731800
779000
701200
702900
789500
733200
1067200
669500
773500
719100
714400
749400
742800
686800
826200
734600
684000
736500
762200
684000
677900
717600
718600
855600
743900
675000
692600
845500
676100
721800
675800
1045500
752900
805600
742300
715600
720800
730100
730000
753200
705100
743300
749700
711800
674800
701700
716800
730000
720500
727400
720900
740400
750600
720700
976800
731500
722500
747100
792000
743800
679000
719300
697400
712100
722600
673800
708700
684700
726800
741600
741000
713600
743600
701600
745100
719100
723100
716400
768200
729700
723400
766100
744100
693700
745700
708200
715800
679700
771400
724600
781600
722600
697700
711500
700600
668100
775100
830700
702000
709300
750500
726900
714100
700100
746000
718600
696800
711700
753300
755300
717300
708000
709900
745300
760400
702800
813400
673800
735100
757900
674600
698600
720000
736000
706800
750200
818300
681500
682200
835800
730700
780500
715700
705000
744800
678900
715700
700500
679600
833200
721900
697400
685500
708000
725900
702000
784500
753900
729200
720200
815600
826200
728100
723600
780700
755000
700400
719700
714500
742800
761100
1011400
770400
866400
814500
816700
678300
680800
713400
784500
672600
758500
873900
693200
694700
717100
739300
675500
773100
698200
706700
736100
752400
723400
680400
748600
767800
734100
705800
724200
735400
690100
720600
742800
747600
791900
769900
717200
677500
685400
725600
793500
721100
790500
777100
853400
673400
711100
758800
859100
720400
690000
691600
682300
678800
1243300
717800
716400
706200
729200
763900
678200
718100
738700
735800
709700
773100
748300
710400
719500
711200
677400
774800
851200
737600
767000
744200
746300
1003000
750900
737400
875300
788400
851900
688300
730200
681100
702600
677900
731000
750300
676200
702100
731800
724500
778100
905400
690500
703300
686100
729100
743100
708900
681000
715000
694700
739600
701800
692400
762000
749500
758400
766600
705000
733700
675600
714200
749600
742100
680700
673600
767100
722000
743800
773800
777500
716400
737500
1074900
711800
730100
719000
768100
681600
710700
778400
797700
758400
751400
750700
846500
760600
717100
852000
738500
711900
754600
685200
694200
730400
696000
840800
713800
746400
686200
721100
749300
747300
731200
807000
733200
812200
736800
682700
718800
681900
707600
684600
849200
667400
676100
721700
750600
716000
674400
710900
690000
730800
715300
674100
702200
678600
718700
716700
687300
704400
703200
685400
683300
677100
694100
710700
716100
673500
748400
675900
754300
677800
854200
781400
679900
713900
678900
865000
722700
784700
780900
709400
685600
730300
748200
721300
697800
690700
679800
728400
723600
709200
746300
710200
675400
759200
744600
722900
683400
736200
752300
1058400
748800
730100
759500
684700
751100
726400
741700
737100
755200
764900
739600
714100
733400
731000
721600
697000
825800
846500
716700
723400
704000
745600
680700
716200
721000
671700
722200
760800
699500
706700
716300
703700
681400
739400
771300
768300
744600
836300
727900
784300
925100
794700
743700
692100
730900
769400
704100
713200
675400
739400
790000
676500
758800
739700
677100
746100
755000
692900
724800
679800
754900
706500
715900
743100
740700
703100
680400
737200
725200
719100
787100
725600
719400
720900
712100
767200
774900
832500
749100
783300
729600
741900
720000
752300
678000
742900
740500
678300
769700
677500
1017600
711600
676400
715700
711500
765500
763400
714000
730600
731600
700900
719400
717600
768000
974600
679600
684200
701300
705400
747300
705200
699500
869600
717900
857500
719600
736800
726800
855300
743200
755000
717700
671000
733500
697700
676200
726800
722500
773900
699100
693200
676900
704600
741100
745700
678600
867800
1001200
919600
704600
786200
756500
701100
768200
678400
803800
704900
715500
730700
712300
680500
755000
788600
709400
710200
710900
674700
757600
678200
751900
780300
738700
718900
713900
769300
702600
800100
824000
1065900
717600
747800
692800
694000
753200
717400
722300
738500
676300
780100
680400
723900
705300
867800
703700
707200
850100
676900
750900
752900
708200
786100
706100
775400
782900
912000
789900
824400
777800
853300
702200
728900
701900
673700
744300
760100
753900
710600
756000
710800
673800
894300
708100
696200
730200
760400
756400
863100
779800
761300
673700
756900
741300
706700
744300
686200
686600
747000
731400
766000
796500
800100
797700
773700
805700
720300
719500
737200
730300
700300
790400
729100
713200
756200
702900
760600
787700
735900
746600
721400
746900
751400
679900
715700
681500
717400
761200
696800
710500
674300
752500
707400
725800
678500
705800
935000
732400
684800
829900
749900
688100
705100
697700
756100
742400
747700
732600
962700
715000
771500
770500
760000
752900
706900
754100
698500
730500
742300
752500
732900
710600
914300
725000
767300
748600
735700
707200
835800
699400
755400
704000
677900
707000
891000
672800
728700
739500
684200
724800
796900
775700
750300
715700
719500
679200
708600
739200
705900
718700
676200
749000
714500
705900
909200
672500
784800
715300
699100
677100
685100
678600
721100
714900
723800
735300
724100
710600
705200
727900
716400
681200
679600
698500
721200
698600
821600
836700
726300
683700
714000
686500
722000
708000
710800
687800
933500
754800
737900
733100
710300
747900
706900
771400
726000
763300
763000
702600
670100
673100
715800
744200
761300
812000
717600
703800
711300
693500
744500
725400
705500
765600
752700
760500
755700
709000
753600
673600
713700
723100
750400
759900
673300
707000
725400
726000
750300
799200
701500
762700
836800
673600
702700
710900
717900
728900
714000
724200
769900
736800
762300
675300
748400
811700
814800
941900
850400
803000
831400
783100
702300
730200
867000
1106200
850500
744400
700800
753000
702900
739600
674800
722700
694400
748400
781200
717100
690200
843200
731100
757600
742600
701700
703700
753300
699100
711900
721600
689000
709500
712300
714500
826400
727300
707700
750700
672800
740600
718700
708800
690100
737200
705600
721200
783000
680900
715400
728600
697500
948800
931000
938000
933200
722400
711600
721600
732300
740200
705500
720900
758000
897100
723200
705900
752100
722300
735100
683600
948800
753600
796100
677800
760700
745800
676500
724400
689200
714700
744800
699100
756100
704900
756200
678400
709400
705600
771700
734100
762300
756800
760500
673500
684900
730300
820500
782900
714600
689400
753500
753700
677300
858200
725700
705900
683800
686500
716400
744300
754300
699900
747100
754200
734200
710200
693600
718400
756700
807700
720400
713300
695100
715500
716900
682500
747200
732500
732600
694500
747700
778300
739400
679500
676400
747000
714100
701900
672100
686600
758100
697700
718800
708100
744200
678800
770900
739700
775500
751800
747900
675200
887100
819200
781000
907500
725900
731600
715300
848400
764900
750100
731300
761800
754400
876800
828600
837300
742600
728900
790200
729300
744900
787200
682700
726700
730900
725200
750900
745000
762400
758100
749200
746800
728200
711800
697600
820200
753600
706400
688000
703100
747800
711500
921100
708800
679100
711700
680000
689400
754800
722800
731300
750700
837000
683200
702300
839800
746800
753500
717300
743600
724900
759000
823500
926400
678500
677400
785100
766400
696600
725500
677800
879900
734100
789000
1050100
690600
717200
732800
708500
703600
718100
710000
689600
691900
726200
756100
715500
951100
1067300
923000
916400
744500
692200
734200
733300
771800
714600
805500
678400
686500
713400
723400
729600
748500
931700
735900
804000
753300
778800
686800
756400
726400
720700
754400
720500
733900
730600
757200
724100
743100
731200
786100
681100
742600
683800
681600
711100
833900
727400
685800
715900
751300
675300
770500
700000
732100
710500
749600
710800
750700
730000
727600
752300
759500
758800
688200
731100
1059300
725600
715800
724300
737900
755700
759500
682600
718300
684400
783300
742700
689400
710400
676200
801400
743600
716900
675000
813300
726700
712400
725800
755700
707100
726700
747800
721100
805500
717500
671400
720700
709600
713800
761600
687800
723800
793300
730500
749200
714900
701400
731200
721600
836800
679000
736800
724300
719400
729100
691800
731400
727400
787100
682200
680500
684100
691000
811800
710400
724800
714100
710600
719500
734700
681800
711400
745400
721200
796800
742100
718800
679100
738600
733100
731400
788000
725900
676100
721400
723300
677900
720000
754200
736300
682200
752200
747000
701400
770700
730700
756200
682200
703200
822300
706300
726700
717300
721600
761700
747700
713300
715800
769000
776400
778900
705400
728400
688700
677600
718700
717900
732000
712200
836600
744100
675400
878500
692300
717400
731700
704300
727600
749400
718500
689000
775500
752900
729000
679800
946500
747100
718500
690100
684100
779500
746900
753900
738600
757300
754900
731600
676700
703900
768700
983500
710600
765500
682600
718600
688200
678600
684500
718200
798000
716000
785800
687600
691000
675000
724000
760000
745300
721200
723400
722500
683200
709700
770400
744500
779000
769600
791600
713100
780600
681300
719400
811500
723200
723800
792500
680600
729200
690400
688200
760600
680800
721000
727500
752000
689900
675000
723700
681900
684600
706100
684100
711300
760500
724000
938400
761100
762900
783600
724600
715100
681900
675900
719900
730900
762200
741300
736200
809100
752100
716400
743800
724200
726700
747800
708200
800100
767400
685400
791600
772800
795900
723500
745800
745800
684800
752300
724200
678800
727600
945900
687800
719700
725300
787100
755300
779800
853700
780900
739700
722300
761800
724200
724500
690400
689700
680100
679800
685500
710700
780100
720500
772700
825900
785800
757300
807400
761600
801800
752000
676400
751900
751100
805100
682600
717800
836700
739000
722700
756200
723700
727500
860700
915600
739100
725000
879200
772600
678800
723900
753400
688200
712200
728600
755200
740100
728100
712200
836900
675200
687100
674400
743400
852100
748800
800500
726200
730400
736100
679500
681300
742400
704500
726500
674100
682900
716200
682900
743000
717600
680900
681900
725300
724100
712500
677500
725100
724900
704300
710800
729300
726100
687800
708600
715900
718600
943900
703900
711400
838400
701500
684700
713100
686700
755700
706000
814600
781000
694700
714000
686900
688000
684000
810500
740500
757200
684900
1119400
785700
802100
723600
683400
683400
752400
678600
674300
722300
954300
723000
677600
748600
726200
851300
764500
748500
754700
723600
727900
777700
736200
690200
679400
708100
682400
771000
722400
678500
775700
734300
747400
705300
708600
748400
697600
965700
680300
795600
682000
702000
764200
740000
716400
754500
709100
688900
714700
724000
708200
681600
762500
778000
680600
739200
724700
726000
762300
860900
678000
828100
729500
779200
675700
760300
721000
676600
708600
1096600
734100
679500
688300
701500
734900
689100
768800
751700
825700
706700
731800
736000
686200
677900
689700
832100
714600
721200
759100
729500
719600
735600
755300
893200
840200
802500
761900
716400
747400
684100
734200
689100
731300
727700
754100
742600
779500
689300
763400
688600
713800
892700
744500
746200
711400
766100
806800
831000
717900
802000
744800
720900
751500
674700
719700
736300
758700
865000
752000
758300
1013200
858000
734500
766500
725100
684300
784200
735900
707400
761500
740000
761800
800600
793900
789900
929400
951400
683200
706100
761800
734200
696600
678700
684000
728300
696200
833400
754600
797000
693900
896400
736900
687500
729300
683600
714100
703800
713500
765000
703200
677400
746700
762800
699000
748300
682000
714700
740700
748300
668500
715300
765600
717900
710800
721300
677000
718300
670400
672000
714900
719300
719300
862500
721500
722700
771000
788200
754500
770200
721700
910000
831500
794500
754200
683900
719200
694900
868400
692700
686800
719600
746000
788000
716900
709400
732300
721300
675800
760700
731900
758800
677600
693700
685500
720100
709600
675100
754300
778500
1004300
803400
681400
752800
751900
731700
738400
736300
727900
721400
817500
784800
682900
728700
712800
732000
688600
797600
766000
755100
756800
834900
708600
772700
703100
679600
680000
940100
723000
756900
741500
743800
715200
764100
772400
712300
729100
730000
724400
725300
672900
759000
725700
713100
683900
719800
715800
711400
716400
757100
754800
724600
710900
686900
675800
676300
703500
706100
707400
778000
739600
725700
689000
766300
757800
806200
723000
705400
706700
782000
794300
725100
703800
719600
835900
764800
938100
783700
839200
716700
706600
708800
678400
679200
698300
674300
702600
713200
669400
715400
671500
745900
722700
724100
718900
718300
685400
733300
784800
728000
681900
702100
703800
743800
678600
688600
718000
705800
727900
767200
771000
757300
750000
751500
683100
727400
745100
702900
744300
723000
725600
726100
736100
777500
778800
740300
705300
705700
703400
784600
899500
711700
714500
708600
796400
921400
714700
726600
833100
680700
713200
710800
718300
724800
744900
686300
814200
752200
926500
755500
712800
761300
714000
724400
748800
750300
706900
761100
727800
722500
678000
854600
745300
754500
720200
675300
681300
674500
750700
799200
673700
756600
704700
706600
746000
700200
745900
714300
682100
721000
711200
769800
744800
724600
735200
746400
754500
794700
772700
725600
701200
723800
715700
716600
720500
722800
836900
732500
752800
749600
761800
713000
805900
723800
682000
819300
873800
693700
750100
682900
682500
707100
721800
678700
772700
793700
789100
803500
786000
743400
742000
791900
673800
753100
745800
719400
726500
680000
782300
733000
711600
722000
720300
793600
679900
776900
747700
681100
672800
747200
679900
727300
693700
716400
718000
717600
699700
734300
677100
711700
718900
696900
675100
717800
737600
695700
692000
717500
687100
700800
888600
744300
704900
713100
703300
682200
757200
724600
755200
936600
677300
711100
686400
675100
711500
684300
734700
983100
782500
717200
718200
676300
776400
720200
752400
710200
726100
755000
684000
682300
685100
712300
750800
724200
725500
806600
850000
743000
773200
774000
