6941800
3460900
10817700
12054600
1916300
3475900
3270900
3230600
3158000
2499000
2689100
2565900
2439700
2463600
2416800
2353200
2391300
2496200
3422400
2398200
3497700
4574700
3176300
2400400
3128000
3211500
3243100
3271300
3253800
4939600
4701000
4745700
4821300
3335800
4649200
4816600
4446400
3241400
3218700
3292400
3186600
3186600
4459900
4841400
5903300
5831600
5730600
2520800
5950500
4802900
4406400
4607000
4516500
4484500
3850400
5775200
5865400
4711000
4349200
4773700
4586300
4741400
5792200
3834900
4511200
4553800
3584600
3412000
3176400
3207400
4551700
3366900
4625100
3315300
4697400
4555400
4783900
4537000
5880200
6303200
4456700
4511200
4833100
5330200
5954800
3187400
5200400
5837200
3965600
3205500
5871200
3200600
3181500
3143700
3106400
3201500
3208800
3169500
3199600
4615300
3452200
2381500
4206500
3203900
2396200
2397300
2404000
3352400
3410000
4961300
2381300
3925200
3156700
2657500
3382100
4306100
3825700
2532500
2532000
1929000
2375300
4268800
4264700
2435200
3335300
4386700
5754400
4498700
4297300
4350000
3069200
5875500
5533300
5832500
3033300
3093000
5421900
2955300
3109600
3185400
4256500
3034500
3118000
4287600
5588300
4278800
4294800
5641400
3278400
3263300
4379700
3145300
5542700
4494500
4372600
4382100
3112400
5434200
4496500
4247700
3118600
4263400
3111600
4288800
3038900
3037600
3060400
3024500
3194700
4407300
3076500
3079300
3026800
3331800
4263100
4287200
2358900
2639100
3891000
3100000
2355600
4247200
3267300
3302000
4169500
4212600
2627100
2310700
3270200
3324500
2999300
3064000
2933500
4514600
4285400
5125700
3245600
3031200
4403600
3026100
4257600
5713400
3093200
3110300
4349800
3132500
4435100
4400000
3083600
3148300
4309300
3122000
4427900
3087700
3054600
4257500
5521700
4310500
3341100
4302700
3307500
5519300
3051000
3080200
4373200
3058800
3276500
3439500
3370900
4502500
4241100
4518600
3121300
4256300
3040300
3049300
3416900
3285700
2632400
4516600
5776000
3081000
4285400
5642400
2420000
4295600
2924400
2416200
2373400
5149500
3419400
2595200
3053600
2448100
2464600
3424600
2505900
2360500
3261500
2364100
3298500
2377500
3088300
3053400
3277000
2320200
2314000
4001700
2396000
4132500
2640700
3794400
4420800
4030600
3985200
2795700
2628100
2378600
2450800
3208100
3169700
2389900
3402200
2314300
2762700
2302900
1879400
4198400
5559300
2498700
2583500
3267300
2401200
2301700
2508500
2385500
2327600
4521800
4228900
3061700
3564000
4585700
2553900
5561000
4335100
2365000
2316500
4358900
2304700
1898500
3347900
4165500
3126200
3130600
3330000
2395000
2414900
4211700
2525300
3158100
2362200
4303100
3078300
2483300
3144500
2369500
3158800
2283200
3465200
2322800
2357800
3283300
3278300
2381700
2329200
2383700
3211600
4245600
3810200
3466700
2415100
2712300
3602500
2451200
2530600
3277100
3329700
2641200
3360100
2298500
2354900
3267200
2328000
4660000
2365300
3403900
2675400
2371500
3100700
3094800
3089800
2366600
3229100
3032600
4194800
3072300
3126000
3045000
4548000
2331700
3020400
3061700
4019000
4893600
3072000
3048000
4282900
3090400
4479400
4269400
4348400
4232400
3101500
3126900
3043000
5512100
4664100
4396300
4420700
4460100
3153500
4287700
3067000
3079000
4335500
4575800
3245300
4293400
5469800
3254100
3236800
4343100
4382800
3192800
4196700
4277900
5568100
3056100
3215400
4710400
5475600
3245900
4555200
4326100
3044300
3069900
5486500
3264000
3066100
3192400
4231500
4438200
4342300
4326800
4204500
3358900
4612900
4186300
3091600
4297400
3070900
3065800
4580400
4367300
5489400
4495600
3044500
4330100
5752200
2366100
4381300
4260700
2446200
3123300
4319900
3025600
3059000
4407400
3116600
2936300
3044500
4300300
4267000
3267800
4236300
4238000
3071900
4291300
3238100
5529300
4547200
5679800
5671300
4481400
4650700
3105900
4624000
2502700
3378600
3395600
3158600
4498600
3225200
4518900
2479200
3206400
3193100
3218400
3197300
5748700
3202400
3470500
4346700
3181500
3577500
4400000
3272700
3235000
5649300
5717800
4509600
3206400
4430000
3312000
4393000
4578900
3061400
2692300
4571200
5836200
3192100
3145300
4368900
4522400
4481900
3188200
3156300
4438600
3318700
3852200
5631800
4377800
4506600
3223000
3472200
3181100
3655400
4470100
5592600
2401800
3142800
2475200
4459100
3432600
2513600
3813200
2345300
3166200
4471400
7243300
3221000
5417200
4437800
3176900
4345000
3195400
3195100
4374200
4429600
4711500
3222800
4471300
3134000
3272900
5919800
5738600
3190100
4751800
3123900
5771500
4487100
5802800
5736000
3367100
3119000
3245400
3234900
4395700
4392900
3154200
3146000
3224200
4534700
4499400
5792600
4427700
4430300
3158100
3146100
3124800
3223200
5758200
5595400
3488400
4419400
3291900
3897000
2457900
2550100
3406400
4250200
5594700
3379700
3336400
2446400
4159700
3227100
3496000
4352400
5816400
4295200
4236900
3240700
3205300
3342400
4581600
4333600
3476100
4323500
3208800
3192100
3411800
3464300
3166500
3097100
4482800
5644800
4251400
3527600
4513600
3226000
3691500
4495700
4438500
3150700
3092700
2384100
6047600
2387300
3082500
5674800
3266300
3157500
3385900
4531000
2473200
5667300
4370200
2593800
3377700
3310100
3574700
2373400
4309900
3220400
4736800
3294000
4350700
4424800
3558800
3273100
3119800
4512200
4472300
3228400
2594400
3106100
2999300
3183300
2510100
4588100
3456400
3138600
3150200
3142500
4318000
3507000
4401600
4415200
3162600
4182800
3143000
3272400
3244300
3427900
3184400
4418800
4511400
3177800
3190000
3184700
3170600
4638100
3140900
4414400
3140800
3574700
4570800
5665700
3150500
4424400
4367300
3190500
3263800
3227000
4480900
4446800
5733700
3261500
3726500
2470400
2360400
3296200
3356100
4244200
3285500
4369300
3237700
3173800
3137500
3057500
4349600
5669700
2520500
5651200
4458000
4351800
3397800
4447100
3245100
4222000
2464400
4620900
2827100
2410100
2442800
2347900
3284900
3151000
2400800
3410600
3356900
3663300
5628600
4431300
3174200
2381700
3456700
2544400
2326700
3349600
2347600
2425700
2351900
3138800
2356900
4437800
5725300
3130900
4504800
4409200
3249100
3144500
3236400
4568400
3145700
3115300
3310600
5716300
3226800
3194100
4644600
4552300
4402200
5624800
3354700
4487200
4363600
5911000
3100400
3121600
4462700
4505800
3233000
5568500
4490500
3161500
3348600
4694000
4385000
3140800
3236900
6044500
3091100
4387200
4558400
3231700
4430300
4403900
3144100
3154800
4375900
4441200
4352000
3128300
3234100
4655700
3175000
3210400
2462300
5559800
4467100
3211700
4498400
4498100
3250400
4330900
3209900
3394500
2429700
5659400
3122500
4509500
3497500
2409800
2366800
4475800
3152300
3142500
3086800
3198600
3078700
4259100
2654100
4960600
2465700
2413600
5675900
4347900
3310900
3317400
3046800
3077700
4261300
4203000
2553100
2921400
4326500
3107000
3030300
3039500
2374100
2722300
4301300
3059100
2302000
4254300
2320900
3122000
3081600
3104000
3773400
2328900
3130300
1925200
2291600
2306200
3331400
3255000
4295600
2337100
4213300
3278800
3282700
5638900
3353600
3227900
2379600
2310500
2631800
4261600
4373300
3085500
3142700
4222500
3073100
5455800
3376300
5146100
3318200
4222400
3415100
3140900
4389600
2965000
3234200
3275000
2286000
2326800
2664500
2315200
2332700
3354000
3243300
4378900
3041800
2318400
3005500
3048700
3063200
2660400
4403200
3298400
3038400
4205500
3039300
3043200
2876500
2355300
4326400
3305600
2957200
2298700
4927800
3346600
4100900
2434200
3317400
2321300
3301600
3179600
3175500
2397200
3178400
3257400
3311200
4212100
2292100
2327800
3285900
2353600
3060600
3254000
2390800
2564900
4256900
4288800
4714300
2506400
3314700
3297300
1882500
3209400
3079200
3045100
3083900
3121000
3221400
2308900
3081900
3311800
3258100
4268800
3337200
2283300
2308800
3152200
4442800
4251700
4306900
3118400
3073700
3073000
3288800
3207800
3281200
4283700
2557900
2303100
2612900
4317100
3282500
3086300
3104100
4332900
3400000
2687900
3781500
5460600
3055200
5543200
4217700
2332000
5461500
2492800
3348000
3325500
3394500
4347800
5581400
3279800
3159900
2378200
3465000
4311700
4249700
2409900
1954200
2789000
4424600
5725800
4141000
3077100
4044800
4301000
3417400
4286000
3315900
3102700
2359100
3216600
3123100
3083900
2370000
5550200
3101600
2863500
2350400
2463700
3316700
2642000
1944100
3323600
2385000
4263300
2489300
2309600
3700800
2531600
2843000
2507700
4440500
2341300
3118700
3102800
2306100
2369100
3149300
4364700
2399000
2352100
3131900
3292500
4400400
3633800
2401900
2439600
5491400
5617900
5581400
2404400
2392300
3542900
2456000
3110300
5585400
4124700
4383900
3126800
2383300
4290500
2383400
3243000
3118200
3188300
2472900
3520100
2563700
3352800
2753500
5572200
2697600
3850900
3070100
4298800
2295500
4327500
2550200
3166800
5637900
3065300
3136100
4382300
2942000
2910000
2405200
2342200
3530000
4363200
3291000
3488600
3775400
4462300
2459300
2386700
3293000
3669800
3251100
3794500
2619000
3304900
2342100
3396900
1908800
2518200
3822500
2367200
4274000
2346700
1892200
1918200
3462900
4242300
3834200
3013500
2394500
3575100
2452300
4451900
3620700
2658100
2396700
4353300
4138600
4185400
2336300
3387000
4560200
2314500
2316400
3463300
3640600
3238500
3574100
4663300
2375800
3588000
4249600
2462700
4279100
3246700
3299200
3287600
3251300
3366100
2394100
2360000
4353600
2938700
4306500
2501300
2442100
2331700
4153700
2387900
4276700
4243800
2525100
2362800
2419300
4185800
3289800
1874200
2365400
2427800
2414400
2418600
3544600
2345800
3646500
2364400
3363400
2285000
4224000
2371600
2330500
3317000
4261200
2344800
2380900
3440300
3247500
3269900
2374900
2516800
4383300
2702300
4300700
2528100
2336500
4252400
2421800
2862300
2412000
2411200
2400100
3327400
3319100
5154200
2341200
2536500
4275400
4166800
2437600
3356600
4337600
3976000
2450100
3494400
3583200
1929600
4527000
2315500
2372700
3470100
3091600
4156500
2424300
3456900
2382700
3633900
3377500
2369900
3281600
5127000
3383000
4319700
3502800
2448500
2408300
3329600
2468100
3342100
3274300
3596500
3994300
3312800
2392000
2409200
3781000
3405800
2377100
1907800
2379300
3272800
2458100
3457100
3444700
2366000
2426900
2356000
3360500
2713100
2447800
2368400
2760800
2365900
2342000
3337300
3434500
2344800
2513700
5545200
4154900
2440100
4395900
3180800
4511100
2349700
2360200
3256900
4407700
2401000
4379600
2536400
2378500
4248700
2447300
3375300
3433500
2359700
4253400
2547500
2581700
3353400
2369500
4967700
3189500
2376800
3298600
3265000
4384500
3160300
2444300
4364400
4388200
2064000
4378400
3226500
2463900
3452000
4379800
4338700
3177500
3163600
3339000
2607900
2801600
3115100
3238400
2843600
4511400
3190800
3149700
3555800
3650800
3524900
4656300
2469900
3371200
4294400
2619700
4314600
2418800
4329700
2480200
4337700
3318300
3328200
3496500
2355900
3527700
4313000
3235400
3579500
3814500
2437800
2397900
3904900
3488400
2377400
3516200
2407500
3252400
3350100
4356300
3300800
3287200
3497500
3292800
3403900
2401700
3437000
2484300
3293300
2396500
2383000
4619100
2441800
2453600
3692000
2408300
3429400
3557200
3363600
3243100
2419800
2448300
2425800
2651700
3494900
3607600
2382500
3358500
2532000
4300600
4323000
2458800
2713200
2393500
4264600
3686200
3384500
4297400
2389800
4295000
3398200
2413900
2526800
4293300
3267500
3321000
2571000
2435900
5088300
3261400
2370400
2362300
2436300
2420100
2470200
2458300
2344700
2419000
2601900
2478700
3539500
2398700
2594500
2560900
2606800
2430800
2414500
3445000
2371900
2451300
4242700
2372500
4317500
4347700
3382100
2870600
3246000
3439500
3578600
4482500
3363800
4440400
3391600
3200200
2478300
4396500
3184100
3258500
3328100
4871000
2358000
2354900
4741900
3260700
1962300
2662700
3205700
3457900
5670600
2478900
2444700
3403800
3369100
2476900
4768200
2475500
3421100
2402200
3448600
2428800
4232200
2481600
3611400
2529300
2649400
3401600
3321700
4411100
3394000
2416200
2368100
3364600
2390200
1457600
2417700
2364500
3279900
2436800
2498700
3456900
3489900
2391800
2479400
3397000
3389100
4245800
2379900
3432800
3481000
2435800
3379100
2435300
3358000
2387600
2497100
2588600
3278600
3371800
3359600
2445000
2350000
3435900
4523200
3535400
2369900
3443300
3487200
3435400
2452200
2415300
3412500
3349200
6884000
2585300
3585300
2536300
3379100
2584200
3658700
3450700
2447800
3469500
3687700
2528000
2891200
4761500
2463400
3127600
2464400
3299800
2558700
3292600
3192100
4442800
5597200
3545500
2427800
5706600
2555900
3456300
3508100
4166500
4496900
2577300
3022100
4444200
3263200
4840400
4598800
3218600
3209900
3188900
3183900
3361800
3517100
4646800
3470300
3396700
3071200
3574500
2456100
4358800
4346500
3388100
4292000
2376000
4314500
4143600
2454800
3593200
2435800
3451800
3232200
3160800
3107900
3438100
3363400
3359400
2591500
2436800
2813600
2637300
3306200
4121100
3337500
3378500
3414800
3337300
4512500
2466300
2398300
3535400
2532700
3388100
3395700
3464800
2501900
4003800
3277600
3276600
2558300
2527300
5530200
3137400
2322400
2326400
3088500
3219800
3109700
3310800
3130400
4312500
3063200
2823600
2867100
3092800
3080700
3623200
4365900
4319300
4333900
4311500
4287400
4315300
2385400
2484700
3155600
2926000
3299500
4443300
2291800
3462100
4212300
4191200
3477000
2523800
3326800
4783900
3108600
4352000
3102000
4242900
2925700
3292300
3174600
4252100
3453400
3150400
3136200
5670300
3082200
2478900
2342400
4227500
3341400
2441300
3527000
4188800
2348800
4322900
3040200
3099500
2431900
3210600
3107500
3106600
2433100
3108700
2359000
3293100
2592800
2380700
3070600
3505300
3091100
4320300
3092000
3126200
4520600
3098100
4422100
3124100
3079900
4389000
4323200
2493300
3191900
5591700
4308900
4408900
4397100
3286500
2456300
1884300
3193200
4360400
4356400
3508700
3113200
4504800
2391300
3424200
3485100
2376600
2495200
3204300
2311300
4195600
2520900
3581300
3421700
4391300
2015700
5548200
3518800
4241300
2539000
2533600
2292700
2369600
3080500
4329600
3081500
2445900
5433500
4128500
3076800
4324500
4313900
2548900
3385000
3098800
3113200
3034500
4175200
3308400
3473800
3305500
2508200
4361200
2945100
4281400
3121200
3516200
3433700
4403500
4515800
4123300
3443000
2425100
4373500
5038700
4231200
4324200
3046600
4388300
4440200
2336000
4275500
3011200
3570600
2348100
2352700
2415600
3388900
3314300
3050900
5467200
4326100
3087200
4267800
4262700
3311400
4316500
3097900
3170100
3092800
3359800
4355000
3059400
3570900
4215900
4248400
2696900
3077300
3303600
3487600
3207300
3110500
3145700
2284200
3074800
3446200
3213400
4114100
3173700
2389900
2449700
4131500
2316700
3982300
4134400
2323200
2499100
2459300
3314400
3274200
4376200
3241100
2368100
4243900
2361900
2339800
4136300
3278900
3300300
2313300
2368900
2393500
2493400
2412700
2319200
3223900
3236900
4275200
2398800
2526200
2525100
3052700
2449300
3497000
2340500
3033000
3301000
3322900
4310100
5043200
4348800
2392500
4599200
5665000
4126600
2504400
3365100
3216900
2436200
2366200
2486900
2387900
3322200
4911300
3058800
4355500
4284200
3351500
2587700
3545900
2578200
4382200
3399600
3480700
3378700
3314400
4478100
3336200
2343900
2756100
2559700
2533200
2611200
3029300
2316000
4331800
3106500
2162700
3646900
4255800
2447100
2364100
2411400
3429200
3289100
3372300
3272900
3035200
5472000
2338100
4320500
3035100
5452000
4184600
4266900
4448600
3036600
3232000
5448300
2510500
3212600
5518200
5544400
3068200
5450800
3061700
3019200
4386600
4492200
3263100
4470000
3084700
3060900
4283700
2771800
3027100
4240700
4388500
3028800
3075600
4330400
4317300
4234400
4251000
4310000
3105500
3077600
3016400
3104200
3040000
4236000
2405200
3065400
5021900
4261600
4250600
3030100
4315000
3083100
4304300
4203700
3044600
2390600
2377900
2436400
3493600
3243800
2394800
2618400
3262900
2734500
3431700
4064300
3250200
3106800
4288300
3086100
4304700
2307400
2388400
2375100
3461400
2435500
4255100
2584500
3624300
3771600
2405900
2649400
3107700
2935300
3054700
3372500
4229400
3059000
4352600
2356600
3811700
3048000
2308500
3079600
4281400
3066300
2598900
2344300
2685800
3251100
4273700
4205700
4234600
2587200
3585500
3423300
3063300
2424700
3085500
3259800
3287000
2340600
3231700
3343400
2677600
4156600
3292400
3249300
3315000
3129700
3315800
4186000
2484400
2382600
4272100
4168800
3105700
3082500
4311600
5431600
3048300
3048700
4364400
3093900
3447600
4376300
3443800
3350700
3593200
2545700
2382500
4217600
3403000
4401800
2346500
2374300
2394700
4340100
4327800
3075800
3477400
2411100
3250600
2546200
5751000
3229000
2367300
4266600
4135000
3124500
2360900
5490500
3077100
4339600
3040800
3068600
4120000
3368200
2419300
4223100
2396100
3030900
2292700
2384200
3646500
3433700
3502500
3407800
3068200
3108700
4390300
3384700
2381100
4316200
2376700
2771200
2412100
4270100
2351500
2316200
2438600
3489200
2541000
2456600
2910800
2484100
4398400
2824600
5490400
4110700
3271200
2463100
3303800
2303000
2298500
2326800
3321700
3227900
2410200
3357900
2303600
2546900
3510000
2418300
4119400
2363100
2302700
4280100
2260000
3324700
2327400
2394200
3400500
2342200
4146000
2316200
4326800
5561100
3079100
4329600
2353500
5073800
5473600
5458900
5530800
3494200
2983300
5448500
4204300
4362300
4388100
4245100
5363400
3197800
3253800
4300100
3239100
3080700
3525800
2355600
2653400
3561400
2431100
3218600
4270600
3588000
2550200
3200300
2414400
3091900
4314300
4255500
3381500
2664000
2371400
3616200
1871000
2443500
2326400
5532900
3029800
3023900
3013500
3089900
4612000
3850700
3060700
4269300
4295600
4573300
2437100
3077900
3337400
3025300
4215000
3045500
4309700
3120200
3354800
3436500
2313000
2370200
2981500
2388000
2015100
3061400
3382600
2551200
4285600
3360600
2302500
2315600
3037300
3394200
2995500
2571300
2492900
3150700
4337000
5542000
3289600
4198500
4257000
1968400
3241500
3267600
4143900
2320600
2406200
1909600
2303900
3541800
3282300
2477500
2297700
3433100
3007800
3471600
3296000
3303900
2405300
4143700
3344600
3236200
2312500
2366200
3315200
1863900
3288400
3477200
2357800
3302600
1870200
3189200
2341100
2299200
4139600
3617900
4323700
2418400
5572100
4362900
3096300
4354700
4378500
2447600
2456100
2370600
4339500
3259900
2340300
3076300
2410700
3470300
2456700
3076900
2277200
2521500
3600700
2309600
4272600
2885900
3080400
3059200
3316700
3043800
2904700
3027600
4215700
2457500
2358100
2258400
3192200
3139900
3328700
4252800
4228200
4246200
4201700
3246300
4157600
2606700
2478700
4268300
3255700
4351900
4166900
5505900
2367700
4331100
5495900
4002500
5302100
3081500
4117800
2461600
3106300
3041100
3071200
3068900
4405800
3055100
3985100
4270900
4643700
3584800
4244500
3040100
3088600
3073300
3094900
3064900
4243100
3071100
3048800
4290700
3082400
2924100
1931500
2337200
3392100
2440000
3283800
3209900
2526200
4180000
3296500
2359700
2486300
2379800
2438700
2336000
2329100
2403400
3266900
3229800
4396900
2357100
3296700
2290600
4290100
3325900
2359000
2600000
3430400
3342300
2374100
2400900
2434300
2656000
3354300
2887300
2436200
3309400
2312100
2337300
3348500
2429500
2425700
2333700
3381600
2308900
4193400
2368300
2297400
3211300
2410700
2419000
3236900
2386200
2352300
2403300
2317200
4189600
3342400
2400600
2370900
2381000
2322700
2261000
2343400
3208700
2355700
3406200
4120100
2355800
3382200
4165800
3335600
4309100
4286400
4309600
3287300
3348700
4308000
2438800
2983800
2373700
3404800
4279700
2278400
3192600
3434600
4662100
2803900
5028500
1891800
2468300
3253400
2470900
2404200
3240200
4302700
2450800
4235500
4308500
2848300
2402800
2390600
2327200
2331300
2306900
3309900
3262600
3016800
3046600
4240800
3787400
4085400
2678200
4197600
2306200
4297400
3288500
4262500
3555200
5670700
3069500
2372800
3075900
4225200
3160400
5470800
3337200
2372300
2349200
4258200
3298200
2428800
4364000
2509200
2432400
3300100
3644400
4212000
3308400
3222100
3294700
2454700
1924600
4148600
3367400
3308600
2464900
2949500
3130500
4200700
2315100
4316700
3460100
3053800
2860100
2311700
2392900
4352900
2554300
4254000
3351100
4251100
2483500
3335600
2288800
2034400
4365500
3375500
2330400
2427900
2285900
2330400
3306500
2425000
2365300
3478200
2641700
2374100
4225100
5551000
3044400
3040500
2427900
4284100
2611000
2300300
3223200
5848100
5548000
4180300
3094700
2644300
3088700
5128500
3097800
3747100
2276800
4354000
4462900
2407700
2474800
2497000
3608300
5691300
4556600
4477800
2344000
2223500
4850100
3283400
6368100
2504200
3453700
3630600
3659000
2520300
2477400
3451100
2528500
2427700
2379400
3314500
2460300
2557700
2545400
2595800
2390900
3421700
3425600
3344100
4302800
1910200
3481900
2708300
4147400
3475100
5039200
2391800
3435800
2661200
2426700
4658800
3413000
2522500
3611000
3399000
2495600
3834100
4410200
2503800
3542500
3373600
3436600
3458800
2388100
4575800
2610900
4598900
4549300
2398700
2401200
2453900
3383700
3353300
4271500
3392400
3229200
5737100
3270900
3197800
3221000
2980300
2619100
2003700
2439000
3443300
4539100
3335700
4565900
3169000
3543400
4632900
3320900
4406700
4444100
5860700
3273200
3336100
5871600
3231900
2567600
3235000
3258200
4624500
4330100
3318500
3251400
3161500
3212100
3280300
3273200
4494500
3405000
4526400
4647600
4483500
4572700
3378100
3261700
5826300
5688300
4434600
3222500
3275000
3262200
6051700
5656800
2554700
2607200
2841800
2396500
3574500
4505000
3479100
2440800
2594200
2640700
2491600
3245600
3235800
4524400
3335200
3251300
3350400
6057900
3327600
4413400
3286300
3577600
2515600
2533400
3426400
3467100
4782300
3436900
3294000
4648300
4993500
3231000
5803900
3325500
4789700
3288500
3450700
3350100
3318100
2754900
4653900
6418300
3299900
3600200
3327700
3572800
2853900
3983600
4422200
2464900
2465200
4167200
4717200
3378200
2594200
2549000
3562800
2735200
2365900
4500200
3286300
5847700
4529000
4446800
3066200
2637100
2453600
3418100
4763800
2515700
2467300
4951700
3191200
2591500
3440300
3696800
3486500
3619100
2482600
2631100
2598800
3701900
4971100
6063600
3647800
2592200
2634200
4639000
3314600
3381700
3097700
3569000
3246700
3486300
3234000
3264600
3210700
4545600
2355300
4514000
4618100
4837400
3383700
4522900
3680900
4490800
3233800
4839000
4490600
3323400
3201500
4769300
4904200
3368100
2696500
2526100
3490400
4623500
3336700
3761000
4263000
6844600
3526000
4651100
3617600
3481900
4548800
2407500
4573600
2484600
3393000
3163500
3321300
4533900
2441300
3907000
2529200
3219300
3322300
3548900
3395300
6033400
4455200
3542000
3694800
4398400
2391700
2437900
3134100
2443100
3374300
2487400
3706000
2370100
2450600
3252500
3008200
3271800
3847500
2698900
2455000
2431000
3253700
3301000
2624100
2535000
2430300
4912400
4484100
3522700
2394900
3165300
3210400
5032700
4565800
2743000
3308200
4481700
4459800
3227200
4856300
5782800
5157800
4784400
4529900
4530500
4604000
4668000
3285400
5732600
4522400
5716800
3178200
4514300
4456500
5003000
3305500
5921500
3178500
4560300
3157600
3579500
4939400
3567800
3384700
3380600
4537200
4620000
3239900
3377200
7281100
3278500
4564500
4578500
3367500
5811800
4479400
4611600
4526400
4450000
3240000
3694100
4478300
3184400
4484800
4452500
3166800
3214400
4621300
3747400
3395400
3332900
4763800
4558500
3253400
3220900
3568900
5747000
4454400
4552300
5874600
3450000
4460100
3120400
4353100
4533900
3023100
4254600
5571000
3226300
3263500
3053800
3286500
3169200
3593000
4422800
3184300
3058100
3026800
2961800
3085000
3452600
4514300
4437900
3144200
3046500
3002000
4326400
3140700
3042700
5180800
3402400
4301400
4503400
3696700
3216200
2972500
2854000
3039600
3296300
3093400
3106200
5372600
4168600
4292300
4360800
3066300
4472500
3092300
5629700
4253700
3168900
4376000
4282200
3110600
2556000
3047100
4356100
3370100
3154500
3059800
4071400
4257500
4418800
3303700
5647800
4379100
3150200
3021600
2316600
3931600
3806300
4270700
4481500
3250000
2964100
4412700
3378300
3110100
3509500
2386600
2316400
3308400
2474300
2457600
4896300
2433600
2297000
2603200
3571100
2495800
3189800
3469600
2447400
4560800
4220900
4126600
2308300
4296000
2378700
2305800
2359500
2439400
2983300
2353900
3900200
3369100
2503900
2996300
2521200
2646300
2574600
3895200
2542100
3427700
2318900
3236500
3708100
2664400
3200900
2381200
2548200
3227100
2352700
2301400
2393100
2310400
2557400
3419400
3142400
2938900
3216300
4327900
3002200
3076100
3029100
3039100
4288200
4215100
3070700
3060000
3008600
4433400
3489900
4839100
3075000
4374200
3080800
4293800
3126500
3115000
4536500
3138500
4454200
3639400
3572300
3380800
2752900
2478100
3376800
3837600
3406400
3272800
2945600
4536100
3246500
3386900
3141300
3102200
2474700
2407300
4388600
3430200
4503400
3088400
2476100
4554100
3281400
5166000
3166600
3504300
3537000
4036600
3614000
4449500
3332000
4385100
3285600
5301800
3604700
3395900
3153400
4291200
3147900
3261000
2364200
2320000
4367500
4773100
2842300
2651700
2380800
2394200
3054600
2443800
3328700
4337100
2331800
2428500
3519800
3638500
2319400
2308200
5588900
5238000
4683700
3410100
4550600
3004200
3194500
4625600
4344600
4810900
3260100
2394500
3318200
2491400
2597000
3708000
3207500
2370200
3052600
3057300
4354100
3083500
4433000
5385400
3108600
3264900
2493400
3322800
2879600
2366000
2440100
2677800
3217500
3320300
4268000
2732800
4844300
4769000
4576700
4277700
2486000
4622700
3840700
3233800
4518100
4245700
3208800
3216400
6090600
3136200
3088000
4661800
4508700
4444100
5484200
3109400
3329200
3198500
3334800
2640100
4985500
2521100
3531800
3377200
3297200
3059400
3167400
3101900
2581200
4240700
3192200
3161900
4595700
4329800
4365900
4252400
3384300
3608100
3281300
2599100
3057400
3117200
3164000
3242900
4549900
3140400
3072800
2471700
3120700
4412600
4526900
3136400
4389800
2989300
3351300
4696400
3081500
3078100
2429800
2376400
3315100
3394400
3208200
3111900
2393800
3055900
3022000
3116900
6047800
5556200
5652900
4687100
3100300
3255100
4359600
4665900
3326400
4382900
3165100
4377000
3185600
5572700
2431000
4315100
3114300
3096900
3160200
3029000
4586700
4477700
4501000
3482900
3854000
4546600
4550200
3351600
3112200
3273400
4628800
5680200
4428400
3087000
5375300
2951900
3420400
4443000
3477000
5741700
3211400
3507700
3077000
3072500
3013000
3043100
3035900
4431300
4283400
4250800
3162800
4625700
5725400
3166900
4406200
4208600
3016400
4303700
3042800
4372400
3034700
4425300
4367500
4359000
3478000
2426700
3531500
3484500
2845600
3669000
4009300
3160000
4328000
3306300
3118700
3096400
4329600
4394500
4433800
4293100
4689600
3176500
3133100
3027400
3102200
3079500
4430300
3117200
5478900
3058400
2353000
4305300
4162600
2987500
4232500
4289100
3131100
2371600
2414800
3030300
2316600
3098700
3637700
4421600
4352000
5882400
2117600
2696100
2786500
4279200
5694900
2353500
2578000
3939800
3413900
4518500
2698500
3317100
4582500
3000700
5196600
6055200
2587900
5928700
3304600
3226100
3343500
6157700
3738900
5715800
4519400
3966300
2493000
2494100
3360200
3387000
3024800
3262700
3607400
2369900
3124000
5557300
3692900
3501000
4417600
3415400
2432900
3094500
4508600
3322200
3196100
2360200
3218000
4122100
2996800
3441200
2376400
4195000
3224700
2340400
2330300
2421300
4487400
3368700
2356600
3328700
2439200
5625600
3341200
3334800
2397600
2770300
2276800
4403300
3334200
3520800
2700100
2799900
3761100
4754900
5558300
3101300
2374700
3552100
2331500
2396900
3258300
3236700
5555000
4283200
2398800
2325700
3501600
3142400
3097100
4386600
3058500
2981100
3260100
4278700
4694000
3304000
3339400
4388000
3594300
6137100
4305100
3206500
3151200
4567700
4652400
4312400
3358400
4449000
3058600
3308200
3076400
3355700
5958100
5561100
5010700
3142700
3200800
3055400
4286400
3744200
3103900
3128400
3152800
3365400
3305900
3046900
3063900
2346300
2415200
4251600
4908800
4160800
2410800
3343800
2435300
2421200
1894800
2944000
3389900
4269700
3302900
4347500
3161700
4346800
4106800
5512900
4238300
6197000
3382500
2986100
3057900
4933200
4404200
4325800
3406800
3237300
3002600
3187500
3087700
5555400
4446400
3098600
5735200
3170100
3127000
5462900
3079800
4856400
4331900
5608800
3062600
3251300
4641100
3051400
3209200
4541600
4223700
4321900
3010800
4260700
4648700
3410400
4233100
2350700
3296300
2880600
5667000
2386400
2385500
2339800
3311300
3332500
4287700
3125100
4499300
4312800
3107600
3244700
3263200
3037400
4465300
4573900
3064800
3060400
4295000
5423100
3203800
3030200
2369200
3026800
3053500
4493400
3129100
3067000
3078500
5476000
5759600
3037300
4258800
4562000
4289300
4335800
2512700
4291400
4327800
4271000
3137800
4399600
5509000
4224300
4223200
5639700
3006200
3171000
4339500
4530600
4380300
4259100
3349900
4324800
3138600
3110000
3055100
3160300
4383000
5493200
3054000
4319800
5880800
3051700
3090600
5640700
4479100
4419800
5943800
4277900
3059100
3065400
3093200
4378400
3169600
3264600
3075400
4308500
4273700
3097800
4326200
4296700
4325800
3433200
4228200
4269000
3034800
3044100
3048200
3078200
4324300
3374900
4437800
5532600
4237100
3312400
3074400
3303300
5694800
3007700
3059500
3022300
3077500
4345600
4473600
3097800
3411400
2335900
2474400
3350600
4925800
2609700
4540200
3237600
3003800
4181000
3474400
2609100
5673100
3088000
4333800
3406200
3058500
3359000
3094600
3113600
4740200
4255900
5455100
3271100
2611300
3934000
3326900
2835900
2936200
3361800
3810200
2441200
3481000
2446400
2538600
3284200
2530300
3468600
3389300
4253100
3228300
3305600
3446400
3315200
3170800
5622500
2672100
4066500
4199900
3514700
2446900
2436000
1924000
2290200
3632700
4236300
2343300
2373700
2375900
3949500
3105100
2381800
4257400
2348700
2350000
4133000
4428500
6059800
4347900
2692300
3124000
3145000
3180000
4314000
3172000
5967600
3205500
3113600
3714900
2319300
4550200
3370700
3439700
3207700
3178600
3029400
5028300
4502800
2985400
3253200
5059400
4555400
4837900
4901800
4817100
3207600
3348800
4729400
5138400
5660400
3449400
6354700
4608500
4979900
3478000
2502100
2875100
3313500
4939100
3406300
4242400
3259900
4587200
2663900
2735500
2929900
5592500
4989900
7015400
2567000
2784300
2579100
4962600
3846200
4773600
3400900
3304100
5892400
3334100
4761800
4808200
2705600
3207300
3224000
3328700
3491900
3849000
5123700
3229800
2679400
4603700
3417700
4375400
5834500
5646300
2643700
3967500
4439000
3325100
2483100
4048700
2436900
3202200
3789100
3339000
4642100
5821400
4056500
5941700
2866600
3326900
3270100
3288200
4637900
3292000
4816800
3253000
3638800
5829400
4516700
3310100
4497800
3582200
4484000
4470500
3223900
4999400
3705800
4699000
3384100
4561400
2443700
2366300
4568400
3345300
3391300
4470400
2361400
3597300
3231800
5873200
3691900
2014800
2576900
4131400
3372100
4555900
2360600
3573000
2636500
2716500
3503500
4358000
3751100
3584100
4640000
3653700
2404300
4541100
2390100
3396500
3392200
3445700
3702600
2522300
2761200
3192500
4417300
5662400
2751900
3522900
2562100
3584300
3344000
3253900
4576400
3665500
3304500
2543600
2513200
2546300
2514900
3168900
4500200
3747000
3488800
3419900
3229100
4483300
4495100
4507300
3373800
3153300
3696500
4465900
3197300
3177400
3247300
3228100
3512400
4584600
3244300
3145400
4525900
3245600
3646300
2934100
4206100
3707000
4587000
3198500
6530200
4791100
3637200
2622900
4468600
3503200
3468000
3469500
3266600
2521000
4702500
3830000
2940900
2929900
5034900
2657200
3046300
3724000
3194800
2416500
4533300
3911000
2475000
4461200
2517700
2590700
3408100
2466400
2099100
2504000
3641000
4657500
3490100
2505400
3511600
2560600
3346700
2446800
2496400
2497200
5914100
2334600
5083000
4001200
3724600
4159200
2527400
3403700
1950000
2543200
4289600
2860900
3581000
2591800
2378400
2379800
4795600
3789900
4823500
4694700
2658100
2475100
3448700
2561900
4215800
3474600
2449900
4259300
4827400
3451600
3151900
3347200
4609100
3290000
4549700
3230000
5877900
3826900
3400700
3319300
3476300
4577600
4594300
2806100
2446300
3385200
4335700
3545300
2536200
3700800
3259800
5947500
3220000
2504800
2502100
3482000
2511000
3365700
4251000
4447200
2425600
2628500
3418900
3450200
2696900
3207700
2540000
4491800
3341400
3310800
3393400
3301400
3409000
4263700
4629800
3339700
4248700
3293700
2820500
4566200
4739600
6016000
4558700
3310300
3307800
4509600
4517200
4681600
3522400
3231300
2522100
4453000
5927100
5695900
3230000
4382700
5807900
3246400
3143400
4464900
4459700
3337600
5972600
3233900
3324000
3170700
4895900
3544800
4585000
3700100
3206300
3170100
4869300
3214800
3263100
3234100
4550100
2212000
3880600
2784100
3767400
4920200
3213700
6104100
3302100
2560000
3617300
4359200
5166900
2556800
5788300
3420300
3190000
2333900
2395000
2639200
2408800
3456400
3237400
4475500
6033800
3261600
4633000
3204600
5838100
5837100
5890400
3581200
3297300
2675900
3203400
4603200
4834100
4392300
3254200
2578300
2508200
2597600
2687100
2682200
2489700
5590900
2651000
2874900
3003100
4293200
2475800
2435000
2498900
4598500
4603500
2732100
2589800
2531300
2533700
3931700
3581600
2777100
2909000
2686900
2839300
3479000
2364300
3297200
4318500
3249200
2437500
4677900
3213700
3043900
4498100
6134500
3421200
4712100
3315800
4443000
3222800
3267300
4430100
4683100
4583000
4753500
4529000
4865900
2754700
3405500
4726400
3848100
3281300
3249600
3204300
3855600
3805600
4534600
3498700
2479700
4764500
3629900
2879100
4699800
3433200
3809300
3289400
2509500
3337400
2516200
6081800
4636800
2359600
6143900
3251300
2594100
3268900
3262500
2398300
4645500
3222100
3219400
3148500
4905200
4557300
3681500
4667200
3627200
3402200
2951300
3616900
3761600
3464200
4783800
4711600
4506700
4592200
3362400
4470600
3265300
3217800
4482600
4504700
5809000
2476900
2445200
6045000
3430600
3222600
3528300
4598700
3514300
4111200
4279800
3651600
3144000
4184600
4106200
4599300
3544400
2561000
3540900
2916200
3465000
3564300
4782100
4564300
2637800
6012300
3305800
6558700
4482600
3413200
4614700
4672000
3352900
3388600
2498300
4384000
3990800
4402100
3745400
2528600
4685400
2614300
4469300
3079300
3547000
2564500
3261800
2408500
3306400
3494800
2565600
3579600
3834400
3329300
3714800
2484400
3440000
3404400
2491400
2947900
4582800
4539400
2693500
4612300
3091300
3252900
2451600
4946200
4157800
3498500
3260100
3613000
3499600
2400100
4313500
4654800
3322800
3395700
3210200
4557200
6033000
3506300
4578300
4476400
5012800
3524900
3139400
3221900
2505900
2505400
3578100
2469100
2470900
3746500
3754700
5348700
2670500
3230000
3627200
3717200
3249700
3424000
3345200
3825700
4684700
4722700
2977800
3549000
4571000
3651400
4623500
5803500
6120100
3266400
3424900
3506600
4914600
4072300
2774100
3515400
3443700
4609300
2347900
3572200
3668300
3386300
4393500
3313700
2634500
2526600
3420100
2352600
2484900
2501100
3581300
4643000
4593600
4466600
2488300
2490400
4448900
2819000
2528700
3880700
3125400
2589700
2391200
4435100
2635200
3752000
3556600
2489000
3371200
4514100
4277900
2369200
4410400
3372900
3903200
3732500
2474200
2427100
3121100
2396600
3710100
2573800
2510800
4598800
3535300
5323300
3645700
3290200
4397100
2525900
3521300
3204400
4425000
5282500
2541600
2507500
4786600
3272000
2426800
4452600
3212500
4519000
3428400
3359800
3204000
2579300
4379900
3485700
5823000
4492900
3358300
4152500
3231100
2907800
2992700
2765100
3276300
3226700
3976600
3263800
4554600
3213100
4517100
2546200
2521700
4653000
1962100
4458500
3386500
3418400
4701100
3245000
2563600
2485800
4803100
4519100
3242100
4161500
2398000
4466300
3766600
3881000
4246400
3181300
2390200
2360100
3934500
4602200
2497600
2532500
1970600
3087400
3051400
5989600
4441500
2520200
2499200
2515500
2394700
3541100
3260400
3467300
3455000
2446100
4513800
3185000
3524100
2948200
3319100
2599500
4505200
4710800
3255100
4467300
3187400
2364900
3366400
4558800
2516200
3233600
4468800
2427900
3348600
2423500
2400900
3451000
4597300
5470400
2637400
3332400
3535800
3259000
3114500
2604000
3850700
4556300
2702800
4488500
2466200
3579300
4593800
4245200
2615700
2522900
4524100
3335000
3338500
4221800
3366600
7115800
2483200
2830500
3574700
4583600
6073300
2580700
3535300
2539100
3602500
2776400
4523200
4472000
2412400
3366700
3323900
4756200
3507900
2947400
3408200
3175200
2494400
2532200
3184600
3461100
3632900
2417100
3388000
3240900
4513700
4500000
3837800
4352500
3672800
3166600
2994900
2404400
3347800
3431700
4514200
3194600
3212300
3210800
3781600
3296500
3384300
4462800
5703900
6104100
3184400
2564200
4581200
3309400
3795800
4352500
2628200
2496700
3400200
4426700
4345200
5169600
4559600
2437200
4378800
2437400
2431500
2520600
3502800
5026600
3506900
5978300
2495000
2380900
2778300
2500100
1943600
2362800
3320200
3303500
3248000
4488800
2467300
3220700
3255800
4497700
4639000
4622400
4065600
4822100
5931900
5835700
4799000
4862100
4802200
4714000
3706800
2815000
3315700
2800300
4680600
4386000
3548700
6031200
3355000
3256200
2730800
3699800
2599700
4633800
3497900
3255800
3480700
4492900
4467900
4164400
4605500
3290600
3527600
3196500
4651000
3223100
3287400
4325500
1979600
2550700
4531100
4080700
3329000
3590900
4526400
3478300
2538500
4123200
4637300
2541700
2527300
3397500
2404600
4633500
3657500
2472100
2380500
3486700
2743700
4324100
3325000
2335800
3433400
3399200
2565900
2418900
4839300
3389900
3330600
4499300
3342700
2371800
2662700
3392400
3489300
4501600
3215400
3370300
3448300
3244300
3267400
4502800
3194500
3433800
4406600
5892900
4331500
4096700
3286200
4712500
6083500
4529100
3313200
4380400
2762200
4145100
2785300
3622800
4644900
3521700
4397000
3304000
5913300
3111000
3197800
5116700
4622300
3174600
4993900
4463700
2466100
2661800
4623800
3025000
3228100
2421400
4491000
3211600
4486300
3218900
3280100
4676900
4673700
4521400
2172200
4525800
5810700
6132500
3200700
4620600
4637500
4562300
3518000
3254600
3499700
2505300
2645700
2559800
4231800
2460300
2499300
4621900
3469800
4563200
3400200
4531900
2392400
2550700
4784300
3972700
4595100
3186000
4440700
3583300
5775000
3016900
3257700
4660200
3192400
3446000
4783000
4807900
4587000
4476600
4489900
3220100
4529400
2516900
2672800
3343600
2752400
3478800
3979000
2827000
6080500
4934200
4572900
4725400
4994700
2524000
3613200
2830400
3348400
3597400
5950400
5311500
4770200
3473900
4614200
4648500
3164700
2425100
5020000
3388300
3400400
4372000
4507000
2540000
2465800
3700900
2377500
6466700
3490000
3529100
3293200
3823400
4229800
6193700
4674600
6321800
5824400
2455100
3471800
4935100
4736000
3077400
3231100
2649900
4559600
3412800
3248800
4581700
2715500
5846900
3360500
2568900
5031900
2663200
3293800
3331300
2581200
5899300
2431500
3432000
3333300
3354300
4811000
3328200
4557700
3398000
3555900
4790300
4764000
3314200
5347400
4816700
3394000
3439400
4576500
2609400
2343600
5018000
2591100
3445700
3326000
2894700
3550900
3782300
3333900
5891400
4676000
2562200
3296300
6003300
5811500
3173900
2480600
2449700
3234900
2443100
3235900
3600800
4476000
3068200
4829200
3347300
3723300
3663000
2795400
2359800
4747600
3257000
2578900
5924800
3582700
3172900
3476200
3365600
3645000
4744500
2657400
3676700
3345700
2921900
3176600
3395200
3352700
2485100
2465800
2593100
3221600
3085200
3076400
3308800
2734200
2392500
3208100
4492300
3124500
3416100
2786100
2408900
2866800
3788100
4548100
4720200
2633100
5882500
4697900
3698400
2626800
2987800
3433900
5695100
3825600
3357400
2422100
3571000
4806600
3407000
4523300
4475500
4497900
4736300
3735100
2544000
6013500
2510800
3314300
2409800
3278800
4626400
2536300
3605300
5992500
6004900
3253900
3253700
3586800
5595400
2796400
5302800
5801800
2597000
3131000
3401000
2577800
4311700
3262500
4527500
4717900
2676700
4907100
3323600
4222600
3620800
3991800
4639400
4314900
3483200
1986000
2432200
2734400
4841300
5628600
4792400
2579800
5965700
2592600
3438500
4629600
4943200
3170900
2655300
3622700
2456200
3705000
5074000
2606300
4772400
4621200
4481400
3594800
2571400
4631500
3631800
3298400
3976100
3335300
2677600
3404500
3568900
3572300
2487200
4649500
3316400
3543700
3687000
4569100
3787700
3624800
4555600
3323200
3441800
4615700
3463800
3458500
6415200
3516300
2718100
3179100
2934200
2426100
5817200
4757300
3544600
3851400
4367700
2381400
3492900
4676400
2424000
4891500
2587800
3552500
4458700
2144600
3491800
3481900
4325900
4464400
4918600
3396100
2879100
2467600
3636900
5606500
3338500
3360100
3327400
2378100
3175200
5142500
2533000
3559900
3477400
4717100
3413300
2809000
3353300
4655100
2435700
4346400
3476300
4766900
3264500
4826400
4716300
3766400
3139400
2826700
4576200
3621900
4541800
4843900
2532800
2745300
5863000
3462800
4660000
4906000
3575600
2471300
3281900
2638100
6151100
3683000
2603000
2597900
3503900
2570800
3237300
3328500
4412500
3538900
2624900
4637800
4610300
3084700
5957100
3516700
3228500
4532300
4539100
3461500
3699400
4113900
3343500
3945100
2376100
4696600
3230500
2493100
5999300
3607800
2832700
4561900
4499600
4850900
4421000
3440200
5765800
2450900
5763000
4383500
2620400
2895600
6024400
4489900
3497100
3566800
2775200
5061100
4557100
3404900
3286500
4933100
3412700
5407400
6766200
4977200
3280800
4732000
5924700
2079100
2520900
2623900
2475600
2497700
3364300
2468100
2655000
4818100
3409500
2921100
3395200
3273600
3362300
3388500
2548800
3512200
3460400
2480000
2404900
3476300
2616200
2563600
2576300
2503900
2430800
4654300
4668300
3731800
4653800
4861000
4356500
2402000
3188400
3312900
3183700
5868700
4508400
5854600
3418700
3203200
4472300
3583100
3228000
2945200
3884600
3402900
3369900
3514400
2617900
3487300
2459700
2441300
2487200
3354500
2605600
3242600
2464200
4166300
3753300
2597200
3579600
2638500
3542100
2672600
3322500
3416200
2699400
3405800
2525600
2477800
4512100
4613400
4672900
3202400
2490900
4553600
3181700
3651400
4656000
3318900
4630400
2423200
3512800
2640700
6407000
2914500
4494100
2432000
3286700
4494300
2542200
2357400
4405100
1927000
4723900
4937100
3431500
4282800
5452000
3276800
3070800
2506700
3450800
2588700
2485100
2519100
2402700
4346700
2509200
5012400
4633100
4603500
2652500
2823800
3218300
4795900
3439900
2492900
2384700
3804800
3351800
4281900
2369500
3292300
4711500
3958800
3377200
6099000
4644700
4715400
4593300
3561500
3506700
2607300
2616400
2598300
2590900
2497000
2472000
2560000
3500200
4415500
4603700
2942100
3569900
2979000
3092700
2477600
2946900
4571000
4278500
3534200
3239000
4440900
2494200
2434000
2526500
2858400
4897400
3449700
5824000
2435700
4884500
3182200
3172700
3230400
4804000
4341600
3022400
3473000
4327900
4735800
3235100
2387300
3280900
4572000
6323500
3368600
3552400
3217900
3471700
3245600
4684500
3493700
3293700
5878700
3323200
4043800
3884300
4492800
3580700
4654100
3445800
4547400
3937000
3285000
2660800
4189400
4765500
3350000
2033600
2471600
4469800
4447500
2894300
5951800
4335600
3501900
4677800
3352200
2627100
3588500
2539400
4532700
3419400
2769600
3521800
4638900
4804700
5801400
2612700
3309800
4494600
4577900
3355600
3808500
3565600
4478000
2530500
3900200
3548200
4534400
5896000
2455700
3530900
2527300
2413500
4260000
2572700
2517000
3185900
6147200
2965500
2701600
5846000
4728400
3437900
4597900
6516600
3309500
3237700
5942700
3230000
2511700
4422200
5066100
3437300
3387400
4273700
2411300
3489500
3587400
5944200
3124600
4228700
4664500
3362300
3484600
2854400
2570400
3392300
4848100
3317500
3569400
3301400
4294900
2493000
3275500
3824200
4107000
4174200
4503000
2519600
3291100
3438400
3314200
5904100
3728400
3402800
4686300
3544600
3270000
4960100
2437600
6244000
4494500
3435200
4737500
3733900
2623200
5313900
3387300
4916100
3301900
2524900
2438800
2430300
4409200
3289000
3391400
3781800
4630700
3668100
3176500
5691200
2624000
3598300
3197800
5841700
3007000
3386800
4113600
2707900
3404400
4610100
2517200
6358500
4642500
2652900
2645000
3487700
4519200
6010800
3390100
4625600
2953100
4514100
4772600
3540500
3572600
4495600
3606600
2547100
3352900
4413400
4622900
2498600
4506800
2592500
5048000
2537000
4716100
3409600
2577200
2430300
3327400
3947400
3262600
5840800
2573700
3369300
2717400
3461800
5995500
6519000
3263800
4344700
3161300
3566400
3222900
3351100
2423500
4865700
3282100
2862600
3262300
4749500
3393100
2501500
2362600
2421600
2899600
2382900
3682400
2430500
4604400
4633900
2658600
4330500
1928600
4601800
3287200
3221700
3216700
2513500
4581800
2770900
4752600
4660100
3347900
4781300
4573000
4541200
2940200
3215600
4573300
4568900
3282100
4712800
4429600
4521500
4417400
4429700
3770500
3356600
3510300
3983100
4698400
3333200
4372300
3446100
5905000
3508600
3171300
3298600
2554500
4453700
4662200
3882500
3553900
3497600
2342800
3396500
3239800
2802800
2717400
3455800
3404800
2495700
4429900
4847400
2766200
2691000
2479200
2378300
3531600
3853500
3357000
2426700
3379600
4211300
4424300
2797400
3591100
4571600
2440300
2507600
4268900
3706200
4371000
4865400
2551600
3442500
2449600
5952100
3256700
2488400
2388600
4278800
4290800
2415100
3489800
3322700
4434400
2423100
2795100
2587100
2470700
2457800
2437700
3086100
4406300
5662300
3417900
2575000
3603200
3652600
4080900
3247600
2634100
3453600
3282800
2671400
2394000
2604100
3419900
2501300
3380900
6258900
1552500
2506500
3152400
3395300
3690700
3625200
2544400
2483400
2531600
4912100
4359800
2465600
3485600
6011200
2415800
3412900
2883300
2362900
3260800
4442500
2512400
3502500
5908800
3413300
2529100
4569000
3935400
2850000
4201000
3336200
6376100
4516800
3330900
4805100
3450000
3202700
3634200
3289300
2912200
3573000
2380100
3528300
5730500
5150600
3257200
6209700
3261900
4087200
2532700
3893100
3806000
5351300
3539900
3397700
4678900
2585300
5280800
2641900
3758800
3135700
2617700
3527500
3503700
3193800
4599400
4405200
3545000
2307800
2994900
3416100
4312600
3451400
4045400
6070900
6170700
4834500
4512300
4790400
4418800
4015600
3804400
3296000
2536600
3638000
3477800
2588800
3423900
3550600
3266000
4705700
5273400
3977800
4029400
4093700
4228500
2878000
2408300
4739000
5190100
2895700
3263900
5490700
4565100
3537200
2495400
4684600
3660700
2744500
2709600
2573900
4491300
2489500
4632000
2504500
2411600
3542700
4470200
5192400
3194900
3743900
4673400
2825000
5715700
3346600
3389500
3266400
5001200
3696900
4935400
3278400
3258900
2413600
2461000
2489600
2837900
4494600
4884500
5151100
3290700
3419000
3281700
4454600
3372200
4491800
4860000
3315600
4470400
2506100
3619200
4729200
2892100
2380900
4593600
2458300
2534800
2695100
3248400
2370600
3251000
3368800
3388200
5859200
3194200
2453800
3948700
3493600
4436200
3542400
2947400
3316400
2491700
4581300
4303200
3660800
3106700
3678800
3265500
4642900
3585400
4661400
4052700
4668500
4979900
3598900
2505300
3258600
2546000
3444200
2613700
6121600
4064800
4151900
4049700
4337400
2607400
2055400
3430300
3482900
2497700
2588700
3368400
2808900
4565200
3786100
3423700
5864300
5206800
3680600
2692700
3667500
6154600
4805700
3535600
5731400
3204600
6094900
2577000
4977700
3935000
3374000
2889700
3710400
4597900
2687800
4652200
4892200
2588600
2441800
4618600
4076500
3956100
4703500
4628300
2628700
2047300
4455700
3855600
2718700
2532100
2572000
3477700
3270300
4964600
3565400
4699200
3611000
5832300
3290300
4442500
3561900
4083400
4675000
3560200
6061800
5889500
3673100
2567100
3700000
3314400
5953600
3456300
6099700
4649400
3478100
3412700
3533200
4000300
3336400
3555600
3320800
2831700
3349500
3317000
4007700
2681500
3482400
5198900
2669400
2613700
3557500
3728700
4072200
3065300
4651600
3516900
4662000
4020700
2953300
4742000
4723100
4694000
3689000
3561800
4586100
4554700
5268800
6220800
3217200
3695600
2523500
3504500
3455900
3593000
2604200
2574600
2649600
4565800
4424100
2753500
3455600
3784000
3772400
4446300
3417200
4581800
4916600
5777700
5362700
5985400
3461400
4693300
3421500
4689100
3317500
4609400
3477400
3486400
5438900
3445000
3432900
3353500
4417900
6140500
3270900
4475800
3656000
2488700
2461400
2583400
5948500
3529500
4726400
3269100
4468600
3632500
4660400
3689300
2555200
3375000
3393400
2394600
4767300
2650100
5818100
1941200
4488900
2634200
3366400
3373500
5036100
2670300
6079800
4472200
3520600
4896400
2492100
3591900
4540700
4621400
3295000
3102200
5902600
2559600
2615200
3324300
3601400
3323800
3093300
3512900
3222100
2659700
3381400
3228800
4665400
5966600
3887700
4749600
3206600
4234500
3362900
4441500
2911800
3333000
3611800
2446600
3302800
3335600
2667000
4215800
4308100
3372500
6008700
3290800
5968200
3708000
2377700
3334700
4733600
3293600
2628100
3242400
3309900
3848300
3549600
3305500
2453000
4837300
2716800
3260600
4472900
2556000
4410400
2833400
3527500
4942300
2470100
4495400
3464500
3645100
3337200
3251800
3372100
4439300
4239100
4212300
3625400
4975300
3922100
4098700
3211500
3477600
3417600
3876500
3538000
2381000
3376500
2858100
4595600
4791900
3814000
2421600
4522700
5995000
2920600
3405700
2428200
3784100
3339900
2530000
2687600
2994200
3031900
3914800
4829700
2296700
4329800
2396600
2642000
3620900
2656100
3046700
5301400
3343500
2837800
3281200
3222800
5668900
6269100
4072800
6067400
2514800
3870200
3508100
3256700
3306500
3880200
4118800
4620600
3396200
3334100
6168000
3349000
4619900
4682400
4114000
3132000
3334400
5820200
4902000
4848600
4788100
3395500
2580500
4724800
6229000
4256000
3168300
2071800
5872100
4581800
4824700
3502400
2707100
3256800
2696400
3286100
2471200
3315000
3841600
2776500
4604300
3509400
2477200
2473300
2565800
3454700
5689500
3434200
3804000
2901400
4459500
3786900
7332000
3528100
3283200
5852500
4661700
5286100
4612500
2715100
5222900
4016500
3289000
4498400
3654200
4725600
3273800
2638900
4507900
3030700
3655100
3296100
5097200
5938700
3530800
3610800
3548300
3497000
3266800
4800000
4185600
4937200
3485000
3261000
3172100
3602500
4731400
3691900
3318300
3269600
2494100
4834200
2152900
3757200
3328200
5580600
3588500
5909800
5832900
3608600
4257800
4699200
3255000
3379800
3280900
6196900
3024500
2675800
3276400
3431900
2679400
3577500
4357800
3386100
2740300
3265200
4527100
4654900
3423900
3241400
3483100
2585900
3413100
4278900
4832000
2408600
3641500
4632400
3905500
4925200
3467500
3265700
4736600
3283700
3333800
5196600
3240200
4416000
4618000
4146100
5874200
4752400
3502100
6023400
3506600
2620700
3312800
4641000
3601100
2692300
5225600
2759400
2013600
4616400
3313300
2717000
4551000
4794000
2711400
2678700
2508100
3428800
3519200
5942100
4897100
3306800
4679500
3330400
2367600
3266800
3378400
3235900
2781000
2417200
4663700
4562100
3316000
4098800
3820600
3929800
2398700
3209200
3413100
2489200
2485500
4684900
2683000
3472900
2644800
2711400
3430300
2848700
3782000
3568800
4565500
3243600
4819400
3439700
2708900
3365500
2598600
4767400
2940000
4680400
3280100
4562400
2895900
4646800
4600600
4666100
2404900
2399800
3816200
3562000
5772100
3522900
4886500
3231800
2480400
4542400
3686700
2162700
3608900
2633400
3356000
3338700
3858300
3491800
2433900
3391400
2429000
2631900
3270100
4744400
3229200
3483000
3263200
3285300
4472200
3677500
4421800
4561100
3230900
2485400
2460300
3336000
3345900
2408900
2514900
2453500
3395700
2453200
6294200
3671200
4592800
4729300
3832000
4697400
4585900
2929900
4949500
3811500
2426400
2506000
2645800
3405200
4554300
4472700
3725900
4697000
5515200
4741300
4850000
2849400
3332300
5938100
3952100
3322900
4965200
3471800
3705500
6145900
2374000
4748900
4574200
3337700
3361600
4641700
4707600
3281200
4408000
2548900
4897000
3346900
3349000
4155700
3428700
4378000
3255900
3208600
5234000
4910300
4770400
3764300
3547400
4742200
2458900
2451700
2641800
2468100
3388500
3156300
4594200
4778800
3425800
2727800
2850500
3105800
6312900
2525000
3496900
3621800
3607200
3782000
3290600
4848800
3129400
3643900
4505200
5213200
3598800
3388000
3706200
2237700
2702200
2623200
4659000
4559100
3391100
5324300
4738900
4564000
5931100
2365900
3724900
3289400
4656200
4708300
4878000
3633500
3343800
3354600
3686800
3351300
5244100
5516600
3396800
4655900
2507800
2690300
2514700
4604500
2688600
4688300
4132800
2436800
4521800
3353300
2634100
3746200
2524000
2691500
3531900
3217900
2680000
3150200
1946300
3526400
4778800
2425600
2393600
4594300
4648200
4557800
4826200
3048200
4613300
4544000
4459600
3004400
4651400
2414400
3273500
2811600
3768600
3336400
3640400
3304000
3577800
4782700
3350700
4850600
2402800
3454200
2751300
2649800
4838700
4050100
5549800
3345600
3723100
4609000
2955100
3405200
3416700
3259100
4576600
3786000
3568000
2660800
5924300
3274500
3493600
3414000
2554300
4284800
3289100
4356300
3346000
3346600
3374000
3869800
6144200
2505400
2903600
5963000
3429300
4781500
3322800
2678300
3304900
2451600
2513300
2361500
4062100
3896000
3508900
3252800
3248700
3666400
3680000
4584400
2896500
4498500
2646100
2512200
3781600
3349400
3242200
4611500
4715100
3304000
3281600
3257900
3313400
3302100
4018400
3168600
2828200
4236000
3922300
3406700
3555900
2444800
2508900
5013600
2525900
3076900
4531100
2358700
4471200
5907600
4141700
2996400
4696100
3227700
3221100
3352400
3240400
3251100
2622000
5691000
3466100
3591600
3347100
4524100
2686700
3302100
4684600
4712300
4678900
4927200
2648200
3636700
4476200
2401800
3600400
4475000
3321300
3244800
2377200
3446500
3584700
2511300
4575400
4902900
2559200
3266200
3230200
2458200
4298500
3554400
2581500
3011200
4510400
2630700
4894600
3522100
4523900
2649200
3273300
4896900
3208000
2121300
2403700
3006900
3213300
5603800
3347100
2680500
4512400
2538900
3141500
4702100
2467900
2641400
2472700
3404300
3331100
3334200
2526500
4512400
5234400
5820900
4673900
2595200
3408400
3252100
3904600
6362000
3333100
3419300
3609100
4653100
3699600
3279500
4409100
3250800
3363000
2323900
4015900
3555500
5328700
4563100
6163600
3508600
2402800
4988000
3460200
3242600
4559600
4619000
4531400
3836900
2408100
4402600
3466700
4461300
3247600
6107400
4664500
3662700
2486800
3476800
3286100
4572500
4398300
4593600
6252000
3188400
4582300
3232000
4729400
2775500
3091300
4018800
3542800
4637300
4347600
3224000
2667100
5828400
2871700
4605700
3517300
4605200
5234800
4760500
4541900
4762500
3354100
2469500
3234600
3537900
3344500
2599100
4707700
3353800
3318400
4702400
4729800
4557400
2806600
3829700
5796800
4551800
4451800
4633600
6001500
5817200
5950500
6138000
3359800
3414400
4834200
5880700
6006400
3207000
4425000
3252300
3393900
3266600
3185500
3283300
3271900
4497500
4489700
3308000
5954200
4156300
3194800
5865800
5445600
3269100
4498300
4478000
5805400
4640700
3350000
5017400
6448300
3297700
2521000
3146900
5818000
3310300
4479000
4926600
3238800
4798900
3228900
2538500
4998700
4500800
3264100
4627000
3141700
5272800
7372800
8106800
3275500
3352300
2436900
4688100
2492600
4021200
3522900
3166400
3201100
3717100
4439900
2463900
4406300
2999900
2798900
3273500
5384400
4616100
2398300
4729800
3313000
1935200
2954500
2929000
3153400
3502700
3437200
3353000
4916900
2516000
4627500
3550500
3522800
2440600
2375700
3761600
3491100
4636300
3421100
2400000
3187900
2410700
3074900
4526500
3388000
3452800
3176900
2681200
5816700
4516500
3240100
2673200
3367300
3530900
4392400
4957200
3917300
4403100
3238000
4491400
2592700
3223800
4642800
3487700
4804400
3427900
4132500
3476900
4484400
3273400
4508400
3336300
4617000
2549200
5950600
3174200
3095100
4699600
2360200
3814200
4086700
3248400
4537900
2486700
3322000
4641000
3218400
4459700
5012700
2456900
2428000
3590300
2507600
3691700
2418700
4177400
2710400
4383900
3189400
4787900
3704800
3190900
5860300
5136500
2415500
4889600
2533400
4814500
2930900
3307900
4443500
3656400
3803800
5915000
4627300
4727700
3037900
4457300
3194500
4597100
2560400
3517400
2284100
3510300
5728400
3038500
2587400
3748400
4664700
3437700
2456400
2641800
4927600
1441700
2767600
4230500
3367100
2416800
3403600
2787100
3331700
5890600
4540800
4389200
3453500
3303800
3520000
5000100
3465000
3324400
4559300
3535700
4845600
3377800
2533100
2481700
4062100
4536500
3313400
3332500
2788600
3297100
4805300
4076100
4806900
3355100
2540600
3076500
2419900
3197700
2452500
2524400
5416000
3604500
4585500
3209900
3317300
2523500
3701400
3496400
5964700
3227300
5024000
3640100
3340000
3141900
2562700
4558300
2708500
3495300
2359400
4630200
5096000
4504900
4488200
3119800
5056800
3310100
4618700
3052400
3059300
3317000
4441500
4756400
4476100
3224200
5633000
3417500
5824400
4600200
3592600
3489400
4742300
4433500
2345100
4346800
3321400
3211800
4476600
3332400
4440800
4734800
4644300
2536700
3211900
4695200
3699300
3502000
4457000
4890800
3758300
4697900
4665200
3456400
3350900
3113400
2508400
3224500
2557900
3267300
2595500
4480800
3649700
4465500
5876000
4550100
5956600
4472500
3641300
3316000
2844600
3426900
4970600
3321800
3241200
4637200
4479800
6139300
4529500
4653300
3179900
3321400
3269200
3258200
3049300
3379500
3772000
3197400
3242300
3872600
3918400
4450200
3321000
5582100
3131600
3204900
3316000
2580500
3194100
6218000
3163600
5981100
3780700
6189300
3731600
4431700
2451400
6194000
3244500
4482500
3390200
4548100
3563900
3329300
3272700
3290400
3385800
3412900
3395400
3173000
3217000
3303100
4576200
3162200
3157700
4385400
3187700
3378600
3272100
4633000
4075600
4922100
4495900
6159600
3688200
5826700
3384100
3726200
4471600
5933200
3236600
6759900
5882800
5604900
3402800
4616600
3431100
2627300
2923300
4738200
2413600
3664000
4559700
4697300
3271100
3265200
4760900
4613100
3588300
4973200
4069200
4578500
3229400
2613900
5745800
4767400
3353700
4538900
3335300
4652200
3478000
3361700
4598800
4555700
4387900
3520200
3698200
3587100
2419900
3261900
3448000
3184800
5620500
2652900
2692600
2351600
2508600
3398700
3413200
6051700
3282400
2518400
4584800
4563900
2459600
2742200
4145700
2832600
3204300
4734400
3224100
4077700
3910500
2562300
2560400
2662300
3291200
3462600
3219800
3708700
2381600
3409800
3272800
4077300
4588000
3393600
4685100
4663500
3344100
3455000
3030100
3142300
4409600
4084200
3269500
2435600
4548100
4564000
2643500
3464800
3150300
2658900
4978000
4571200
4207200
3076200
3355000
2787100
3690600
2663700
2561400
3267400
3317100
2231400
3182900
4443900
3148700
2443700
4688200
3469100
4146200
5762900
2628000
3729800
4765700
3232700
3864400
5977500
3184700
3634900
2631700
5715500
2452200
3568400
4494600
4504700
4442200
4521800
2334200
4563700
3121300
2381000
2098900
2818400
3540500
5531800
2381400
4395600
3019300
2732400
3379600
3104700
3274800
4509200
4052100
4332800
4314900
3233700
4603900
3215000
2388400
2299300
2518100
4373100
3053400
2375100
5844700
2887000
4566600
2494000
4374200
3327900
4825300
3204800
2341800
3254800
3685200
3230300
3332800
3122700
4365100
3089100
4383500
2754600
4381500
4564300
3732900
2584600
5157600
4127700
3120200
2314400
3267100
4613200
3079400
3261400
4846000
3176200
4506300
5852500
3190500
3533000
3311000
2760700
3304400
2432300
4197500
3326900
4946100
5593800
3694600
3470700
4477500
3180700
4246300
4264500
3860100
2327600
4528900
3099700
3145000
3177300
3239900
2572500
2834500
3142400
6111400
4493600
3284600
3277800
3400600
3342100
4371700
4347200
5435400
3070800
3368500
3912100
3548200
3695600
4277900
3450300
4745400
4373400
3431100
3188900
3208600
4413100
3082800
2293300
2379800
2271200
4448700
3195100
4447800
5670400
3208000
2818300
2891200
4548100
3407400
2728500
3368100
2411000
2447800
2483500
3207200
2302900
2907100
4328600
4511100
4486300
4472600
3380000
4565600
3093900
3304000
4589500
3254500
4407700
5927000
3276000
4547200
4691000
3134500
2376900
4328300
2663000
4597600
2494700
3075200
2481700
2445000
3577600
3187400
2500400
2281400
2929600
2659800
3431000
3526400
2545500
4439200
2655800
2637000
3195900
4443100
3263800
3692100
3529200
2405600
5497900
5601200
3331200
2518300
3153900
5775500
4012900
4664400
2802800
2671400
4118000
3160000
2354100
3091700
3187200
2309700
3028400
5505300
3309400
5519100
2496000
3305000
4354100
3039800
4742900
3342800
2443000
2616200
3418500
2931900
3289700
2376700
2562900
4380500
3193900
2469800
2360000
2456300
2321100
3316000
2175500
3139200
3436700
2381200
3175800
4251700
2541800
3506900
3419600
3921500
3474200
2378700
4252100
3281200
3224900
3361500
3568500
2330100
2585900
3490500
3145200
2684500
2963600
5761900
2954700
2293300
2397900
4281600
2046100
4369700
2436700
5406500
3184300
4867000
3231900
5691900
3498300
3404600
2845900
5403100
3710400
4497400
4376300
4375600
3178800
3298900
3401700
4569300
2543700
2642500
2601700
2425900
2223500
2410500
2376700
3199300
3760000
4620400
2987500
2455900
2895800
2395400
4387100
4462100
4379500
3486900
3399000
3365800
3115000
4540800
3394000
3135400
3123600
5644000
4778900
3794600
4630300
4436600
4445900
3271400
4234200
2493400
2930000
4403900
4300600
5731000
2796300
3463000
3712500
3291000
4247600
3054500
4791500
4792400
3100800
3510500
3512700
6162700
3889600
6273100
4078100
3452100
3089300
3510300
2790900
4812300
3531700
3588200
2611900
2852500
3457300
4547100
3606600
4724800
3570800
4662700
3641600
4511700
2890000
4076600
3170800
3302800
3535200
2922900
3452300
2487700
3610700
4556700
3460300
3615600
3179700
4165400
3377900
3374000
3587500
2869600
2793500
2616400
3859300
2700800
3057500
4087000
3328900
4121400
4750800
3196300
2829600
4621400
3479000
3523700
2433000
4734700
3532700
4780000
3430900
4266900
2970900
2600000
2665900
2968700
4154000
3399200
2458400
3256000
4466100
2043400
2752200
2611300
3515800
3543100
3247400
4275500
4618800
5895500
3237500
3249000
5240300
2863700
5742100
3188500
4420800
3426800
4578000
1982400
2595400
2582700
4534800
2426200
3420000
2503500
3419100
2922700
3033200
2843400
3649300
2463800
3939900
2521500
2439700
3228500
4618800
3125700
3169400
5725200
2576300
4377700
2452600
2374200
3795500
2594800
3029200
2761800
2761200
3311900
3293800
4094700
2841000
3795800
5439300
3106500
5944300
3131100
5525400
3963600
4721500
2916600
2586500
4048800
4482800
4604300
2741200
3435800
5355700
3240100
4825200
4571200
3383200
3435200
2600000
3584800
2341900
3527000
2340600
4690800
2503500
3895900
3387200
3137900
2388100
3340200
2364000
1885000
3323000
2852500
3654600
3167500
3796700
4780800
3392300
3715100
5580400
3193100
4391100
3200800
3549800
2445300
2597700
3617900
3476500
3217100
3887400
3209300
3574400
3429200
2344400
3301000
4770100
3618100
3168200
2512000
3593100
3787400
2947500
4194400
4718800
3397000
2620700
3058700
4456600
3172600
4379300
3930200
4746100
3461700
3133100
2621500
3240000
3597400
2445400
3357000
2522400
2503700
3121800
3482500
3132000
3317700
3556700
3521900
4271300
2505500
4336600
4480800
5959400
4388200
3805000
3393000
3419800
4392100
2368200
3164600
2786500
4519000
4457600
3367800
4382200
2415700
5462400
3881500
2627600
4977200
3602400
3425400
5636700
2613100
3030400
3576600
4179600
2489500
5668700
3209000
3708800
2309300
3601800
4464400
4202600
4288400
4043500
5600000
3029600
3401500
2389000
2407500
3377800
3771500
3989900
5309100
3102600
2524200
3372000
3053900
4320300
3302000
3433800
3419900
3453200
4327300
5834000
3431000
6058400
2413400
3303500
3273900
4224800
3029800
4282200
4185900
3453400
2409200
2474300
2723700
4439100
2383900
4248000
2407200
4849800
2602400
3233200
4459500
5622300
4544600
2665500
5782600
4295100
3357600
3107200
2755600
3262300
2403800
2502100
4743700
2682400
3323300
2322200
4150200
2424300
3362600
4584300
4823600
2500500
3325500
2704100
2376200
4381200
3392700
2495000
5417700
4263200
2389400
3066600
3063400
2333500
2474400
3109400
3137600
4500800
4375800
3340800
5806300
4477400
3024600
2374500
2427200
3236000
5568100
2968100
2403300
3861100
2481500
3994900
4291800
3137500
4309000
2451000
2506000
5759100
2833500
4611900
3191500
3198100
2588200
3347700
4481400
2370800
3207100
4405700
3464000
2463200
2620400
2526900
4530900
3500600
4394600
4977200
3415700
3300700
2082600
4498400
3281600
3294800
3178700
6047600
3156800
2471100
3155800
2938000
3350200
3425800
5672700
4982000
3367800
4483400
3346800
3451900
2521400
3292000
2560400
2482800
2350200
3174700
3578600
2451200
2432400
3392800
3354800
2387100
3313200
2437600
2439600
2363200
3380800
2531100
3363200
3577700
3239700
2369700
3276600
3372700
3414000
3400600
3362900
2422200
3481200
3241800
2485000
3316900
3432700
3984100
3359500
2458200
2475500
3513900
3562800
4579900
3424200
3215400
3248300
3365000
2294100
2363100
3526200
2914500
4910000
5456100
3668300
3218900
3315200
6118400
3267600
3247500
4529800
2605700
6005800
4547900
3332200
4771800
3507300
3183200
3184200
3278100
3502700
4297800
2520000
3625200
2556400
4230700
3499500
3588500
3251000
3110100
3474500
3676800
3220700
3207400
3219300
2528800
2473600
3393100
2437300
4751800
3315400
3313200
4570200
4469700
4611900
4440800
2386800
2053900
3284100
4471500
3278800
5872800
3208000
2598700
3491300
2661400
3436500
4542100
3279600
2450600
2409800
3224100
4335500
3529400
2505000
3188000
4489100
2473600
3345000
2448900
2900200
2589000
2648000
2586500
3534000
3406300
4632300
3285400
6087700
3739200
3171700
4441400
3240000
2537600
2575800
2620400
3240400
3278800
2613200
5011500
3664300
2519200
4480100
4473300
3262800
4639800
4422400
3358700
4647500
3408500
3335400
5792100
3550400
2455700
4779700
3605600
3388200
5102000
3478500
4961800
2459600
3061800
4491800
4551700
4521600
3287300
4966200
3167900
4740800
3209100
3369800
3795600
3578000
3302000
3787100
5724400
3271200
3615100
3198100
3225000
3712500
3147400
3500300
3691500
2706400
3316700
4592600
4695800
3236400
3218300
3103000
3570000
3497700
4473300
4512500
2485800
1965000
3163700
2826000
3716300
4588400
2592800
4213700
5644500
3693200
2497700
2492400
5943500
5772900
3231900
2482600
3521200
4503900
2955900
3600400
3505600
3466100
3320500
3465900
3405500
2324100
2848200
4959200
4638700
2634800
2826700
3544500
4431400
5422500
5652500
3530100
3477000
2666700
5748400
3433600
3525400
2491300
2110000
2619800
4462600
2901000
2562000
3502100
3510100
3204900
3540200
2554600
4827400
3340800
2499600
3263800
3608800
2385200
3918100
4501300
3247500
2793600
3236900
2736700
2453100
3456900
3391000
3110900
3483000
2505700
3201300
2658000
2709200
3573400
6401600
2419200
3660000
2411400
2533800
3551200
2383700
3348600
3620400
2908600
4775400
4462000
2428200
2716200
3814500
4839900
4447000
3951400
2672800
2372500
2770900
4245500
4380400
2903600
2772700
3186900
4436900
3250800
5743600
3309000
4759400
4475800
3186600
5715100
3447100
5747500
3250400
2516300
4231800
4821600
4482800
2407000
4602300
4555500
3200600
4543300
2470500
2535000
2485600
4856600
3426200
4457600
1957000
3525700
3012700
3257900
3166000
3123700
3208500
4458400
3337600
2390400
2473700
2673700
2609200
2530100
2627900
3700500
2470300
4370500
6044300
4745300
3192700
4745200
3303700
4413600
5745500
4700000
2459300
6021000
3502700
3199300
2393000
3418300
2392900
4797000
2450800
3194800
3332800
3444600
3320100
2497700
4718000
3515600
1967000
3464400
2481700
3357200
3343400
2500300
3361100
4872800
3483700
4344000
2375200
4784400
2433700
2750700
4569700
3415500
4730700
3267400
4307600
2548800
4459900
2440500
3237900
4413200
2511100
5857800
3115700
3475000
4534000
3242800
4478300
3362500
2895700
3200400
3675300
3719000
2599000
3263100
3167900
4576700
2822400
3497900
4501400
4268500
4476700
3748100
3230000
3219200
3459600
3351200
4617300
4639600
3159600
3219500
2330600
4485400
3152000
3255500
3225400
5628400
3742300
2452500
3259700
2421400
3270800
3118600
2541500
2567700
3182000
4509800
1892600
3259200
3208500
2424900
3661500
4427700
3398300
4570900
3588500
3436300
3484400
2420100
3714200
2421100
2462000
4511200
4657400
3269200
3006600
3525100
3225100
2543900
4391300
3198500
5193200
4520200
3479400
3194500
4490400
3131000
4509700
3264100
3266300
4215100
3165000
3171700
4353600
2446700
2441500
3505300
3219900
4613600
3397700
2793200
2570200
2403100
2492000
2343100
4577000
2358000
2604600
5681800
4471200
3343200
3146600
3158500
3274200
3179000
3198500
3097400
2381600
4405200
3167000
2455500
3181800
4853700
3286600
4396300
4367300
4418500
2382000
3443600
3147300
3158900
3313400
4061600
3414000
3178100
4601400
3521100
3247200
3266500
3799600
3501200
4656100
3660000
3342200
3443900
3967000
3185900
5691200
3152800
3550300
3456300
4876200
4737700
4422900
4505400
3951800
2496700
3488300
1920400
4549400
4484500
1888000
5662400
2710000
4358100
4365700
4412100
4358800
3236500
4495100
3407800
3487000
2808700
2483200
3653400
2545100
3530600
2447000
4432000
3589800
4633500
3550200
2421000
3167500
5336800
2695000
3976800
3054900
3072500
3364700
3069600
3117200
3410400
3022600
4591500
4267200
3279900
3150300
4314500
5872700
3453600
4261000
3905900
3197900
3970300
2468800
3256300
4337700
3419900
3292700
3100200
3343000
4198200
2425600
2975800
2537500
3242400
3333300
3262900
3339500
2398500
5766600
2030500
2741500
2463200
2703100
3331400
3458800
2633000
2403800
3521300
4281900
5501800
5840000
3148400
5578300
3255700
5979200
4065700
3090100
3081300
3071000
2669400
2399800
2634500
3532300
2763700
2880000
3796200
2305500
3896800
2487900
4287600
2609100
3514900
6037800
2341900
4251300
3345700
3290800
5829200
5669700
5529100
3177900
4328900
4180600
1487400
3665200
2400800
3171700
3022300
3025000
4431400
3021100
4310200
2358100
3299100
4238900
2553600
3052400
3147300
2369400
2519600
3205900
4312000
3199300
4353400
1830700
3375500
4191800
2256900
2996300
3137100
4418700
2486800
4268800
4297600
2453100
2369600
2371100
4259000
3095900
2304000
3288100
3234000
2536900
4765600
3432100
4255900
3370000
4248800
3349200
2418500
4540600
2812800
3063600
3218100
4138400
3978600
3347300
3201700
2325900
3388700
3423500
2394100
5535700
4369000
3411300
3277700
3334300
3213800
3181100
2903800
3308600
4330300
4333800
2793200
3425300
3216100
2543900
3100000
2971900
3311800
4372400
2440500
3009700
3599100
3348400
4745900
2526200
2607700
4308400
5652200
5394100
3122900
4310600
3338600
3293800
3786300
3551800
3480300
2798000
3155800
2848400
2391200
3153600
3372700
3126600
4469800
3420500
4253100
3165700
3270200
2462300
2571100
4247200
3342400
3539400
3346600
4630200
3256400
4359700
5437100
3280700
3147900
3057400
3262200
3160000
3278900
4133900
4317000
3104100
3088800
4891700
2197200
2658600
2782500
3644700
5390200
3106800
5447800
5395100
2401300
1921500
3174900
3365300
2415100
2482100
3124900
1949300
3214600
4462800
3335800
3120900
4367100
2384300
3072800
5236200
3197900
4394900
4243200
3336300
3263500
3254000
5705100
4868500
4356900
4289100
3413800
4456700
3423000
4489800
2696500
3547500
3426800
2368100
3615600
3194100
4588200
4366900
3548600
3464300
3384200
5851400
5499700
3182100
3122400
4288600
2554500
4247600
4464500
5640200
3037500
5572500
3065400
5861000
4591300
3254300
4335600
2398500
2375400
2468200
2349600
4404200
2045500
2323200
4220000
3162500
4272500
2437500
3095000
4292300
3213500
3425800
3105300
3333100
5495000
3036600
4357700
4595400
4862500
3328800
3358200
3180000
4856000
2549100
2765200
3471200
3495800
2604700
5673200
4578500
4407800
3167900
2966600
2393400
4899400
3157800
4478700
3399900
3324900
3363300
4320000
2445100
2483300
2449100
2492100
4603800
3339500
2413700
3427300
3456800
3405400
3239000
2465300
4576700
2520900
2453700
2420300
2413700
2430400
3067500
2635300
2794700
4563500
2670300
2368500
3516200
2568200
3223900
2581900
2422700
3305500
2373000
3487400
3410100
3025200
2454400
3493100
4421000
3447200
2372300
4047600
3357700
6199300
2656500
2491700
3230400
3734700
3491600
3997000
5234200
4304000
2505400
2824200
3475800
2680200
2612400
2468900
3626800
3619800
3472800
3419500
4279500
3314600
3503600
4301200
3326900
1974500
3362100
2350600
3334800
3421600
3514300
3292200
2462500
3857800
3947400
3876600
3457900
2603900
2492700
2508400
3320000
4507600
3050600
5849200
3933500
3260600
3503700
2915000
2474900
6117700
2404800
2692600
2382800
4179500
3497200
2522500
3358600
3319100
2531300
2565600
2765500
2445200
2789600
2538400
3376000
4716800
4450800
4515000
3456500
4616500
2896800
4222400
3205200
3137000
2484800
2453600
3232200
3251800
2433800
3304300
5718800
3822200
5863000
3680200
2480500
4531200
3223100
2478500
6543700
3736500
3387000
4764900
3026800
2896900
3356900
5190900
2140000
3649200
4409500
3370100
5027200
4408300
4224000
4782400
5693200
3263300
4675900
3426900
2510500
3799100
3121600
5901400
3453100
3199000
4554400
3676300
2565300
3544800
3239700
3444400
3239500
2550400
3315200
3851000
3641700
3354000
3550400
3475400
3935100
3593000
2403400
2418700
4413300
4733500
3203100
3832300
4479800
5885800
3718200
3357700
5791900
3470400
4444100
2515000
3395500
2662500
3597100
6529800
2500400
5931700
5828400
3529600
4658200
3433100
5732100
4177100
4499400
3493500
3714400
3192400
6258600
3251900
4513200
5825200
4449700
5683600
3398400
3419900
4478400
3179600
4464800
4487800
3179100
2577800
3243400
3277300
4505500
6071300
4488600
3170300
4547600
3270500
3408700
3910000
2542800
4417700
3345700
3220900
3160100
4673600
3490100
5905600
4644300
3192500
5726400
4587200
3391700
6068400
3500600
3786000
3298000
4438500
2596400
4762500
4735500
3345400
3204900
4395600
4242800
4593800
3732800
4567500
5587900
5044200
5302200
4706300
4769300
3308000
4476300
5924400
4474300
3273100
3398600
4782500
2978900
4733400
4559000
3275400
2582600
2611900
4439300
4568000
4243900
4493900
3940400
4461100
4103000
2630600
3602000
2342100
3927200
3777800
3325900
3557300
4884200
4550400
3403600
4637600
4499900
2470100
3307200
2832000
3600000
2432300
4083800
3245800
4599400
2469100
2589300
2379900
4549000
3332600
3496800
6828900
4574500
3200200
4609200
3210700
3179700
4166200
2642000
4521900
4585300
4366800
2948100
2557900
4666100
4363200
3868400
3654600
2392800
3357600
6023600
2545600
3606400
3595400
3462200
2542300
3585200
3267800
3285300
4532900
6819300
3510400
3584000
3270100
4675300
3294600
3377400
3156600
3042100
3340100
3326300
2425200
2324200
4346800
4422500
3379200
3001500
4196500
4428300
4266800
3255400
3364000
4880800
3066400
3154600
4525600
3050000
4449800
2451400
2352200
4450600
3230600
4478400
3092400
5594100
3146300
3305100
4353900
4256900
3162300
3127000
3294900
2839000
3578100
10624300
3522400
2296900
2302700
4156400
2482600
3988700
2513400
4635000
4305600
4351600
3387700
2714700
4831200
2409700
2460500
4738800
3293300
2533100
4628100
2317700
3232900
3105800
2345000
3411400
4290500
3397000
4177800
2456300
3249900
4360600
4104700
2505100
2897900
2332400
2572900
4178200
4691000
2545700
5789500
4187900
3127700
4152400
4176700
2337400
4179200
2042500
4159300
3170700
3266700
3068900
2802500
5611400
3555500
3397400
4445000
3205300
3077600
5973200
2423700
2635100
4733900
2492000
4349600
3065700
3060600
4400500
3122400
3195200
4506300
4505300
3149200
4235300
4343900
4391600
3099200
4375400
3342300
4334400
4270800
2452800
2329600
2727900
3151100
4000500
4430000
3119400
5874800
3191600
4338000
3059700
3145300
3353900
4341800
2666800
3244100
3171200
4381200
3245900
3741000
4571400
4284200
4416500
3166500
3164700
3424900
3071700
2312700
2326500
3507600
2346500
3112700
3090300
3032700
3188300
4318600
3155500
3519600
3357200
4169700
3406900
2426600
3078500
3641400
2337600
2407100
3299300
2314700
1973100
2533900
3299900
4637900
3059700
3256500
3375800
3280000
3695100
2427400
4134800
3236700
2905900
3128400
3120300
4434500
2707200
3304100
4703700
4414600
4335500
3848600
3007900
4266800
3087300
4309100
4632300
4366100
4385500
4413600
3138300
4438000
4576000
4374400
3196000
5392000
3141500
4342000
3079800
3076000
3152200
4406400
3210100
3688100
4524600
3604700
4430700
3082900
4392000
5721800
3129300
2306400
4600500
3392300
3135900
3105300
3169400
3269400
2989500
3174800
3083400
4587300
2358300
3352600
3626500
2435200
2540400
3106000
3082200
4732700
2948100
3083300
2553800
3295300
3171400
3355400
3073300
4670100
3303500
2339800
4438600
3122100
3278900
4429200
3367300
4743800
3222400
5596300
3173600
3067000
3281600
3253900
4435700
2873000
2920600
3106400
3336900
2421000
5964600
3165700
5841300
4402300
3132000
5695700
3122500
4923600
4698800
3198000
3165800
2396500
4383800
2523000
3489900
2432200
3559600
4390900
3425300
2561700
3080300
5483300
2959200
3092800
3324000
4566500
3085600
4325800
3058300
4432700
5413000
3270000
5986300
3386700
3381200
3757400
4678000
2535700
4485000
3079500
3118200
2486900
2626000
4346800
5687500
4805800
4364100
5597200
4400900
4502300
2961500
3291200
4404600
3296700
6040800
4329300
2419800
2744100
4462700
3398400
2378300
4479800
2988900
3242900
4522600
4546300
4402300
5785800
4451300
3089700
3056300
3204800
3158100
4574700
3170900
3193600
3197800
3128800
3124700
3067800
5683500
3409600
3113900
4323200
3052200
3207900
4490600
3510800
5763800
4303200
4323900
3385200
2437400
3188100
3234400
5779300
3337700
3094400
1928000
2359000
3113600
3196700
4177100
2353600
4207500
4352100
3202300
4383100
3340400
4441400
4069800
3220600
3297500
4365300
4839900
5928700
2342800
2369200
4742300
4618900
3438800
3317800
2427600
2385600
4424000
2381500
3439700
2764800
2399900
2360300
2422700
3362700
4326900
2365000
4445100
3134200
2380600
4489600
4290600
4387000
5514600
2698600
5633500
3678800
3162500
3183000
4647900
3086700
3074100
4348700
2322800
2336800
3329600
3281300
3973800
3358700
3383000
4633900
3753600
2412900
2445200
2531300
2418700
3411300
3495500
3333800
2334900
3169700
4614500
4580200
3108700
4439500
5768200
3458600
2787400
2511300
3904700
4726700
3367800
2580300
3426400
4751900
3216400
3193100
5642100
4495400
3150900
3393000
3359200
3355500
3340400
5840000
3364900
3150700
3089100
3145700
2498700
4995400
4690800
4421300
5679300
3182200
4519800
3382400
3181000
3267400
6435400
4581800
3758500
3623400
4326800
3194200
2434300
4426900
3316800
3287000
4329600
3122200
4471000
3246300
3199900
3189900
4444900
3379400
4248300
4425300
3218500
2392400
3300400
3315900
3369700
4717300
3430100
3141100
2372100
3467100
3489100
3680500
4306500
4526500
4478000
4183100
3213900
5886100
4416800
3337600
4661000
2475400
4576500
2730300
4395600
3238700
4667300
3401900
3178800
3514100
4666700
4526800
5748900
3217200
5657500
3313700
3401300
4678600
3506200
4440600
4415300
3652200
5936600
4597400
3696300
2564200
3452600
3396500
3230200
3246800
2270500
3430300
2974200
2410700
4358800
2395600
4674200
4629400
3291500
4478300
5718400
3173900
3236700
3424400
3467600
3653900
4630800
4260700
3216700
4019000
3157600
5757300
2852800
2468000
2695900
3093000
3332200
4711800
3517200
3341200
2380100
4281400
3320700
4528000
3136400
2593300
3275600
2313700
3655900
3379300
3831000
2393400
3155100
2379800
4290800
3254300
4666200
3308400
3254600
3249800
4629300
4549000
3562700
4614800
3441400
3287400
3450100
3200800
2474200
3279800
3374400
4437700
2579700
2665700
5008200
3498800
2636900
3292200
3600400
5785700
5739300
3353700
2388400
3673600
2355300
2487600
2935300
3316400
2427900
2366200
2581400
3651100
4516100
3288300
3166400
3380500
5772200
5775400
3355200
3554100
3360000
3178200
2716100
2574000
2715600
2722100
4395900
5881200
3199300
3372600
2406200
2485700
2369400
4144200
2413600
4214300
4390900
2405300
2377100
2772700
4520900
3755800
4653400
3741200
4695000
4298600
3159100
3103100
3097900
4269300
3500100
2827400
2425600
3419800
4337400
4423400
3174700
4595100
2717200
3280000
2428900
2499800
2431100
3203600
3224400
2542600
4604400
3110900
5669300
4423300
4333900
3051500
3234200
5720500
3943500
4372300
3273200
4538000
5674200
5564800
4381100
3077500
3312800
4595800
3455900
4593000
3200800
5499200
3035400
3160900
4013100
3112200
4222100
4320200
3503200
3155100
2307500
2304500
4265400
4368600
3136500
4091200
5289700
5444400
3045700
4340200
3202000
4472300
3301600
4814900
3049200
3415200
3360900
3137400
2331400
3355800
3340900
4102500
4708300
3129700
2553400
3478600
2373900
3404200
3133800
4543700
2356300
4554400
3338400
4354200
4251600
5554800
4883300
4433400
4261100
3105600
4346500
3525100
3249900
4626700
3227800
3122400
4601100
5803300
2393900
2962900
2347000
4430200
3141200
3078000
3002400
4942700
3072400
3157500
3229400
3303900
4512700
3040000
2750100
3398500
3290100
4143000
3320700
3254000
3155600
4379600
4604800
4265900
5575500
3274700
5737600
3536600
3313100
4350500
4101600
3283800
2366500
2967900
3407300
3512900
2370400
3126800
4055300
2467500
3277500
2426000
4962800
4384300
3070900
3227000
5777500
3325800
2312400
3252700
5560400
2820900
2703900
4330200
4423900
4382400
3115300
5491800
4248800
2678800
4424200
3335700
4341600
3192100
2547100
4378200
4492600
5519300
4553600
3146600
2693800
4419200
3069900
4373400
2271500
2364200
3079500
4254400
4402700
4082600
5894000
2616000
4867200
4641700
3836000
2487100
3512900
3042400
4406200
5621500
4296300
2848600
3006800
3232100
2716600
3315200
5458900
3152700
4421100
3292300
3190400
3458400
3278500
2359700
4389300
4365600
5683100
3481200
4300600
3029800
4222500
3399900
3274100
2317800
3549900
3291100
2758700
3244200
4480200
2283100
2551300
3153700
2373400
3394300
3650700
3356600
3356400
3075800
3423800
2410400
2312500
5467500
2419200
2811400
4289200
3266500
3315500
2358900
2384600
2515400
2500600
2707900
3639600
4569900
3105300
3702500
2300700
4590500
2400600
4463400
3169600
4553800
3146300
3356000
3063700
3012800
4380600
3114400
3136000
3245700
3128000
3221100
2667200
4462200
2349800
