1441700
1457600
1487400
1552500
1830700
1863900
1870200
1871000
1874200
1879400
1882500
1884300
1885000
1888000
1891800
1892200
1892600
1894800
1898500
1907800
1908800
1909600
1910200
1916300
1918200
1920400
1921500
1924000
1924600
1925200
1927000
1928000
1928600
1929000
1929600
1931500
1935200
1941200
1943600
1944100
1946300
1949300
1950000
1954200
1957000
1962100
1962300
1965000
1967000
1968400
1970600
1973100
1974500
1979600
1982400
1986000
2003700
2013600
2014800
2015100
2015700
2030500
2033600
2034400
2042500
2043400
2045500
2046100
2047300
2053900
2055400
2064000
2071800
2079100
2082600
2098900
2099100
2110000
2117600
2121300
2140000
2144600
2152900
2162700
2162700
2172200
2175500
2197200
2212000
2223500
2223500
2231400
2237700
2256900
2258400
2260000
2261000
2270500
2271200
2271500
2276800
2276800
2277200
2278400
2281400
2283100
2283200
2283300
2284100
2284200
2285000
2285900
2286000
2288800
2290200
2290600
2291600
2291800
2292100
2292700
2292700
2293300
2293300
2294100
2295500
2296700
2296900
2297000
2297400
2297700
2298500
2298500
2298700
2299200
2299300
2300300
2300700
2301400
2301700
2302000
2302500
2302700
2302700
2302900
2302900
2303000
2303100
2303600
2303900
2304000
2304500
2304700
2305500
2305800
2306100
2306200
2306200
2306400
2306900
2307400
2307500
2307800
2308200
2308300
2308500
2308800
2308900
2308900
2309300
2309600
2309600
2309700
2310400
2310500
2310700
2311300
2311700
2312100
2312400
2312500
2312500
2312700
2313000
2313300
2313700
2314000
2314300
2314400
2314500
2314700
2315100
2315200
2315500
2315600
2316000
2316200
2316200
2316400
2316400
2316500
2316600
2316600
2316700
2317200
2317700
2317800
2318400
2318900
2319200
2319300
2319400
2320000
2320200
2320600
2320900
2321100
2321300
2322200
2322400
2322700
2322800
2322800
2323200
2323200
2323900
2324100
2324200
2325700
2325900
2326400
2326400
2326500
2326700
2326800
2326800
2327200
2327400
2327600
2327600
2327800
2328000
2328900
2329100
2329200
2329600
2330100
2330300
2330400
2330400
2330500
2330600
2331300
2331400
2331500
2331700
2331700
2331800
2332000
2332400
2332700
2333500
2333700
2333900
2334200
2334600
2334900
2335800
2335900
2336000
2336000
2336300
2336500
2336800
2337100
2337200
2337300
2337400
2337600
2338100
2339800
2339800
2339800
2340300
2340400
2340500
2340600
2340600
2341100
2341200
2341300
2341800
2341900
2341900
2342000
2342100
2342100
2342200
2342200
2342400
2342800
2342800
2343100
2343300
2343400
2343600
2343900
2344000
2344300
2344400
2344700
2344800
2344800
2345000
2345100
2345300
2345800
2346300
2346500
2346500
2346700
2347000
2347600
2347900
2347900
2348100
2348700
2348800
2349200
2349600
2349700
2349800
2350000
2350000
2350200
2350400
2350600
2350700
2351500
2351600
2351900
2352100
2352200
2352300
2352600
2352700
2352700
2353000
2353200
2353500
2353500
2353600
2353600
2353900
2354100
2354900
2354900
2355300
2355300
2355300
2355600
2355600
2355700
2355800
2355900
2356000
2356300
2356600
2356600
2356900
2357100
2357400
2357800
2357800
2358000
2358000
2358100
2358100
2358300
2358700
2358900
2358900
2359000
2359000
2359000
2359100
2359400
2359500
2359600
2359700
2359700
2359700
2359800
2360000
2360000
2360100
2360200
2360200
2360200
2360300
2360400
2360500
2360600
2360900
2361400
2361500
2361900
2362200
2362300
2362600
2362800
2362800
2362900
2363100
2363100
2363200
2364000
2364100
2364100
2364200
2364200
2364300
2364400
2364500
2364900
2365000
2365000
2365300
2365300
2365400
2365900
2365900
2365900
2366000
2366000
2366100
2366200
2366200
2366200
2366300
2366500
2366600
2366800
2367200
2367300
2367600
2367700
2368100
2368100
2368100
2368200
2368300
2368400
2368500
2368900
2369100
2369200
2369200
2369200
2369400
2369400
2369500
2369500
2369500
2369600
2369600
2369700
2369900
2369900
2369900
2370000
2370100
2370200
2370200
2370400
2370400
2370600
2370600
2370800
2370900
2371100
2371400
2371500
2371600
2371600
2371800
2371900
2372100
2372300
2372300
2372500
2372500
2372700
2372800
2373000
2373400
2373400
2373400
2373700
2373700
2373900
2374000
2374100
2374100
2374100
2374200
2374300
2374500
2374700
2374900
2375100
2375100
2375200
2375300
2375400
2375700
2375800
2375900
2376000
2376100
2376200
2376400
2376400
2376600
2376700
2376700
2376700
2376800
2376900
2377100
2377100
2377200
2377400
2377500
2377500
2377700
2377900
2378100
2378200
2378300
2378300
2378400
2378500
2378600
2378700
2378700
2379300
2379400
2379600
2379800
2379800
2379800
2379800
2379900
2379900
2380100
2380100
2380500
2380600
2380700
2380800
2380900
2380900
2380900
2381000
2381000
2381000
2381100
2381200
2381200
2381300
2381400
2381400
2381500
2381500
2381600
2381600
2381700
2381700
2381800
2382000
2382500
2382500
2382600
2382700
2382800
2382900
2383000
2383300
2383400
2383700
2383700
2383900
2384100
2384200
2384300
2384600
2384700
2385000
2385200
2385400
2385500
2385500
2385600
2386200
2386400
2386600
2386700
2386800
2387100
2387300
2387300
2387600
2387900
2387900
2388000
2388100
2388100
2388400
2388400
2388400
2388600
2389000
2389400
2389800
2389900
2389900
2390100
2390200
2390200
2390400
2390600
2390600
2390800
2390900
2391200
2391200
2391300
2391300
2391700
2391800
2391800
2392000
2392300
2392400
2392400
2392500
2392500
2392800
2392900
2392900
2393000
2393100
2393400
2393400
2393500
2393500
2393600
2393800
2393900
2394000
2394100
2394100
2394200
2394200
2394500
2394500
2394600
2394700
2394700
2394800
2394900
2395000
2395000
2395400
2395600
2396000
2396100
2396200
2396500
2396500
2396500
2396600
2396600
2396700
2396900
2397200
2397300
2397600
2397900
2397900
2398000
2398200
2398300
2398300
2398300
2398500
2398500
2398700
2398700
2398700
2398800
2398800
2399000
2399800
2399800
2399900
2400000
2400100
2400100
2400400
2400600
2400600
2400800
2400800
2400900
2400900
2401000
2401200
2401200
2401300
2401700
2401800
2401800
2401900
2402000
2402200
2402700
2402800
2402800
2402800
2403100
2403300
2403300
2403400
2403400
2403700
2403800
2403800
2404000
2404200
2404300
2404400
2404400
2404600
2404800
2404900
2404900
2405200
2405200
2405300
2405300
2405600
2405900
2406200
2406200
2407000
2407100
2407200
2407300
2407500
2407500
2407500
2407700
2408100
2408300
2408300
2408300
2408500
2408600
2408800
2408900
2408900
2409200
2409200
2409700
2409800
2409800
2409800
2409900
2410100
2410200
2410400
2410500
2410700
2410700
2410700
2410700
2410800
2411000
2411100
2411200
2411300
2411400
2411400
2411600
2412000
2412100
2412400
2412700
2412900
2413400
2413500
2413600
2413600
2413600
2413600
2413700
2413700
2413900
2414400
2414400
2414400
2414500
2414800
2414900
2415100
2415100
2415100
2415200
2415300
2415500
2415600
2415700
2415800
2416200
2416200
2416500
2416800
2416800
2417100
2417200
2417700
2418300
2418400
2418500
2418600
2418700
2418700
2418700
2418800
2418900
2419000
2419000
2419200
2419200
2419300
2419300
2419800
2419800
2419900
2419900
2420000
2420100
2420100
2420300
2421000
2421000
2421100
2421200
2421300
2421400
2421400
2421600
2421600
2421800
2422100
2422200
2422700
2422700
2423100
2423200
2423500
2423500
2423700
2424000
2424300
2424300
2424700
2424900
2425000
2425100
2425100
2425200
2425600
2425600
2425600
2425600
2425700
2425700
2425800
2425900
2426000
2426100
2426200
2426400
2426600
2426700
2426700
2426700
2426800
2426900
2427100
2427200
2427400
2427600
2427700
2427800
2427800
2427900
2427900
2427900
2427900
2428000
2428200
2428200
2428500
2428800
2428800
2428900
2429000
2429500
2429700
2429800
2430300
2430300
2430300
2430400
2430500
2430800
2430800
2431000
2431000
2431100
2431100
2431500
2431500
2431900
2432000
2432200
2432200
2432300
2432300
2432400
2432400
2432900
2433000
2433100
2433600
2433700
2433800
2433900
2434000
2434200
2434300
2434300
2435000
2435200
2435200
2435300
2435300
2435500
2435600
2435700
2435700
2435800
2435800
2435900
2436000
2436200
2436200
2436300
2436400
2436700
2436800
2436800
2436800
2436900
2436900
2437100
2437200
2437300
2437400
2437400
2437500
2437500
2437600
2437600
2437600
2437700
2437800
2437900
2438600
2438700
2438800
2438800
2439000
2439200
2439400
2439600
2439600
2439700
2439700
2440000
2440100
2440100
2440300
2440500
2440500
2440600
2440800
2441200
2441300
2441300
2441300
2441500
2441800
2441800
2442100
2442800
2443000
2443100
2443100
2443500
2443700
2443700
2443800
2444300
2444700
2444800
2445000
2445000
2445100
2445200
2445200
2445200
2445300
2445400
2445900
2446100
2446200
2446300
2446400
2446400
2446600
2446700
2446800
2446900
2447000
2447100
2447300
2447400
2447600
2447800
2447800
2447800
2448100
2448300
2448500
2448900
2449100
2449300
2449600
2449700
2449700
2449900
2450100
2450600
2450600
2450800
2450800
2450800
2450900
2451000
2451200
2451200
2451300
2451400
2451400
2451600
2451600
2451700
2452200
2452200
2452300
2452500
2452500
2452600
2452800
2453000
2453100
2453100
2453200
2453500
2453600
2453600
2453600
2453700
2453800
2453900
2454400
2454700
2454800
2455000
2455100
2455500
2455700
2455700
2455900
2456000
2456100
2456100
2456200
2456300
2456300
2456300
2456400
2456600
2456700
2456900
2457500
2457600
2457800
2457900
2458100
2458200
2458200
2458300
2458300
2458400
2458800
2458900
2459300
2459300
2459300
2459600
2459600
2459700
2460300
2460300
2460300
2460500
2461000
2461400
2461600
2462000
2462300
2462300
2462500
2462700
2463100
2463200
2463200
2463400
2463600
2463700
2463800
2463900
2463900
2464200
2464400
2464400
2464600
2464900
2464900
2465200
2465300
2465600
2465700
2465800
2465800
2466100
2466200
2466300
2466400
2467300
2467300
2467500
2467600
2467900
2468000
2468100
2468100
2468100
2468200
2468300
2468800
2468900
2469100
2469100
2469500
2469800
2469900
2470100
2470100
2470200
2470300
2470400
2470500
2470700
2470900
2470900
2471100
2471200
2471300
2471600
2471700
2472000
2472100
2472700
2472900
2473200
2473300
2473600
2473600
2473700
2474200
2474200
2474300
2474300
2474400
2474400
2474700
2474800
2474900
2475000
2475100
2475200
2475400
2475500
2475500
2475600
2475800
2476100
2476900
2476900
2477200
2477400
2477500
2477600
2477800
2478100
2478300
2478500
2478700
2478700
2478900
2478900
2479200
2479200
2479400
2479700
2480000
2480200
2480400
2480500
2480600
2481500
2481600
2481700
2481700
2481700
2482100
2482600
2482600
2482600
2482800
2483100
2483200
2483200
2483300
2483300
2483400
2483500
2483500
2484100
2484300
2484400
2484400
2484600
2484700
2484800
2484900
2485000
2485100
2485100
2485400
2485500
2485600
2485700
2485800
2485800
2486000
2486300
2486700
2486800
2486800
2486900
2486900
2487100
2487200
2487200
2487400
2487600
2487700
2487900
2488300
2488400
2488700
2489000
2489200
2489300
2489500
2489500
2489600
2489700
2490400
2490900
2491300
2491400
2491400
2491600
2491700
2491700
2492000
2492000
2492100
2492100
2492400
2492600
2492700
2492800
2492900
2492900
2493000
2493000
2493100
2493300
2493400
2493400
2493400
2494000
2494100
2494100
2494200
2494400
2494700
2495000
2495000
2495200
2495400
2495600
2495700
2495800
2496000
2496200
2496400
2496700
2496700
2497000
2497000
2497100
2497200
2497600
2497700
2497700
2497700
2497700
2498300
2498600
2498700
2498700
2498700
2498900
2499000
2499100
2499200
2499300
2499600
2499800
2500100
2500300
2500400
2500400
2500500
2500600
2501100
2501300
2501300
2501500
2501900
2502100
2502100
2502100
2502700
2503500
2503500
2503700
2503800
2503900
2503900
2504000
2504200
2504400
2504500
2504800
2505000
2505100
2505300
2505300
2505400
2505400
2505400
2505400
2505500
2505700
2505900
2505900
2506000
2506000
2506100
2506400
2506500
2506700
2507500
2507600
2507600
2507700
2507800
2508100
2508200
2508200
2508400
2508400
2508500
2508600
2508900
2509200
2509200
2509500
2510100
2510500
2510500
2510800
2510800
2511000
2511100
2511300
2511300
2511700
2512000
2512200
2512400
2512700
2513200
2513300
2513400
2513500
2513600
2513700
2514700
2514800
2514900
2514900
2515000
2515400
2515500
2515600
2515700
2516000
2516200
2516200
2516300
2516800
2516900
2517000
2517200
2517700
2518100
2518200
2518300
2518400
2519100
2519200
2519600
2519600
2520000
2520200
2520300
2520500
2520600
2520800
2520900
2520900
2520900
2521000
2521000
2521100
2521200
2521400
2521500
2521500
2521700
2522100
2522300
2522400
2522500
2522500
2522900
2523000
2523500
2523500
2523800
2524000
2524000
2524200
2524400
2524900
2525000
2525100
2525100
2525300
2525600
2525900
2525900
2526100
2526200
2526200
2526200
2526500
2526500
2526600
2526800
2526900
2527300
2527300
2527300
2527400
2528000
2528100
2528500
2528600
2528700
2528800
2529100
2529200
2529300
2530000
2530100
2530300
2530500
2530600
2531100
2531300
2531300
2531300
2531600
2531600
2532000
2532000
2532100
2532200
2532500
2532500
2532700
2532700
2532800
2533000
2533100
2533100
2533200
2533400
2533400
2533600
2533700
2533800
2533900
2534800
2535000
2535000
2535700
2536200
2536300
2536300
2536400
2536500
2536600
2536700
2536900
2537000
2537500
2537600
2538400
2538500
2538500
2538600
2538900
2539000
2539100
2539400
2540000
2540000
2540400
2540600
2541000
2541500
2541600
2541700
2541800
2542100
2542200
2542300
2542600
2542800
2543200
2543600
2543700
2543900
2543900
2544000
2544400
2544400
2545100
2545400
2545500
2545600
2545700
2545700
2546000
2546200
2546200
2546300
2546900
2547100
2547100
2547500
2548200
2548800
2548800
2548900
2548900
2549000
2549100
2549200
2550100
2550200
2550200
2550400
2550700
2550700
2551200
2551300
2551600
2553100
2553400
2553600
2553800
2553900
2554300
2554300
2554500
2554500
2554600
2554700
2555200
2555900
2556000
2556000
2556400
2556800
2557400
2557700
2557900
2557900
2557900
2558300
2558700
2559200
2559600
2559700
2559800
2560000
2560000
2560400
2560400
2560400
2560600
2560900
2561000
2561400
2561700
2561900
2562000
2562100
2562200
2562300
2562700
2562900
2563600
2563600
2563700
2564200
2564200
2564500
2564900
2565300
2565600
2565600
2565800
2565900
2565900
2567000
2567100
2567600
2567700
2568200
2568900
2570200
2570400
2570800
2571000
2571100
2571300
2571400
2572000
2572500
2572700
2572900
2573700
2573800
2573900
2574000
2574600
2574600
2575000
2575800
2576300
2576300
2576900
2577000
2577200
2577300
2577800
2577800
2578000
2578200
2578300
2578900
2579100
2579300
2579700
2579800
2580300
2580500
2580500
2580700
2581200
2581200
2581400
2581500
2581700
2581900
2582600
2582700
2583400
2583500
2584200
2584500
2584600
2585300
2585300
2585900
2585900
2586500
2586500
2587100
2587200
2587400
2587700
2587800
2587900
2588200
2588600
2588600
2588700
2588700
2588800
2589000
2589300
2589700
2589800
2590700
2590900
2591100
2591500
2591500
2591800
2592200
2592500
2592600
2592700
2592800
2592800
2593100
2593300
2593800
2594100
2594200
2594200
2594400
2594500
2594800
2595200
2595200
2595400
2595500
2595800
2596400
2597000
2597000
2597200
2597600
2597700
2597900
2598300
2598600
2598700
2598800
2598900
2599000
2599100
2599100
2599500
2599700
2600000
2600000
2600000
2601700
2601900
2602400
2603000
2603200
2603900
2604000
2604100
2604200
2604600
2604700
2605600
2605700
2606300
2606700
2606800
2607200
2607300
2607400
2607700
2607900
2609100
2609100
2609200
2609400
2609700
2610900
2611000
2611200
2611300
2611300
2611900
2611900
2612400
2612700
2612900
2613100
2613200
2613700
2613700
2613900
2614300
2615200
2615700
2616000
2616200
2616200
2616400
2616400
2617700
2617900
2618400
2619000
2619100
2619700
2619800
2620400
2620400
2620400
2620700
2620700
2621500
2622000
2622900
2623200
2623200
2623900
2624000
2624100
2624900
2626000
2626800
2627100
2627100
2627300
2627600
2627900
2628000
2628100
2628100
2628200
2628500
2628700
2630600
2630700
2631100
2631700
2631800
2631900
2632400
2633000
2633100
2633400
2634100
2634100
2634200
2634200
2634500
2634500
2634800
2635100
2635200
2635300
2636500
2636900
2637000
2637100
2637300
2637400
2637800
2638100
2638500
2638900
2639100
2639200
2640100
2640700
2640700
2640700
2641200
2641400
2641700
2641800
2641800
2641900
2642000
2642000
2642000
2642500
2643500
2643700
2644300
2644800
2645000
2645700
2645800
2646100
2646300
2648000
2648200
2649200
2649400
2649400
2649600
2649800
2649900
2650100
2651000
2651700
2651700
2652500
2652900
2652900
2653400
2654100
2655000
2655300
2655800
2656000
2656100
2656500
2657200
2657400
2657500
2658000
2658100
2658100
2658600
2658600
2658900
2659700
2659800
2660400
2660800
2660800
2661200
2661400
2661800
2662300
2662500
2662700
2662700
2663000
2663200
2663700
2663900
2664000
2664400
2664500
2665500
2665700
2665900
2666700
2666800
2667000
2667100
2667200
2669400
2669400
2670300
2670300
2670500
2671400
2671400
2672100
2672600
2672800
2672800
2673200
2673700
2675400
2675800
2675900
2676700
2677600
2677600
2677800
2678200
2678300
2678700
2678800
2679400
2679400
2680000
2680200
2680500
2681200
2681500
2682200
2682400
2683000
2684500
2685800
2686700
2686900
2687100
2687600
2687800
2687900
2688600
2689100
2690300
2691000
2691500
2692300
2692300
2692300
2692600
2692600
2692700
2693500
2693800
2695000
2695100
2695900
2696100
2696400
2696500
2696500
2696900
2696900
2697600
2698500
2698600
2698900
2699400
2700100
2700800
2701600
2702200
2702300
2702800
2703100
2703900
2704100
2705600
2706400
2707100
2707200
2707900
2707900
2708300
2708500
2708900
2709200
2709600
2710000
2710400
2711400
2711400
2712300
2713100
2713200
2714700
2715100
2715500
2715600
2716100
2716200
2716500
2716600
2716800
2717000
2717200
2717400
2717400
2718100
2718700
2722100
2722300
2723700
2727800
2727900
2728500
2730300
2730800
2732100
2732400
2732800
2734200
2734400
2734500
2735200
2735500
2736700
2740300
2741200
2741500
2742200
2743000
2743700
2744100
2744500
2745300
2750100
2750700
2751300
2751900
2752200
2752400
2752900
2753500
2753500
2754600
2754700
2754900
2755600
2756100
2758700
2759400
2760700
2760800
2761200
2761200
2761800
2762200
2762700
2763700
2764800
2765100
2765200
2765500
2766200
2767600
2769600
2770300
2770900
2770900
2771200
2771800
2772700
2772700
2774100
2775200
2775500
2776400
2776500
2777100
2778300
2781000
2782500
2784100
2784300
2785300
2786100
2786500
2786500
2787100
2787100
2787400
2788600
2789000
2789600
2790900
2793200
2793200
2793500
2793600
2794700
2795100
2795400
2795700
2796300
2796400
2797400
2798000
2798900
2799900
2800300
2801600
2802500
2802800
2802800
2803900
2806100
2806600
2808700
2808900
2809000
2811400
2811600
2812800
2813600
2815000
2818300
2818400
2819000
2820500
2820900
2822400
2823600
2823800
2824200
2824600
2825000
2826000
2826700
2826700
2827000
2827100
2827400
2828200
2829600
2830400
2830500
2831700
2832000
2832600
2832700
2833400
2833500
2834500
2835900
2837800
2837900
2839000
2839300
2841000
2841800
2842300
2843000
2843400
2843600
2844600
2845600
2845900
2848200
2848300
2848400
2848600
2848700
2849400
2850000
2850500
2852500
2852500
2852800
2853900
2854000
2854400
2858100
2858400
2860100
2860900
2862300
2862600
2863500
2863700
2866600
2866800
2867100
2869600
2870600
2871700
2873000
2874900
2875100
2876500
2878000
2879100
2879100
2879600
2880000
2880600
2883300
2885900
2887000
2887300
2889700
2890000
2891200
2891200
2892100
2894300
2894700
2895600
2895700
2895700
2895800
2895900
2896500
2896800
2896900
2897900
2899600
2900200
2901000
2901400
2903600
2903600
2903800
2904700
2905900
2907100
2907800
2908600
2909000
2910000
2910800
2911800
2912200
2914500
2914500
2915000
2916200
2916600
2920600
2920600
2921100
2921400
2921900
2922700
2922900
2923300
2924100
2924400
2925700
2926000
2929000
2929600
2929900
2929900
2929900
2930000
2930900
2931900
2933500
2934100
2934200
2935300
2935300
2936200
2936300
2938000
2938700
2938900
2940000
2940200
2940900
2942000
2942100
2944000
2945100
2945200
2945600
2946900
2947400
2947400
2947500
2947900
2948100
2948100
2948200
2949500
2951300
2951900
2953100
2953300
2954500
2954700
2955100
2955300
2955900
2957200
2959200
2961500
2961800
2962900
2963600
2964100
2965000
2965500
2966600
2967900
2968100
2968700
2970900
2971900
2972500
2974200
2975800
2977800
2978900
2979000
2980300
2981100
2981500
2983300
2983300
2983800
2985400
2986100
2987500
2987500
2987800
2988900
2989300
2989500
2992700
2994200
2994900
2994900
2995500
2996300
2996300
2996400
2996800
2999300
2999300
2999900
3000700
3001500
3002000
3002200
3002400
3002600
3003100
3003800
3004200
3004400
3005500
3006200
3006600
3006800
3006900
3007000
3007700
3007800
3007900
3008200
3008600
3009700
3010800
3011200
3011200
3012700
3012800
3013000
3013500
3013500
3016400
3016400
3016800
3016900
3019200
3019300
3020400
3021100
3021600
3022000
3022100
3022300
3022300
3022400
3022600
3023100
3023900
3024500
3024500
3024600
3024800
3025000
3025000
3025200
3025300
3025600
3026100
3026800
3026800
3026800
3026800
3027100
3027400
3027600
3028400
3028800
3029000
3029100
3029200
3029300
3029400
3029600
3029800
3029800
3029800
3030100
3030100
3030200
3030300
3030300
3030400
3030700
3030900
3031200
3031900
3032600
3032700
3033000
3033200
3033300
3034500
3034500
3034700
3034800
3035100
3035200
3035400
3035900
3036600
3036600
3037300
3037300
3037400
3037500
3037600
3037900
3038400
3038500
3038900
3039100
3039300
3039500
3039600
3039800
3040000
3040000
3040100
3040200
3040300
3040500
3040800
3041100
3041800
3042100
3042400
3042700
3042800
3043000
3043100
3043200
3043800
3043900
3044100
3044300
3044400
3044500
3044500
3044600
3045000
3045100
3045500
3045700
3046300
3046500
3046600
3046600
3046700
3046800
3046900
3047100
3048000
3048000
3048200
3048200
3048300
3048700
3048700
3048800
3049200
3049300
3049300
3050000
3050600
3050900
3051000
3051400
3051400
3051500
3051700
3052200
3052400
3052400
3052600
3052700
3053400
3053400
3053500
3053600
3053800
3053800
3053900
3054000
3054500
3054600
3054600
3054700
3054900
3055100
3055100
3055200
3055400
3055900
3056100
3056300
3057300
3057400
3057400
3057500
3057500
3057900
3058100
3058300
3058400
3058500
3058500
3058600
3058700
3058800
3058800
3059000
3059000
3059100
3059100
3059200
3059300
3059400
3059400
3059500
3059700
3059700
3059800
3060000
3060400
3060400
3060600
3060600
3060700
3060900
3061400
3061400
3061700
3061700
3061700
3061800
3062600
3063200
3063200
3063300
3063400
3063600
3063700
3063900
3064000
3064800
3064900
3065300
3065300
3065400
3065400
3065400
3065700
3065800
3066100
3066200
3066300
3066300
3066400
3066600
3067000
3067000
3067000
3067500
3067800
3068200
3068200
3068200
3068600
3068900
3068900
3069200
3069500
3069600
3069900
3069900
3070100
3070600
3070700
3070800
3070800
3070900
3070900
3071000
3071100
3071200
3071200
3071700
3071900
3072000
3072300
3072400
3072500
3072500
3072800
3072800
3073000
3073100
3073300
3073300
3073700
3074100
3074400
3074800
3074900
3075000
3075200
3075400
3075600
3075800
3075800
3075900
3076000
3076100
3076200
3076300
3076400
3076400
3076500
3076500
3076800
3076900
3076900
3077000
3077100
3077100
3077300
3077400
3077500
3077500
3077600
3077600
3077700
3077900
3078000
3078100
3078200
3078300
3078500
3078500
3078700
3079000
3079100
3079200
3079300
3079300
3079400
3079500
3079500
3079500
3079600
3079800
3079800
3079900
3080200
3080300
3080400
3080500
3080700
3080700
3080800
3081000
3081300
3081500
3081500
3081500
3081600
3081900
3082200
3082200
3082400
3082500
3082500
3082800
3082900
3083100
3083300
3083400
3083500
3083600
3083900
3083900
3084700
3084700
3085000
3085200
3085500
3085500
3085600
3086100
3086100
3086300
3086700
3086800
3087000
3087200
3087300
3087400
3087700
3087700
3088000
3088000
3088300
3088400
3088500
3088600
3088700
3088800
3089100
3089100
3089300
3089700
3089800
3089900
3090100
3090300
3090400
3090600
3091100
3091100
3091300
3091300
3091600
3091600
3091700
3091900
3092000
3092300
3092400
3092700
3092700
3092800
3092800
3092800
3093000
3093000
3093200
3093200
3093300
3093400
3093900
3093900
3094400
3094500
3094600
3094700
3094800
3094900
3095000
3095100
3095900
3096300
3096400
3096900
3097100
3097100
3097400
3097700
3097800
3097800
3097800
3097900
3097900
3098100
3098600
3098700
3098800
3099200
3099500
3099700
3100000
3100000
3100200
3100300
3100400
3100700
3100800
3101300
3101500
3101600
3101900
3102000
3102200
3102200
3102200
3102600
3102700
3102800
3103000
3103100
3103900
3104000
3104100
3104100
3104200
3104700
3105100
3105300
3105300
3105300
3105500
3105600
3105700
3105800
3105800
3105900
3106000
3106100
3106200
3106300
3106400
3106400
3106500
3106500
3106600
3106700
3106800
3106800
3107000
3107200
3107500
3107600
3107700
3107900
3108600
3108600
3108700
3108700
3108700
3109400
3109400
3109600
3109700
3110000
3110100
3110100
3110300
3110300
3110500
3110600
3110900
3110900
3111000
3111600
3111900
3112200
3112200
3112400
3112700
3113200
3113200
3113400
3113600
3113600
3113600
3113900
3114300
3114400
3114500
3115000
3115000
3115100
3115300
3115300
3115700
3116600
3116900
3117200
3117200
3117200
3118000
3118200
3118200
3118400
3118600
3118600
3118700
3118700
3119000
3119400
3119800
3119800
3120200
3120200
3120300
3120400
3120700
3120900
3121000
3121100
3121200
3121300
3121300
3121600
3121600
3121800
3122000
3122000
3122100
3122200
3122400
3122400
3122400
3122500
3122500
3122700
3122900
3123100
3123300
3123600
3123700
3123900
3124000
3124000
3124100
3124500
3124500
3124600
3124700
3124800
3124900
3125100
3125400
3125700
3126000
3126200
3126200
3126500
3126600
3126800
3126800
3126900
3127000
3127000
3127600
3127700
3128000
3128000
3128300
3128400
3128400
3128800
3129100
3129300
3129400
3129700
3129700
3130300
3130400
3130500
3130600
3130900
3131000
3131000
3131100
3131100
3131600
3131900
3132000
3132000
3132000
3132500
3133100
3133100
3133800
3134000
3134100
3134200
3134500
3135400
3135700
3135900
3136000
3136100
3136200
3136200
3136400
3136400
3136500
3137000
3137100
3137400
3137400
3137500
3137500
3137600
3137800
3137900
3138300
3138500
3138600
3138600
3138800
3139200
3139400
3139400
3139900
3140400
3140700
3140800
3140800
3140900
3140900
3141100
3141200
3141300
3141500
3141500
3141700
3141900
3142300
3142400
3142400
3142400
3142500
3142500
3142700
3142700
3142800
3143000
3143400
3143700
3144000
3144100
3144200
3144500
3144500
3145000
3145000
3145200
3145300
3145300
3145300
3145400
3145700
3145700
3145700
3146000
3146100
3146300
3146300
3146600
3146600
3146900
3147300
3147300
3147400
3147900
3147900
3148300
3148400
3148500
3148700
3149200
3149300
3149700
3150200
3150200
3150200
3150300
3150300
3150400
3150500
3150700
3150700
3150700
3150900
3151000
3151100
3151200
3151900
3152000
3152200
3152200
3152300
3152400
3152700
3152800
3152800
3153300
3153400
3153400
3153500
3153600
3153700
3153900
3154200
3154500
3154600
3154800
3155100
3155100
3155500
3155600
3155600
3155800
3155800
3156300
3156300
3156600
3156700
3156800
3157500
3157500
3157600
3157600
3157700
3157800
3158000
3158100
3158100
3158100
3158500
3158600
3158800
3158900
3159100
3159600
3159900
3160000
3160000
3160000
3160100
3160200
3160300
3160300
3160400
3160800
3160900
3161300
3161500
3161500
3161700
3161900
3162200
3162300
3162500
3162500
3162600
3162800
3163500
3163600
3163600
3163700
3164000
3164600
3164700
3164700
3165000
3165100
3165300
3165700
3165700
3165800
3166000
3166200
3166400
3166400
3166500
3166500
3166600
3166600
3166800
3166800
3166900
3167000
3167400
3167500
3167500
3167900
3167900
3167900
3168200
3168300
3168600
3168900
3168900
3169000
3169200
3169400
3169400
3169500
3169600
3169600
3169700
3169700
3170100
3170100
3170100
3170300
3170600
3170700
3170700
3170800
3170800
3170900
3170900
3171000
3171200
3171300
3171400
3171700
3171700
3171700
3172000
3172100
3172600
3172700
3172900
3173000
3173600
3173700
3173800
3173900
3173900
3174200
3174200
3174600
3174600
3174700
3174700
3174800
3174900
3175000
3175200
3175200
3175500
3175800
3176200
3176300
3176400
3176500
3176500
3176600
3176900
3176900
3177300
3177400
3177500
3177800
3177900
3178100
3178200
3178200
3178400
3178500
3178600
3178700
3178800
3178800
3179000
3179100
3179100
3179600
3179600
3179700
3179700
3179900
3180000
3180000
3180700
3180800
3181000
3181100
3181100
3181300
3181500
3181500
3181700
3181800
3182000
3182100
3182200
3182200
3182900
3183000
3183200
3183300
3183700
3183900
3184100
3184200
3184300
3184300
3184400
3184400
3184400
3184600
3184700
3184700
3184800
3185000
3185400
3185500
3185600
3185900
3185900
3186000
3186600
3186600
3186600
3186900
3187200
3187400
3187400
3187400
3187500
3187700
3187900
3188000
3188100
3188200
3188300
3188300
3188400
3188400
3188500
3188900
3188900
3189200
3189400
3189500
3189800
3189900
3190000
3190000
3190100
3190400
3190500
3190500
3190800
3190900
3191200
3191500
3191600
3191900
3192100
3192100
3192100
3192100
3192200
3192200
3192400
3192400
3192400
3192500
3192500
3192600
3192700
3192800
3193100
3193100
3193100
3193200
3193600
3193800
3193900
3194100
3194100
3194100
3194200
3194200
3194500
3194500
3194500
3194500
3194600
3194700
3194800
3194800
3194800
3194900
3195100
3195100
3195200
3195400
3195900
3196000
3196100
3196300
3196500
3196700
3197300
3197300
3197400
3197700
3197800
3197800
3197800
3197800
3197800
3197900
3197900
3198000
3198100
3198100
3198500
3198500
3198500
3198500
3198600
3199000
3199300
3199300
3199300
3199300
3199600
3199900
3200200
3200200
3200300
3200400
3200600
3200600
3200700
3200800
3200800
3200800
3200800
3200900
3201100
3201300
3201500
3201500
3201700
3202000
3202200
3202300
3202400
3202400
3202700
3203100
3203200
3203400
3203600
3203800
3203900
3204000
3204300
3204300
3204300
3204400
3204600
3204600
3204800
3204800
3204900
3204900
3204900
3205200
3205300
3205300
3205500
3205500
3205700
3205900
3206300
3206400
3206400
3206500
3206600
3207000
3207100
3207200
3207300
3207300
3207400
3207400
3207500
3207600
3207700
3207700
3207800
3207900
3208000
3208000
3208000
3208100
3208100
3208200
3208500
3208500
3208600
3208600
3208700
3208800
3208800
3208800
3209000
3209100
3209200
3209200
3209300
3209400
3209900
3209900
3209900
3209900
3210100
3210200
3210400
3210400
3210600
3210700
3210700
3210800
3211300
3211400
3211500
3211500
3211600
3211600
3211700
3211800
3211900
3212100
3212300
3212500
3212600
3213100
3213300
3213400
3213500
3213700
3213700
3213800
3213900
3214400
3214600
3214800
3215000
3215400
3215400
3215400
3215600
3216100
3216200
3216300
3216400
3216400
3216600
3216700
3216700
3216900
3217000
3217100
3217200
3217200
3217500
3217800
3217900
3217900
3218000
3218100
3218300
3218300
3218400
3218400
3218500
3218600
3218600
3218700
3218900
3218900
3219200
3219300
3219300
3219400
3219500
3219800
3219800
3219900
3220000
3220100
3220400
3220600
3220700
3220700
3220900
3220900
3221000
3221000
3221100
3221100
3221400
3221600
3221700
3221900
3222100
3222100
3222100
3222400
3222500
3222600
3222800
3222800
3222800
3222900
3223000
3223100
3223100
3223200
3223200
3223800
3223900
3223900
3223900
3224000
3224000
3224100
3224100
3224200
3224200
3224400
3224500
3224700
3224900
3225000
3225100
3225200
3225400
3226000
3226100
3226300
3226500
3226700
3226800
3227000
3227000
3227100
3227100
3227200
3227300
3227700
3227800
3227900
3227900
3228000
3228100
3228100
3228300
3228400
3228500
3228500
3228800
3228900
3229000
3229100
3229100
3229200
3229200
3229400
3229400
3229800
3229800
3230000
3230000
3230000
3230000
3230000
3230200
3230200
3230300
3230400
3230400
3230500
3230600
3230600
3230900
3231000
3231100
3231100
3231300
3231700
3231700
3231800
3231800
3231900
3231900
3231900
3232000
3232000
3232100
3232200
3232200
3232700
3232900
3233000
3233200
3233600
3233700
3233800
3233800
3233900
3234000
3234000
3234100
3234100
3234200
3234200
3234400
3234600
3234900
3234900
3235000
3235000
3235100
3235400
3235800
3235900
3235900
3236000
3236200
3236400
3236400
3236500
3236500
3236600
3236700
3236700
3236700
3236800
3236900
3236900
3236900
3236900
3237300
3237300
3237400
3237500
3237600
3237700
3237700
3237900
3238000
3238100
3238400
3238500
3238700
3238800
3239000
3239000
3239100
3239500
3239700
3239700
3239800
3239900
3239900
3240000
3240000
3240000
3240100
3240100
3240200
3240200
3240400
3240400
3240700
3240900
3241100
3241200
3241400
3241400
3241500
3241800
3242100
3242200
3242300
3242400
3242400
3242600
3242600
3242800
3242900
3242900
3243000
3243100
3243100
3243300
3243400
3243600
3243800
3244100
3244200
3244300
3244300
3244300
3244500
3244700
3244800
3245000
3245100
3245300
3245400
3245600
3245600
3245600
3245600
3245700
3245800
3245900
3245900
3246000
3246300
3246300
3246400
3246500
3246700
3246700
3246800
3247200
3247300
3247400
3247500
3247500
3247500
3247600
3247600
3248000
3248300
3248400
3248400
3248700
3248800
3249000
3249100
3249200
3249300
3249600
3249700
3249800
3249900
3249900
3250000
3250200
3250400
3250400
3250600
3250800
3250800
3251000
3251000
3251100
3251100
3251100
3251300
3251300
3251300
3251300
3251400
3251800
3251800
3251900
3252100
3252300
3252400
3252500
3252700
3252800
3252900
3253000
3253200
3253400
3253400
3253700
3253700
3253800
3253800
3253900
3253900
3253900
3254000
3254000
3254000
3254100
3254200
3254300
3254300
3254500
3254600
3254600
3254800
3255000
3255000
3255100
3255100
3255400
3255500
3255700
3255700
3255800
3255800
3255900
3256000
3256200
3256300
3256400
3256500
3256700
3256700
3256800
3256900
3257000
3257200
3257400
3257700
3257900
3257900
3258100
3258200
3258200
3258300
3258500
3258600
3258900
3259000
3259100
3259200
3259700
3259800
3259800
3259900
3259900
3260100
3260100
3260100
3260400
3260600
3260600
3260700
3260800
3261000
3261000
3261400
3261400
3261500
3261500
3261600
3261700
3261800
3261900
3261900
3262200
3262200
3262300
3262300
3262500
3262500
3262600
3262600
3262700
3262800
3262900
3262900
3263100
3263100
3263100
3263200
3263200
3263200
3263300
3263300
3263500
3263500
3263800
3263800
3263800
3263800
3263800
3263900
3264000
3264100
3264100
3264500
3264600
3264600
3264900
3265000
3265200
3265200
3265300
3265500
3265700
3266000
3266200
3266300
3266300
3266400
3266400
3266500
3266500
3266600
3266600
3266700
3266800
3266800
3266900
3267100
3267200
3267300
3267300
3267300
3267300
3267400
3267400
3267400
3267400
3267500
3267600
3267600
3267800
3267800
3268900
3269100
3269100
3269200
3269200
3269400
3269500
3269600
3269900
3270000
3270000
3270100
3270100
3270100
3270200
3270200
3270300
3270500
3270800
3270900
3270900
3270900
3271100
3271100
3271200
3271200
3271300
3271400
3271800
3271900
3272000
3272100
3272400
3272700
3272700
3272800
3272800
3272800
3272900
3272900
3273100
3273100
3273200
3273200
3273200
3273300
3273400
3273400
3273500
3273500
3273600
3273800
3273900
3274100
3274200
3274200
3274300
3274500
3274700
3274800
3275000
3275000
3275400
3275500
3275500
3275600
3276000
3276300
3276400
3276500
3276600
3276600
3276800
3277000
3277100
3277300
3277500
3277600
3277700
3277800
3278100
3278300
3278400
3278400
3278500
3278500
3278600
3278800
3278800
3278800
3278800
3278900
3278900
3278900
3279500
3279600
3279800
3279800
3279900
3279900
3280000
3280000
3280100
3280100
3280300
3280700
3280800
3280900
3280900
3281200
3281200
3281200
3281200
3281300
3281300
3281300
3281400
3281600
3281600
3281600
3281600
3281700
3281900
3282100
3282100
3282300
3282400
3282500
3282700
3282800
3283200
3283300
3283300
3283400
3283700
3283800
3283800
3284100
3284200
3284600
3284900
3285000
3285300
3285300
3285400
3285400
3285500
3285600
3285700
3285900
3286100
3286100
3286200
3286300
3286300
3286500
3286500
3286500
3286600
3286700
3287000
3287000
3287200
3287200
3287300
3287300
3287400
3287400
3287600
3288100
3288200
3288300
3288400
3288500
3288500
3288800
3289000
3289000
3289100
3289100
3289300
3289400
3289400
3289600
3289700
3289800
3290000
3290100
3290200
3290300
3290400
3290600
3290600
3290700
3290800
3290800
3291000
3291000
3291100
3291100
3291200
3291200
3291500
3291900
3292000
3292000
3292200
3292200
3292300
3292300
3292300
3292400
3292400
3292500
3292600
3292700
3292800
3293000
3293100
3293200
3293300
3293300
3293600
3293700
3293700
3293800
3293800
3293800
3294000
3294000
3294600
3294700
3294800
3294900
3295000
3295300
3296000
3296000
3296100
3296200
3296300
3296300
3296300
3296500
3296500
3296700
3296700
3297100
3297200
3297200
3297300
3297300
3297500
3297700
3298000
3298200
3298400
3298400
3298500
3298600
3298600
3298900
3299100
3299200
3299300
3299500
3299800
3299900
3299900
3300100
3300300
3300400
3300700
3300800
3301000
3301000
3301000
3301400
3301400
3301600
3301600
3301900
3302000
3302000
3302000
3302100
3302100
3302100
3302600
3302800
3302800
3302900
3303100
3303300
3303500
3303500
3303500
3303600
3303700
3303700
3303800
3303800
3303900
3303900
3304000
3304000
3304000
3304000
3304000
3304100
3304100
3304300
3304400
3304500
3304600
3304900
3304900
3305000
3305100
3305500
3305500
3305500
3305500
3305600
3305600
3305800
3305900
3306200
3306300
3306400
3306500
3306500
3306800
3307200
3307500
3307800
3307900
3308000
3308000
3308200
3308200
3308400
3308400
3308400
3308400
3308600
3308600
3308800
3309000
3309400
3309400
3309400
3309500
3309800
3309900
3309900
3310100
3310100
3310100
3310300
3310300
3310600
3310800
3310800
3310900
3311000
3311200
3311300
3311400
3311800
3311800
3311900
3312000
3312400
3312800
3312800
3312800
3312900
3313000
3313100
3313200
3313200
3313200
3313300
3313400
3313400
3313400
3313500
3313700
3313700
3314200
3314200
3314300
3314300
3314400
3314400
3314400
3314500
3314600
3314600
3314700
3315000
3315000
3315100
3315200
3315200
3315200
3315200
3315200
3315300
3315400
3315500
3315600
3315700
3315800
3315800
3315900
3315900
3316000
3316000
3316000
3316000
3316400
3316400
3316400
3316700
3316700
3316700
3316800
3316900
3317000
3317000
3317000
3317100
3317100
3317300
3317400
3317400
3317500
3317500
3317700
3317800
3318100
3318200
3318200
3318300
3318300
3318400
3318500
3318700
3318900
3319100
3319100
3319100
3319300
3320000
3320100
3320200
3320300
3320500
3320700
3320700
3320800
3320900
3321000
3321000
3321300
3321300
3321400
3321400
3321700
3321700
3321800
3322000
3322200
3322200
3322300
3322500
3322700
3322800
3322800
3322800
3322900
3322900
3323000
3323200
3323200
3323300
3323400
3323600
3323600
3323800
3323900
3324000
3324000
3324300
3324400
3324500
3324700
3324900
3325000
3325100
3325500
3325500
3325500
3325800
3325900
3325900
3326000
3326300
3326400
3326800
3326900
3326900
3326900
3326900
3327400
3327400
3327400
3327600
3327700
3327900
3328100
3328200
3328200
3328200
3328500
3328700
3328700
3328700
3328700
3328800
3328900
3329000
3329200
3329300
3329300
3329600
3329600
3329700
3330000
3330400
3330600
3330900
3331100
3331200
3331300
3331400
3331400
3331700
3331800
3332000
3332200
3332200
3332300
3332400
3332400
3332500
3332500
3332600
3332800
3332800
3332900
3333000
3333100
3333100
3333200
3333300
3333300
3333800
3333800
3333900
3334100
3334100
3334200
3334200
3334300
3334400
3334700
3334800
3334800
3334800
3335000
3335200
3335300
3335300
3335300
3335400
3335600
3335600
3335600
3335700
3335700
3335800
3335800
3336000
3336100
3336200
3336200
3336300
3336300
3336400
3336400
3336400
3336700
3336900
3337200
3337200
3337200
3337300
3337300
3337400
3337400
3337500
3337600
3337600
3337600
3337700
3337700
3338400
3338500
3338500
3338600
3338700
3339000
3339000
3339400
3339500
3339500
3339700
3339900
3340000
3340100
3340200
3340400
3340400
3340800
3340800
3340900
3341100
3341200
3341200
3341400
3341400
3342100
3342100
3342200
3342300
3342300
3342400
3342400
3342400
3342700
3342800
3343000
3343200
3343400
3343400
3343500
3343500
3343500
3343600
3343800
3343800
3344000
3344100
3344100
3344500
3344600
3345000
3345200
3345300
3345400
3345600
3345700
3345700
3345700
3345900
3346000
3346600
3346600
3346600
3346600
3346700
3346800
3346900
3347100
3347100
3347200
3347300
3347300
3347700
3347800
3347900
3347900
3348000
3348400
3348400
3348500
3348600
3348600
3348600
3348700
3348800
3349000
3349000
3349200
3349200
3349400
3349500
3349600
3349900
3350000
3350000
3350100
3350100
3350200
3350400
3350600
3350700
3350700
3350900
3351100
3351100
3351200
3351300
3351300
3351500
3351600
3351800
3352200
3352300
3352400
3352400
3352600
3352700
3352800
3352900
3352900
3353000
3353300
3353300
3353300
3353400
3353500
3353600
3353700
3353700
3353800
3353900
3354000
3354000
3354100
3354300
3354300
3354500
3354600
3354700
3354800
3354800
3355000
3355000
3355100
3355200
3355400
3355500
3355600
3355700
3355800
3356000
3356000
3356100
3356400
3356600
3356600
3356600
3356900
3356900
3357000
3357000
3357200
3357200
3357400
3357600
3357600
3357700
3357700
3357900
3358000
3358200
3358300
3358400
3358500
3358600
3358700
3358700
3358900
3359000
3359200
3359400
3359500
3359600
3359800
3359800
3359800
3360000
3360100
3360100
3360200
3360500
3360500
3360600
3360900
3361100
3361500
3361600
3361700
3361800
3361800
3362100
3362300
3362300
3362400
3362500
3362600
3362700
3362900
3362900
3363000
3363200
3363300
3363400
3363400
3363600
3363800
3364000
3364300
3364600
3364700
3364900
3365000
3365100
3365300
3365400
3365500
3365600
3365700
3365800
3366100
3366400
3366400
3366600
3366700
3366900
3367100
3367100
3367300
3367300
3367400
3367500
3367800
3367800
3367800
3368100
3368100
3368200
3368400
3368500
3368600
3368700
3368800
3369100
3369100
3369300
3369700
3369800
3369900
3370000
3370100
3370100
3370300
3370700
3370900
3371200
3371200
3371800
3372000
3372100
3372100
3372200
3372300
3372500
3372500
3372600
3372700
3372700
3372900
3373500
3373600
3373800
3374000
3374000
3374000
3374300
3374400
3374900
3375000
3375300
3375500
3375500
3375800
3376000
3376300
3376500
3376800
3377200
3377200
3377200
3377400
3377500
3377700
3377800
3377800
3377900
3378100
3378200
3378300
3378400
3378500
3378600
3378600
3378700
3379100
3379100
3379200
3379300
3379400
3379500
3379600
3379600
3379700
3379800
3380000
3380500
3380600
3380800
3380800
3380900
3381200
3381400
3381500
3381600
3381700
3382100
3382100
3382200
3382400
3382500
3382600
3383000
3383000
3383200
3383700
3383700
3384100
3384100
3384200
3384300
3384300
3384500
3384700
3384700
3385000
3385200
3385200
3385800
3385900
3386100
3386300
3386500
3386700
3386800
3386900
3387000
3387000
3387000
3387200
3387300
3387400
3387700
3388000
3388000
3388000
3388100
3388100
3388200
3388200
3388300
3388500
3388500
3388600
3388700
3388900
3389100
3389300
3389500
3389900
3389900
3390100
3390200
3391000
3391100
3391300
3391400
3391400
3391600
3391700
3392100
3392200
3392300
3392300
3392300
3392400
3392400
3392700
3392800
3393000
3393000
3393000
3393100
3393100
3393400
3393400
3393600
3393900
3394000
3394000
3394000
3394200
3394300
3394400
3394500
3394500
3395200
3395200
3395300
3395300
3395400
3395400
3395500
3395500
3395600
3395700
3395700
3395700
3395900
3396100
3396200
3396500
3396500
3396500
3396700
3396800
3396900
3397000
3397000
3397000
3397400
3397500
3397700
3397700
3397800
3398000
3398200
3398300
3398400
3398400
3398500
3398600
3398700
3399000
3399000
3399200
3399200
3399600
3399900
3399900
3400000
3400200
3400200
3400400
3400500
3400600
3400600
3400700
3400900
3401000
3401300
3401500
3401600
3401700
3401900
3402200
3402200
3402400
3402800
3402800
3402900
3403000
3403600
3403600
3403700
3403800
3403900
3403900
3404200
3404300
3404400
3404400
3404500
3404600
3404800
3404800
3404900
3405000
3405200
3405200
3405400
3405500
3405500
3405700
3405800
3405800
3406200
3406200
3406300
3406300
3406400
3406400
3406700
3406800
3406900
3407000
3407300
3407400
3407800
3407800
3408100
3408200
3408400
3408500
3408700
3409000
3409500
3409600
3409600
3409800
3410000
3410100
3410100
3410400
3410400
3410600
3411300
3411300
3411400
3411400
3411800
3412000
3412500
3412700
3412700
3412800
3412900
3412900
3413000
3413100
3413100
3413200
3413200
3413300
3413300
3413800
3413900
3414000
3414000
3414000
3414400
3414800
3415100
3415200
3415400
3415500
3415700
3416100
3416100
3416200
3416700
3416900
3417200
3417400
3417500
3417600
3417700
3417900
3418100
3418300
3418400
3418500
3418700
3418900
3419000
3419100
3419300
3419400
3419400
3419400
3419500
3419600
3419800
3419800
3419900
3419900
3419900
3419900
3419900
3420000
3420100
3420300
3420400
3420500
3421100
3421100
3421200
3421500
3421600
3421700
3421700
3422400
3423000
3423300
3423500
3423700
3423800
3423900
3423900
3424000
3424200
3424200
3424400
3424600
3424900
3424900
3425300
3425300
3425400
3425600
3425800
3425800
3425800
3426200
3426400
3426400
3426800
3426800
3426900
3426900
3427300
3427700
3427900
3427900
3428400
3428700
3428800
3429200
3429200
3429300
3429400
3430100
3430200
3430300
3430300
3430300
3430400
3430600
3430900
3431000
3431000
3431100
3431100
3431500
3431700
3431700
3431900
3432000
3432100
3432600
3432700
3432800
3432900
3433100
3433100
3433200
3433200
3433400
3433500
3433600
3433700
3433700
3433800
3433800
3433900
3434200
3434500
3434600
3435200
3435200
3435400
3435800
3435800
3435900
3436300
3436500
3436500
3436600
3436700
3436900
3437000
3437200
3437300
3437700
3437900
3438100
3438400
3438500
3438800
3439400
3439500
3439500
3439700
3439700
3439700
3439900
3440000
3440200
3440300
3440300
3441200
3441400
3441800
3442500
3443000
3443300
3443300
3443600
3443700
3443800
3443900
3444200
3444400
3444600
3444700
3445000
3445000
3445700
3445700
3445800
3446000
3446100
3446200
3446400
3446500
3447100
3447200
3447600
3448000
3448300
3448600
3448700
3449400
3449700
3450000
3450000
3450100
3450200
3450300
3450700
3450700
3450800
3451000
3451100
3451400
3451600
3451800
3451900
3452000
3452100
3452200
3452300
3452600
3452600
3452800
3453100
3453200
3453400
3453400
3453500
3453600
3453600
3453700
3454200
3454700
3455000
3455000
3455600
3455800
3455900
3455900
3456300
3456300
3456300
3456400
3456400
3456400
3456500
3456700
3456800
3456900
3456900
3456900
3457100
3457300
3457900
3457900
3458400
3458500
3458600
3458800
3458800
3459600
3460100
3460200
3460300
3460400
3460900
3461100
3461400
3461400
3461500
3461700
3461800
3462100
3462200
3462600
3462800
3462900
3463000
3463300
3463800
3464000
3464200
3464300
3464300
3464400
3464500
3464800
3464800
3465000
3465000
3465000
3465200
3465900
3466100
3466100
3466700
3466700
3467100
3467100
3467300
3467500
3467600
3468000
3468600
3469100
3469500
3469500
3469600
3469800
3470100
3470300
3470300
3470400
3470500
3470700
3471200
3471600
3471700
3471800
3471800
3472200
3472800
3472900
3473000
3473800
3473900
3474200
3474400
3474500
3474600
3475000
3475100
3475400
3475800
3475900
3476100
3476200
3476300
3476300
3476300
3476500
3476800
3476900
3477000
3477000
3477000
3477200
3477400
3477400
3477400
3477600
3477700
3477800
3478000
3478000
3478000
3478100
3478200
3478300
3478500
3478600
3478800
3479000
3479000
3479100
3479400
3480300
3480700
3480700
3481000
3481000
3481200
3481200
3481900
3481900
3481900
3482000
3482400
3482500
3482900
3482900
3483000
3483000
3483100
3483200
3483700
3484400
3484500
3484600
3485000
3485100
3485600
3485700
3486300
3486400
3486500
3486700
3486900
3487000
3487200
3487300
3487400
3487600
3487700
3487700
3488300
3488400
3488400
3488600
3488800
3489100
3489200
3489300
3489400
3489500
3489800
3489900
3489900
3489900
3490000
3490100
3490100
3490400
3490500
3491100
3491300
3491600
3491800
3491800
3491900
3492900
3493100
3493500
3493600
3493600
3493600
3493700
3494200
3494400
3494800
3494900
3495300
3495500
3495800
3496000
3496400
3496500
3496800
3496900
3497000
3497000
3497100
3497200
3497500
3497500
3497600
3497700
3497700
3497900
3497900
3498300
3498500
3498700
3498800
3499500
3499600
3499700
3500100
3500200
3500300
3500600
3500600
3501000
3501200
3501600
3501900
3502000
3502100
3502100
3502400
3502500
3502500
3502700
3502700
3502700
3502800
3502800
3503200
3503200
3503500
3503600
3503700
3503700
3503900
3504300
3504500
3505300
3505300
3505600
3506200
3506300
3506600
3506600
3506700
3506900
3506900
3507000
3507300
3507600
3507700
3507900
3508100
3508100
3508600
3508600
3508700
3508900
3509400
3509500
3510000
3510100
3510300
3510300
3510300
3510400
3510500
3510800
3511600
3512200
3512400
3512700
3512800
3512900
3512900
3512900
3513900
3514100
3514300
3514300
3514400
3514700
3514900
3515400
3515600
3515800
3516200
3516200
3516200
3516300
3516700
3516900
3517100
3517200
3517300
3517400
3518000
3518800
3519200
3519600
3519800
3520000
3520100
3520200
3520600
3520800
3521100
3521200
3521300
3521300
3521700
3521800
3521900
3522100
3522400
3522400
3522700
3522800
3522900
3522900
3522900
3523700
3524100
3524900
3524900
3525100
3525100
3525400
3525700
3525800
3526000
3526200
3526400
3526400
3527000
3527000
3527500
3527500
3527600
3527600
3527700
3528100
3528300
3528300
3529100
3529200
3529400
3529500
3529600
3530000
3530100
3530600
3530800
3530900
3530900
3531500
3531600
3531700
3531800
3531900
3532300
3532700
3533000
3533200
3534000
3534200
3535200
3535300
3535300
3535400
3535400
3535600
3535700
3535800
3536600
3537000
3537200
3537900
3538000
3538900
3539400
3539500
3539900
3540200
3540500
3540500
3540900
3541100
3541800
3542000
3542100
3542400
3542500
3542700
3542800
3542900
3543100
3543400
3543700
3544400
3544500
3544600
3544600
3544600
3544800
3544800
3545000
3545300
3545500
3545900
3547000
3547400
3547500
3548200
3548200
3548300
3548600
3548700
3548900
3549000
3549600
3549800
3549900
3550200
3550300
3550400
3550400
3550500
3550600
3550900
3551200
3551800
3552100
3552400
3552500
3553900
3554100
3554400
3555200
3555500
3555500
3555600
3555800
3555900
3555900
3556600
3556700
3557200
3557300
3557500
3558800
3559600
3559900
3560200
3561400
3561500
3561800
3561900
3562000
3562700
3562800
3562800
3563900
3564000
3564300
3565400
3565600
3566400
3566800
3567800
3568000
3568400
3568500
3568800
3568900
3568900
3569000
3569400
3569900
3570000
3570600
3570800
3570900
3571000
3571100
3572200
3572300
3572300
3572600
3572800
3573000
3573000
3573400
3574100
3574400
3574500
3574500
3574700
3574700
3574700
3575100
3575600
3576600
3577500
3577500
3577600
3577600
3577700
3577800
3578000
3578100
3578100
3578600
3578600
3579300
3579500
3579500
3579600
3579600
3580700
3581000
3581200
3581300
3581300
3581600
3582200
3582700
3583100
3583200
3583300
3584000
3584100
3584300
3584600
3584700
3584800
3584800
3585200
3585300
3585400
3585500
3586800
3587100
3587400
3587500
3588000
3588000
3588200
3588300
3588500
3588500
3588500
3588500
3589800
3590300
3590900
3591100
3591600
3591900
3592600
3593000
3593000
3593000
3593100
3593200
3593200
3594300
3594800
3595400
3596500
3597100
3597300
3597400
3597400
3598300
3598800
3598900
3599100
3600000
3600200
3600400
3600400
3600400
3600700
3600800
3601100
3601400
3601800
3602000
3602400
3602500
3602500
3602500
3603200
3604500
3604700
3604700
3605300
3605600
3606400
3606600
3606600
3607200
3607400
3607600
3607800
3608100
3608300
3608600
3608800
3608900
3609100
3610700
3610800
3611000
3611000
3611400
3611800
3613000
3613200
3614000
3615100
3615600
3615600
3616200
3616900
3617300
3617600
3617900
3617900
3618100
3619100
3619200
3619800
3620400
3620700
3620800
3620900
3621800
3621900
3622700
3622800
3623200
3623400
3624300
3624800
3625200
3625200
3625400
3626500
3626800
3627200
3627200
3629900
3630600
3631800
3632500
3632700
3632900
3633500
3633800
3633900
3634200
3634900
3636700
3636900
3637200
3637700
3638000
3638500
3638800
3639400
3639600
3640100
3640400
3640600
3641000
3641300
3641400
3641500
3641600
3641700
3643900
3644400
3644700
3645000
3645100
3645700
3646300
3646500
3646500
3646900
3647800
3649200
3649300
3649700
3650700
3650800
3651100
3651400
3651400
3651600
3652200
3652600
3653400
3653700
3653900
3654200
3654600
3654600
3655100
3655400
3655900
3656000
3656400
3657500
3658700
3659000
3660000
3660000
3660700
3660800
3661500
3662700
3663000
3663300
3664000
3664300
3665200
3665500
3666400
3667500
3668100
3668300
3668300
3669000
3669800
3671200
3672800
3673100
3673600
3675300
3676300
3676700
3676800
3677500
3678800
3678800
3680000
3680200
3680500
3680600
3680900
3681500
3682400
3683000
3685200
3686200
3686700
3686800
3687000
3687700
3688100
3688200
3689000
3689300
3690600
3690700
3691500
3691500
3691700
3691900
3691900
3692000
3692100
3692900
3693200
3694100
3694600
3694800
3695100
3695600
3695600
3696300
3696500
3696700
3696800
3696900
3698200
3698400
3699300
3699400
3699600
3699800
3700000
3700100
3700500
3700800
3700800
3700900
3701400
3701900
3702500
3702600
3704800
3705000
3705500
3705800
3706000
3706200
3706200
3706800
3707000
3708000
3708000
3708100
3708700
3708800
3710100
3710400
3710400
3712500
3712500
3714200
3714400
3714800
3714900
3715100
3716300
3717100
3717200
3718200
3719000
3723100
3723300
3724000
3724600
3724900
3725900
3726200
3726500
3728400
3728700
3729800
3731600
3731800
3732500
3732800
3732900
3733900
3734700
3735100
3736500
3738900
3739200
3741000
3741200
3742300
3743900
3744200
3745400
3746200
3746500
3747000
3747100
3747400
3748100
3748400
3751100
3752000
3753300
3753600
3754700
3755800
3757200
3757400
3758300
3758500
3758800
3760000
3761000
3761100
3761600
3761600
3764300
3766400
3766600
3767400
3768600
3770500
3771500
3771600
3772000
3772400
3773400
3775400
3777800
3780700
3781000
3781500
3781600
3781600
3781800
3782000
3782000
3782300
3784000
3784100
3786000
3786000
3786100
3786300
3786900
3787100
3787400
3787400
3787700
3788100
3789100
3789900
3794400
3794500
3794600
3795500
3795600
3795800
3795800
3796200
3796700
3799100
3799600
3803800
3804000
3804400
3804800
3805000
3805600
3806000
3806300
3808500
3809300
3810200
3810200
3811500
3811700
3813200
3814000
3814200
3814500
3814500
3816200
3820600
3822200
3822500
3823400
3824200
3825600
3825700
3825700
3826900
3829700
3830000
3831000
3832000
3832300
3834100
3834200
3834400
3834900
3836000
3836900
3837600
3837800
3840700
3841600
3846200
3847500
3848100
3848300
3848600
3849000
3850400
3850700
3850700
3850900
3851000
3851400
3852200
3853500
3854000
3855600
3855600
3857800
3858300
3859300
3860100
3861100
3864400
3868400
3869800
3870200
3872600
3876500
3876600
3880200
3880600
3880700
3881000
3881500
3882500
3884300
3884600
3887400
3887700
3889600
3891000
3893100
3895200
3895900
3896000
3896800
3897000
3900200
3900200
3903200
3904600
3904700
3904900
3905500
3905900
3907000
3910000
3910500
3911000
3912100
3914800
3917300
3918100
3918400
3921500
3922100
3922300
3925200
3927200
3929800
3930200
3931600
3931700
3933500
3934000
3934500
3935000
3935100
3935400
3937000
3939800
3939900
3940400
3943500
3945100
3947400
3947400
3948700
3949500
3951400
3951800
3952100
3956100
3958800
3963600
3965600
3966300
3967000
3967500
3970300
3972700
3973800
3976000
3976100
3976600
3976800
3977800
3978600
3979000
3982300
3983100
3983600
3984100
3985100
3985200
3988700
3989900
3990800
3991800
3994300
3994900
3997000
4000300
4000500
4001200
4001700
4002500
4003800
4007700
4009300
4012900
4013100
4015600
4015900
4016500
4018400
4018800
4019000
4019000
4020700
4021200
4029400
4030600
4036600
4043500
4043800
4044800
4045400
4047600
4048700
4048800
4049700
4050100
4052100
4052700
4055300
4056500
4061600
4062100
4062100
4064300
4064800
4065600
4065700
4066500
4069200
4069800
4071400
4072200
4072300
4072800
4075600
4076100
4076500
4076600
4077300
4077700
4078100
4080700
4080900
4082600
4083400
4083800
4084200
4085400
4086700
4087000
4087200
4091200
4093700
4094700
4096700
4098700
4098800
4100900
4101600
4102500
4103000
4104700
4106200
4106800
4107000
4110700
4111200
4113600
4113900
4114000
4114100
4117800
4118000
4118800
4119400
4120000
4120100
4121100
4121400
4122100
4123200
4123300
4124700
4126600
4126600
4127700
4128500
4131400
4131500
4132500
4132500
4132800
4133000
4133900
4134400
4134800
4135000
4136300
4138400
4138600
4139600
4141000
4141700
4143000
4143600
4143700
4143900
4144200
4145100
4145700
4146000
4146100
4146200
4147400
4148600
4150200
4151900
4152400
4152500
4153700
4154000
4154900
4155700
4156300
4156400
4156500
4156600
4157600
4157800
4159200
4159300
4159700
4160800
4161500
4162600
4164400
4165400
4165500
4165800
4166200
4166300
4166500
4166800
4166900
4167200
4168600
4168800
4169500
4169700
4174200
4175200
4176700
4177100
4177100
4177400
4177800
4178200
4179200
4179500
4179600
4180000
4180300
4180600
4181000
4182800
4183100
4184600
4184600
4185400
4185600
4185800
4185900
4186000
4186300
4187900
4188800
4189400
4189600
4191200
4191800
4193400
4194400
4194800
4195000
4195600
4196500
4196700
4197500
4197600
4198200
4198400
4198500
4199900
4200700
4201000
4201700
4202600
4203000
4203700
4204300
4204500
4205500
4205700
4206100
4206500
4207200
4207500
4208600
4211300
4211700
4212000
4212100
4212300
4212300
4212600
4213300
4213700
4214300
4215000
4215100
4215100
4215700
4215800
4215800
4215900
4217600
4217700
4220000
4220900
4221800
4222000
4222100
4222400
4222400
4222500
4222500
4222600
4223100
4223200
4223700
4224000
4224000
4224300
4224800
4225100
4225200
4227500
4228200
4228200
4228500
4228700
4228900
4229400
4229800
4230500
4230700
4231200
4231500
4231800
4231800
4232200
4232400
4232500
4233100
4234200
4234400
4234500
4234600
4235300
4235500
4236000
4236000
4236300
4236300
4236900
4237100
4238000
4238300
4238900
4239100
4240700
4240700
4240800
4241100
4241300
4242300
4242400
4242700
4242800
4242900
4243100
4243200
4243800
4243900
4243900
4244200
4244500
4245100
4245200
4245500
4245600
4245700
4245800
4246200
4246300
4246400
4247200
4247200
4247600
4247600
4247700
4248000
4248300
4248400
4248700
4248700
4248800
4248800
4249600
4249700
4250200
4250600
4250800
4251000
4251000
4251100
4251300
4251400
4251600
4251600
4251700
4251700
4252100
4252100
4252400
4252400
4252800
4253100
4253100
4253400
4253700
4254000
4254300
4254400
4254600
4255100
4255500
4255800
4255900
4255900
4256000
4256300
4256500
4256900
4256900
4257000
4257400
4257500
4257500
4257600
4257800
4258200
4258800
4259000
4259100
4259100
4259300
4260000
4260700
4260700
4260700
4261000
4261100
4261200
4261300
4261600
4261600
4262500
4262700
4263000
4263100
4263200
4263300
4263400
4263700
4264500
4264600
4264700
4265400
4265900
4266600
4266800
4266800
4266900
4266900
4267000
4267200
4267800
4268000
4268300
4268500
4268800
4268800
4268800
4268900
4269000
4269300
4269300
4269400
4269700
4270100
4270600
4270700
4270800
4270900
4271000
4271300
4271500
4272100
4272500
4272600
4273700
4273700
4273700
4274000
4275200
4275400
4275500
4275500
4276700
4277700
4277900
4277900
4277900
4277900
4278500
4278700
4278800
4278800
4278900
4279100
4279200
4279500
4279700
4279800
4280100
4281400
4281400
4281400
4281600
4281900
4281900
4282200
4282200
4282800
4282900
4283200
4283400
4283700
4283700
4284100
4284200
4284200
4284800
4285400
4285400
4285600
4286000
4286400
4286400
4287200
4287400
4287600
4287600
4287700
4287700
4288200
4288300
4288400
4288600
4288800
4288800
4289100
4289100
4289200
4289300
4289600
4290100
4290500
4290500
4290600
4290700
4290800
4290800
4291200
4291300
4291400
4291800
4292000
4292300
4292300
4293100
4293200
4293300
4293400
4293800
4294400
4294800
4294900
4295000
4295000
4295100
4295200
4295600
4295600
4295600
4296000
4296300
4296700
4297300
4297400
4297400
4297400
4297600
4297800
4298500
4298600
4298800
4300100
4300300
4300600
4300600
4300600
4300700
4301000
4301200
4301300
4301400
4302700
4302700
4302800
4303100
4303200
4303200
4303700
4304000
4304300
4304700
4305100
4305300
4305600
4306100
4306500
4306500
4306900
4307600
4308000
4308100
4308400
4308500
4308500
4308900
4309000
4309100
4309100
4309300
4309600
4309700
4309900
4310000
4310100
4310200
4310500
4310600
4311500
4311600
4311700
4311700
4312000
4312400
4312500
4312600
4312800
4313000
4313500
4313900
4314000
4314300
4314500
4314500
4314600
4314900
4314900
4315000
4315100
4315300
4316200
4316500
4316700
4317000
4317100
4317300
4317500
4318000
4318500
4318600
4319300
4319700
4319800
4319900
4320000
4320200
4320300
4320300
4320500
4321900
4322900
4323000
4323200
4323200
4323500
4323700
4323900
4324100
4324200
4324300
4324500
4324800
4325500
4325800
4325800
4325800
4325900
4326100
4326100
4326200
4326400
4326400
4326500
4326800
4326800
4326800
4326900
4327300
4327500
4327800
4327800
4327900
4327900
4328000
4328300
4328600
4328900
4329300
4329600
4329600
4329600
4329600
4329700
4329800
4329800
4330100
4330100
4330200
4330300
4330400
4330500
4330900
4331100
4331500
4331800
4331900
4332800
4332900
4333600
4333800
4333800
4333900
4333900
4334400
4335100
4335500
4335500
4335500
4335600
4335600
4335700
4335800
4336600
4337000
4337100
4337400
4337400
4337600
4337700
4337700
4338000
4338700
4339500
4339500
4339600
4340100
4340200
4341600
4341600
4341800
4342000
4342300
4343100
4343900
4344000
4344600
4344700
4345000
4345200
4345600
4346400
4346500
4346500
4346700
4346700
4346800
4346800
4346800
4346800
4347200
4347500
4347600
4347700
4347800
4347900
4347900
4348400
4348700
4348800
4349200
4349600
4349600
4349800
4350000
4350500
4350700
4351600
4351800
4351900
4352000
4352000
4352000
4352100
4352400
4352500
4352500
4352600
4352900
4353100
4353300
4353400
4353600
4353600
4353900
4354000
4354100
4354100
4354200
4354700
4355000
4355500
4356100
4356300
4356300
4356400
4356500
4356900
4357700
4357800
4358000
4358100
4358800
4358800
4358800
4358900
4359000
4359200
4359600
4359700
4359800
4360400
4360600
4360800
4361200
4362300
4362900
4363200
4363200
4363600
4364000
4364100
4364400
4364400
4364700
4365100
4365300
4365500
4365600
4365700
4365900
4365900
4366100
4366800
4366900
4367100
4367300
4367300
4367300
4367500
4367500
4367700
4368600
4368900
4369000
4369300
4369700
4370200
4370500
4371000
4371700
4372000
4372300
4372300
4372400
4372400
4372600
4373100
4373200
4373300
4373400
4373400
4373500
4374200
4374200
4374200
4374400
4375400
4375400
4375600
4375800
4375900
4376000
4376200
4376300
4376300
4377000
4377700
4377800
4378000
4378200
4378400
4378400
4378500
4378800
4378900
4379100
4379300
4379500
4379600
4379600
4379700
4379800
4379900
4380300
4380400
4380400
4380500
4380600
4381100
4381200
4381200
4381300
4381500
4382100
4382200
4382200
4382300
4382400
4382700
4382800
4382900
4383000
4383100
4383300
4383500
4383500
4383800
4383900
4383900
4384000
4384300
4384500
4385000
4385100
4385400
4385500
4386000
4386600
4386600
4386700
4387000
4387100
4387200
4387900
4388000
4388100
4388200
4388200
4388300
4388500
4388600
4389000
4389200
4389300
4389600
4389800
4390300
4390900
4390900
4391100
4391300
4391300
4391600
4392000
4392100
4392300
4392400
4392900
4393000
4393500
4394500
4394600
4394900
4395600
4395600
4395600
4395700
4395900
4395900
4396300
4396300
4396500
4396900
4397000
4397100
4397100
4398300
4398400
4398400
4399600
4400000
4400000
4400400
4400500
4400900
4401600
4401800
4402100
4402200
4402300
4402300
4402600
4402700
4403100
4403200
4403300
4403500
4403600
4403900
4403900
4404200
4404200
4404600
4405100
4405200
4405200
4405700
4405800
4406200
4406200
4406300
4406300
4406400
4406400
4406600
4406700
4407300
4407400
4407700
4407700
4407800
4408000
4408300
4408900
4409100
4409200
4409200
4409500
4409600
4410200
4410400
4410400
4411100
4412100
4412500
4412600
4412700
4413100
4413200
4413300
4413400
4413400
4413600
4413600
4414400
4414600
4415200
4415300
4415500
4416000
4416500
4416800
4417300
4417400
4417600
4417700
4417900
4418500
4418700
4418800
4418800
4418800
4419200
4419400
4419800
4420700
4420800
4420800
4421000
4421000
4421100
4421300
4421600
4421800
4422100
4422200
4422200
4422400
4422500
4422800
4422900
4423300
4423400
4423900
4424000
4424100
4424200
4424300
4424400
4424600
4424800
4425000
4425000
4425300
4425300
4426700
4426900
4427700
4427700
4427900
4428300
4428400
4428500
4429200
4429600
4429600
4429700
4429900
4430000
4430000
4430100
4430200
4430300
4430300
4430300
4430700
4431300
4431300
4431400
4431400
4431700
4432000
4432700
4433000
4433400
4433400
4433500
4433800
4434400
4434500
4434600
4435100
4435100
4435700
4436200
4436600
4436900
4437700
4437800
4437800
4437800
4437900
4438000
4438200
4438500
4438500
4438600
4438600
4439000
4439100
4439200
4439300
4439300
4439500
4439900
4440200
4440400
4440500
4440600
4440700
4440800
4440800
4440900
4441200
4441400
4441400
4441500
4441500
4441500
4442200
4442500
4442500
4442800
4442800
4443000
4443000
4443100
4443300
4443500
4443900
4444100
4444100
4444100
4444200
4444900
4445000
4445100
4445900
4446300
4446400
4446400
4446800
4446800
4447000
4447100
4447200
4447500
4447800
4448600
4448700
4448900
4449000
4449500
4449700
4449800
4450000
4450200
4450600
4450800
4451300
4451800
4451900
4452500
4452600
4453000
4453700
4454200
4454400
4454600
4455200
4455700
4456500
4456600
4456700
4456700
4457000
4457300
4457600
4457600
4458000
4458400
4458500
4458700
4459100
4459500
4459500
4459600
4459700
4459700
4459800
4459900
4459900
4460100
4460100
4461100
4461200
4461300
4462000
4462100
4462200
4462300
4462600
4462700
4462700
4462800
4462800
4462900
4463400
4463700
4464400
4464400
4464500
4464800
4464900
4465300
4465500
4465900
4466100
4466300
4466600
4467100
4467300
4467900
4468600
4468600
4468800
4469300
4469700
4469800
4469800
4470000
4470100
4470200
4470400
4470400
4470500
4470600
4471000
4471200
4471200
4471300
4471400
4471500
4471600
4472000
4472200
4472200
4472300
4472300
4472300
4472500
4472500
4472600
4472700
4472900
4473300
4473300
4473600
4474300
4475000
4475500
4475500
4475800
4475800
4475800
4476000
4476100
4476200
4476300
4476400
4476600
4476600
4476700
4477400
4477500
4477700
4477800
4478000
4478000
4478000
4478100
4478300
4478300
4478300
4478400
4478400
4478700
4479000
4479100
4479400
4479400
4479800
4479800
4479800
4480100
4480200
4480800
4480800
4480900
4481400
4481400
4481400
4481500
4481700
4481900
4482500
4482500
4482600
4482600
4482800
4482800
4482800
4483300
4483400
4483500
4484000
4484100
4484400
4484500
4484500
4484800
4485000
4485400
4486300
4486300
4487100
4487200
4487400
4487800
4488200
4488500
4488600
4488800
4488900
4489100
4489600
4489700
4489800
4489900
4489900
4490400
4490500
4490600
4490600
4490800
4491000
4491300
4491400
4491800
4491800
4491800
4492200
4492300
4492600
4492800
4492900
4492900
4493400
4493600
4493900
4494100
4494300
4494500
4494500
4494500
4494600
4494600
4494600
4495100
4495100
4495400
4495400
4495600
4495600
4495700
4495900
4496500
4496900
4497400
4497500
4497700
4497800
4497900
4498100
4498100
4498300
4498400
4498400
4498400
4498500
4498600
4498700
4499300
4499300
4499400
4499400
4499600
4499900
4500000
4500200
4500200
4500800
4500800
4501000
4501300
4501400
4501600
4502300
4502500
4502800
4502800
4503000
4503400
4503400
4503900
4504700
4504700
4504800
4504800
4504900
4505000
4505200
4505200
4505300
4505400
4505500
4505800
4506300
4506300
4506600
4506700
4506800
4507000
4507300
4507600
4507900
4508400
4508400
4508600
4508700
4509200
4509500
4509600
4509600
4509700
4509800
4510400
4511100
4511100
4511200
4511200
4511200
4511400
4511400
4511700
4512100
4512200
4512300
4512400
4512400
4512500
4512500
4512700
4513200
4513600
4513700
4513800
4514000
4514100
4514100
4514200
4514300
4514300
4514600
4515000
4515800
4516100
4516500
4516500
4516600
4516700
4516800
4517100
4517200
4518100
4518500
4518600
4518900
4519000
4519000
4519100
4519200
4519400
4519800
4520200
4520600
4520900
4521400
4521500
4521600
4521800
4521800
4521800
4521900
4522400
4522400
4522600
4522700
4522900
4523200
4523200
4523300
4523900
4524100
4524100
4524400
4524600
4525600
4525800
4525900
4526400
4526400
4526400
4526500
4526500
4526800
4526900
4527000
4527100
4527500
4528000
4528900
4529000
4529000
4529100
4529400
4529500
4529800
4529900
4530500
4530600
4530900
4531000
4531100
4531100
4531200
4531400
4531900
4532300
4532700
4532900
4533300
4533900
4533900
4534000
4534400
4534600
4534700
4534800
4536100
4536500
4536500
4537000
4537200
4537900
4538000
4538900
4539100
4539100
4539400
4540200
4540600
4540700
4540800
4540800
4541100
4541200
4541600
4541800
4541900
4542100
4542400
4543300
4543700
4544000
4544600
4545600
4546300
4546600
4547100
4547200
4547200
4547400
4547600
4547900
4548000
4548100
4548100
4548100
4548100
4548800
4549000
4549000
4549300
4549400
4549700
4549900
4550100
4550100
4550200
4550200
4550400
4550600
4551000
4551700
4551700
4551800
4552300
4552300
4553600
4553600
4553800
4553800
4554100
4554300
4554400
4554400
4554600
4554700
4555200
4555400
4555400
4555500
4555600
4555700
4555900
4556300
4556600
4556700
4557100
4557200
4557300
4557400
4557700
4557800
4558300
4558400
4558500
4558700
4558800
4559000
4559100
4559300
4559600
4559600
4559600
4559700
4560200
4560300
4560800
4561100
4561400
4561900
4562000
4562100
4562300
4562400
4563100
4563200
4563500
4563700
4563900
4564000
4564000
4564300
4564300
4564500
4565100
4565200
4565500
4565600
4565800
4565800
4565900
4566200
4566500
4566600
4567500
4567700
4568000
4568400
4568400
4568900
4569000
4569100
4569300
4569700
4569900
4570200
4570800
4570900
4571000
4571000
4571200
4571200
4571200
4571400
4571600
4572000
4572500
4572700
4572900
4573000
4573300
4573300
4573600
4573900
4574200
4574500
4574700
4574700
4575400
4575800
4575800
4576000
4576200
4576200
4576400
4576500
4576500
4576600
4576700
4576700
4576700
4577000
4577600
4577900
4578000
4578300
4578500
4578500
4578500
4578900
4579900
4580200
4580400
4581200
4581300
4581600
4581700
4581800
4581800
4581800
4581800
4582300
4582500
4582800
4583000
4583600
4584300
4584400
4584600
4584800
4585000
4585300
4585500
4585700
4585900
4586100
4586300
4586700
4587000
4587000
4587200
4587200
4587300
4588000
4588100
4588200
4588400
4589500
4590500
4591300
4591500
4592200
4592600
4592800
4593000
4593300
4593600
4593600
4593600
4593800
4593800
4594200
4594300
4594300
4595100
4595100
4595400
4595600
4595700
4595800
4597100
4597300
4597400
4597600
4597900
4597900
4598500
4598700
4598800
4598800
4598800
4598900
4599200
4599300
4599400
4599400
4600200
4600500
4600600
4601100
4601400
4601800
4602200
4602300
4603200
4603500
4603500
4603700
4603700
4603800
4603900
4604000
4604300
4604300
4604400
4604400
4604500
4604800
4605200
4605500
4605700
4607000
4608500
4609000
4609100
4609200
4609300
4609400
4610100
4610300
4611500
4611600
4611900
4611900
4612000
4612300
4612500
4612900
4613100
4613200
4613300
4613400
4613600
4614200
4614500
4614700
4614800
4615300
4615700
4616100
4616400
4616500
4616600
4617000
4617300
4618000
4618100
4618600
4618700
4618800
4618800
4618900
4619000
4619100
4619900
4620000
4620400
4620600
4620600
4620900
4621200
4621300
4621400
4621400
4621900
4622300
4622400
4622700
4622900
4623500
4623500
4623800
4624000
4624500
4625100
4625600
4625600
4625700
4626400
4626700
4627000
4627300
4627500
4628100
4628300
4628800
4629300
4629400
4629600
4629800
4630200
4630200
4630300
4630400
4630700
4630800
4631500
4632000
4632300
4632300
4632400
4632900
4633000
4633000
4633100
4633500
4633500
4633600
4633800
4633900
4633900
4635000
4636300
4636800
4637200
4637300
4637300
4637500
4637600
4637800
4637900
4637900
4638100
4638700
4638900
4639000
4639000
4639400
4639600
4639800
4640000
4640700
4641000
4641000
4641100
4641700
4641700
4642100
4642500
4642800
4642900
4643000
4643700
4644300
4644300
4644600
4644700
4644900
4645500
4646800
4646800
4647500
4647600
4647900
4648200
4648300
4648500
4648700
4649200
4649400
4649500
4650700
4651000
4651100
4651400
4651600
4652200
4652200
4652400
4653000
4653100
4653300
4653400
4653800
4653900
4654100
4654300
4654800
4654900
4655100
4655700
4655900
4656000
4656100
4656200
4656300
4657400
4657500
4658200
4658800
4659000
4660000
4660000
4660100
4660200
4660400
4661000
4661400
4661700
4661800
4662000
4662100
4662200
4662700
4663300
4663500
4663700
4664100
4664400
4664500
4664500
4664700
4665200
4665400
4665900
4666100
4666100
4666200
4666700
4667200
4667300
4668000
4668300
4668500
4670100
4672000
4672900
4673400
4673600
4673700
4673900
4674200
4674600
4675000
4675300
4675900
4676000
4676400
4676900
4677800
4677900
4678000
4678600
4678900
4678900
4679500
4680400
4680600
4681600
4682400
4683100
4683700
4684500
4684600
4684600
4684700
4684900
4685100
4685400
4686300
4687100
4688100
4688200
4688300
4689100
4689600
4690800
4690800
4691000
4691000
4693300
4694000
4694000
4694000
4694700
4695000
4695200
4695800
4696100
4696400
4696600
4697000
4697300
4697400
4697400
4697900
4697900
4698400
4698800
4699000
4699200
4699200
4699600
4699800
4700000
4701000
4701100
4702100
4702400
4702500
4703500
4703700
4705700
4706300
4707600
4707700
4708300
4708300
4710400
4710800
4711000
4711500
4711500
4711600
4711800
4712100
4712300
4712500
4712800
4714000
4714300
4715100
4715400
4716100
4716300
4716800
4717100
4717200
4717300
4717900
4718000
4718800
4720200
4721500
4722700
4723100
4723900
4724800
4724800
4725400
4725600
4726400
4726400
4726700
4727700
4728400
4729200
4729300
4729400
4729400
4729800
4729800
4730700
4731400
4732000
4732700
4733400
4733500
4733600
4733900
4734400
4734700
4734800
4735500
4735800
4736000
4736300
4736600
4736800
4737500
4737700
4738200
4738800
4738900
4739000
4739600
4740200
4740800
4741300
4741400
4741900
4742000
4742200
4742300
4742300
4742900
4743700
4743800
4744400
4744500
4745200
4745300
4745400
4745700
4745900
4746100
4747600
4748900
4749500
4749600
4750800
4751800
4751800
4751900
4752400
4752600
4753500
4754900
4756200
4756400
4757300
4759400
4760500
4760900
4761500
4761800
4762500
4762500
4763800
4763800
4764000
4764500
4764900
4765500
4765600
4765700
4766900
4767300
4767400
4767400
4768200
4769000
4769300
4769300
4770100
4770200
4770400
4771800
4772400
4772600
4773100
4773600
4773700
4775400
4778800
4778800
4778900
4779700
4780000
4780800
4781300
4781500
4782100
4782300
4782400
4782500
4782700
4783000
4783800
4783900
4783900
4784300
4784400
4784400
4786600
4787900
4788100
4789700
4790300
4790400
4791100
4791500
4791900
4792400
4792400
4794000
4795600
4795900
4797000
4798900
4799000
4800000
4802200
4802900
4803100
4804000
4804400
4804700
4805100
4805300
4805700
4805800
4806600
4806900
4807900
4808200
4810900
4811000
4812300
4814500
4814900
4816600
4816700
4816800
4817100
4818100
4819400
4821300
4821600
4822100
4823500
4823600
4824700
4825200
4825300
4826200
4826400
4827400
4827400
4829200
4829700
4831200
4832000
4833100
4834100
4834200
4834200
4834500
4837300
4837400
4837900
4838700
4839000
4839100
4839300
4839900
4839900
4840400
4841300
4841400
4843900
4844300
4845600
4846000
4847400
4848100
4848600
4848800
4849800
4850000
4850100
4850600
4850900
4853700
4856000
4856300
4856400
4856600
4860000
4861000
4862100
4862500
4865400
4865700
4865900
4867000
4867200
4868500
4869300
4871000
4872800
4876200
4878000
4880800
4883300
4884200
4884500
4884500
4886500
4889600
4890800
4891500
4891700
4892200
4893600
4894600
4895900
4896300
4896400
4896900
4897000
4897100
4897400
4899400
4901800
4902000
4902900
4904200
4905200
4906000
4907100
4908800
4910000
4910300
4911300
4912100
4912400
4914600
4916100
4916600
4916900
4918600
4920200
4922100
4923600
4925200
4925800
4926600
4927200
4927600
4927800
4933100
4933200
4934200
4935100
4935400
4937100
4937200
4939100
4939400
4939600
4942300
4942700
4943200
4946100
4946200
4949500
4951700
4957200
4959200
4960100
4960600
4961300
4961800
4962600
4962800
4964600
4965200
4966200
4967700
4970600
4971100
4973200
4975300
4977200
4977200
4977200
4977700
4978000
4979900
4979900
4982000
4985500
4988000
4989900
4993500
4993900
4994700
4995400
4998700
4999400
5000100
5001200
5003000
5008200
5010700
5011500
5012400
5012700
5012800
5013600
5017400
5018000
5020000
5021900
5024000
5026600
5027200
5028300
5028500
5031900
5032700
5034900
5036100
5038700
5039200
5043200
5044200
5048000
5056800
5059400
5061100
5066100
5073800
5074000
5083000
5088300
5096000
5097200
5102000
5116700
5123700
5125700
5127000
5128500
5136500
5138400
5142500
5146100
5149500
5150600
5151100
5154200
5157600
5157800
5166000
5166900
5169600
5180800
5190100
5190900
5192400
5193200
5196600
5196600
5198900
5200400
5206800
5213200
5222900
5225600
5234000
5234200
5234400
5234800
5236200
5238000
5240300
5244100
5268800
5272800
5273400
5280800
5282500
5286100
5289700
5301400
5301800
5302100
5302200
5302800
5309100
5311500
5313900
5323300
5324300
5328700
5330200
5336800
5347400
5348700
5351300
5355700
5362700
5363400
5372600
5375300
5384400
5385400
5390200
5392000
5394100
5395100
5403100
5406500
5407400
5413000
5416000
5417200
5417700
5421900
5422500
5423100
5431600
5433500
5434200
5435400
5437100
5438900
5439300
5444400
5445600
5447800
5448300
5448500
5450800
5452000
5452000
5455100
5455800
5456100
5458900
5458900
5460600
5461500
5462400
5462900
5467200
5467500
5469800
5470400
5470800
5472000
5473600
5475600
5476000
5478900
5483300
5484200
5486500
5489400
5490400
5490500
5490700
5491400
5491800
5493200
5495000
5495900
5497900
5499200
5499700
5501800
5505300
5505900
5509000
5512100
5512900
5514600
5515200
5516600
5518200
5519100
5519300
5519300
5521700
5525400
5529100
5529300
5530200
5530800
5531800
5532600
5532900
5533300
5535700
5542000
5542700
5543200
5544400
5545200
5548000
5548200
5549800
5550200
5551000
5554800
5555000
5555400
5556200
5557300
5558300
5559300
5559800
5560400
5561000
5561100
5561100
5564800
5568100
5568100
5568500
5571000
5572100
5572200
5572500
5572700
5575500
5578300
5580400
5580600
5581400
5581400
5582100
5585400
5587900
5588300
5588900
5590900
5591700
5592500
5592600
5593800
5594100
5594700
5595400
5595400
5596300
5597200
5597200
5600000
5601200
5603800
5604900
5606500
5608800
5611400
5617900
5620500
5621500
5622300
5622500
5624800
5625600
5628400
5628600
5628600
5629700
5631800
5633000
5633500
5636700
5637900
5638900
5639700
5640200
5640700
5641400
5642100
5642400
5644000
5644500
5644800
5646300
5647800
5649300
5651200
5652200
5652500
5652900
5656800
5657500
5659400
5660400
5662300
5662400
5662400
5665000
5665700
5667000
5667300
5668700
5668900
5669300
5669700
5669700
5670300
5670400
5670600
5670700
5671300
5672700
5673100
5673200
5674200
5674800
5675900
5679300
5679800
5680200
5681800
5683100
5683500
5683600
5687500
5688300
5689500
5691000
5691200
5691200
5691300
5691900
5693200
5694800
5694900
5695100
5695700
5695900
5703900
5705100
5706600
5713400
5715100
5715500
5715700
5715800
5716300
5716800
5717800
5718400
5718800
5720500
5721800
5724400
5725200
5725300
5725400
5725800
5726400
5728400
5730500
5730600
5731000
5731400
5732100
5732600
5733700
5735200
5736000
5737100
5737600
5738600
5739300
5741700
5742100
5743600
5745500
5745800
5747000
5747500
5748400
5748700
5748900
5751000
5752200
5754400
5757300
5758200
5759100
5759600
5761900
5762900
5763000
5763800
5765800
5766600
5768200
5771500
5772100
5772200
5772900
5775000
5775200
5775400
5775500
5776000
5777500
5777700
5779300
5782600
5782800
5785700
5785800
5788300
5789500
5791900
5792100
5792200
5792600
5796800
5801400
5801800
5802800
5803300
5803500
5803900
5805400
5806300
5807900
5809000
5810700
5811500
5811800
5816400
5816700
5817200
5817200
5818000
5818100
5820200
5820900
5821400
5823000
5824000
5824400
5824400
5825200
5826300
5826700
5828400
5828400
5829200
5829400
5831600
5832300
5832500
5832900
5834000
5834500
5835700
5836200
5837100
5837200
5838100
5840000
5840000
5840800
5841300
5841700
5844700
5846000
5846900
5847700
5848100
5849200
5851400
5852500
5852500
5854600
5857800
5859200
5860300
5860700
5861000
5863000
5863000
5864300
5865400
5865800
5868700
5871200
5871600
5872100
5872700
5872800
5873200
5874200
5874600
5874800
5875500
5876000
5877900
5878700
5880200
5880700
5880800
5881200
5882400
5882500
5882800
5885800
5886100
5889500
5890400
5890600
5891400
5892400
5892900
5894000
5895500
5896000
5899300
5901400
5902600
5903300
5904100
5905000
5905600
5907600
5908800
5909800
5911000
5913300
5914100
5915000
5919800
5921500
5924300
5924400
5924700
5924800
5927000
5927100
5928700
5928700
5931100
5931700
5931900
5933200
5936600
5938100
5938700
5941700
5942100
5942700
5943500
5943800
5944200
5944300
5947500
5948500
5950400
5950500
5950500
5950600
5951800
5952100
5953600
5954200
5954800
5956600
5957100
5958100
5959400
5963000
5964600
5964700
5965700
5966600
5967600
5968200
5972600
5973200
5977500
5978300
5979200
5981100
5985400
5986300
5989600
5992500
5995000
5995500
5999300
6001500
6003300
6004900
6005800
6006400
6008700
6010800
6011200
6012300
6013500
6016000
6021000
6023400
6023600
6024400
6031200
6033000
6033400
6033800
6037800
6040800
6044300
6044500
6045000
6047600
6047600
6047800
6051700
6051700
6055200
6057900
6058400
6059800
6061800
6063600
6067400
6068400
6070900
6071300
6073300
6079800
6080500
6081800
6083500
6087700
6090600
6094900
6099000
6099700
6104100
6104100
6107400
6111400
6117700
6118400
6120100
6121600
6132500
6134500
6137100
6138000
6139300
6140500
6143900
6144200
6145900
6147200
6151100
6154600
6157700
6159600
6162700
6163600
6168000
6170700
6189300
6193700
6194000
6196900
6197000
6199300
6209700
6218000
6220800
6229000
6244000
6252000
6258600
6258900
6269100
6273100
6294200
6303200
6312900
6321800
6323500
6354700
6358500
6362000
6368100
6376100
6401600
6407000
6415200
6418300
6435400
6448300
6466700
6516600
6519000
6529800
6530200
6543700
6558700
6759900
6766200
6819300
6828900
6844600
6884000
6941800
7015400
7115800
7243300
7281100
7332000
7372800
8106800
10624300
10817700
12054600
