666000
666500
667400
668100
668500
669400
669400
669500
669500
669600
669600
670000
670000
670000
670100
670200
670200
670300
670400
670400
670600
670600
670700
670800
671000
671200
671200
671400
671400
671500
671600
671700
671700
671700
671700
671800
671900
671900
672000
672000
672000
672000
672000
672100
672100
672100
672100
672200
672400
672500
672500
672500
672500
672500
672600
672600
672700
672700
672700
672800
672800
672800
672800
672900
673000
673000
673100
673100
673100
673200
673200
673300
673300
673300
673300
673300
673400
673400
673500
673500
673500
673500
673500
673600
673600
673600
673600
673600
673600
673600
673700
673700
673700
673700
673800
673800
673800
673800
673800
673800
673800
673800
673800
673900
673900
673900
674000
674100
674100
674100
674100
674100
674100
674200
674200
674200
674300
674300
674300
674300
674400
674400
674500
674500
674600
674600
674600
674600
674600
674600
674600
674600
674700
674700
674700
674700
674800
674800
674800
674800
674900
674900
674900
674900
674900
674900
674900
675000
675000
675000
675000
675000
675000
675000
675000
675000
675100
675100
675100
675100
675200
675200
675200
675300
675300
675300
675300
675300
675300
675400
675400
675400
675400
675400
675400
675400
675400
675500
675500
675600
675600
675600
675600
675600
675600
675600
675600
675700
675700
675700
675700
675700
675700
675700
675800
675800
675800
675800
675800
675800
675800
675800
675800
675900
675900
675900
675900
675900
675900
676000
676000
676000
676000
676000
676100
676100
676100
676100
676100
676100
676100
676100
676100
676100
676200
676200
676200
676200
676200
676200
676200
676200
676200
676200
676300
676300
676300
676300
676300
676300
676300
676300
676400
676400
676400
676400
676400
676400
676400
676400
676400
676400
676400
676400
676500
676500
676500
676500
676500
676500
676500
676500
676500
676500
676600
676600
676600
676600
676600
676600
676600
676700
676700
676700
676700
676700
676700
676700
676700
676800
676800
676800
676900
676900
676900
676900
676900
676900
676900
676900
676900
677000
677000
677000
677000
677000
677000
677100
677100
677100
677100
677100
677100
677100
677100
677100
677100
677100
677200
677200
677200
677200
677200
677200
677200
677200
677200
677200
677300
677300
677300
677300
677300
677400
677400
677400
677400
677400
677400
677400
677400
677400
677400
677400
677400
677500
677500
677500
677500
677500
677500
677500
677500
677500
677500
677500
677500
677500
677600
677600
677600
677600
677600
677600
677600
677600
677600
677600
677600
677600
677700
677700
677700
677700
677700
677700
677800
677800
677800
677800
677800
677800
677800
677800
677800
677800
677800
677800
677800
677800
677800
677800
677800
677800
677800
677800
677900
677900
677900
677900
677900
677900
677900
677900
677900
677900
677900
677900
677900
678000
678000
678000
678000
678000
678000
678000
678000
678000
678000
678000
678000
678100
678100
678100
678100
678100
678200
678200
678200
678200
678200
678200
678200
678200
678200
678200
678200
678200
678300
678300
678300
678300
678300
678300
678300
678300
678300
678300
678400
678400
678400
678400
678400
678400
678400
678400
678400
678400
678500
678500
678500
678500
678500
678500
678500
678500
678500
678500
678600
678600
678600
678600
678600
678600
678600
678600
678600
678600
678600
678600
678600
678600
678600
678600
678600
678700
678700
678700
678700
678700
678700
678700
678700
678700
678800
678800
678800
678800
678800
678800
678800
678800
678800
678800
678800
678800
678800
678800
678800
678800
678900
678900
678900
678900
678900
678900
678900
678900
678900
678900
678900
679000
679000
679000
679000
679000
679000
679000
679000
679000
679100
679100
679100
679100
679100
679100
679100
679100
679100
679100
679200
679200
679200
679200
679200
679200
679200
679200
679200
679200
679200
679300
679300
679300
679300
679300
679300
679300
679400
679400
679400
679400
679500
679500
679500
679500
679500
679600
679600
679600
679600
679600
679600
679600
679600
679600
679600
679600
679600
679600
679700
679700
679700
679700
679700
679700
679700
679700
679800
679800
679800
679800
679800
679800
679800
679800
679800
679800
679800
679800
679800
679900
679900
679900
679900
679900
679900
679900
679900
679900
679900
679900
679900
679900
679900
679900
679900
679900
680000
680000
680000
680000
680000
680000
680100
680100
680100
680100
680100
680100
680100
680100
680100
680100
680100
680100
680200
680200
680200
680200
680200
680200
680300
680300
680300
680300
680300
680300
680300
680400
680400
680400
680400
680400
680400
680400
680400
680400
680400
680500
680500
680500
680500
680500
680500
680500
680500
680500
680500
680500
680500
680500
680500
680500
680500
680500
680600
680600
680600
680600
680600
680600
680600
680700
680700
680700
680700
680700
680700
680700
680800
680800
680800
680800
680800
680800
680800
680800
680800
680800
680800
680800
680800
680800
680800
680800
680800
680900
680900
680900
680900
680900
680900
680900
680900
680900
680900
680900
680900
680900
680900
681000
681000
681000
681000
681000
681000
681000
681000
681000
681000
681000
681000
681100
681100
681100
681100
681100
681100
681100
681100
681100
681100
681100
681100
681200
681200
681200
681200
681200
681200
681200
681200
681200
681200
681200
681200
681200
681200
681200
681200
681300
681300
681300
681300
681300
681300
681300
681300
681300
681300
681400
681400
681400
681400
681400
681400
681400
681400
681500
681500
681500
681500
681500
681500
681500
681500
681500
681500
681500
681500
681500
681500
681500
681600
681600
681600
681600
681600
681600
681600
681600
681600
681600
681600
681700
681700
681700
681700
681700
681700
681700
681800
681800
681800
681800
681800
681800
681800
681800
681900
681900
681900
681900
681900
681900
681900
681900
681900
681900
681900
681900
681900
681900
681900
682000
682000
682000
682000
682000
682000
682000
682000
682000
682000
682000
682000
682000
682100
682100
682100
682100
682100
682100
682100
682100
682100
682100
682100
682100
682100
682200
682200
682200
682200
682200
682200
682200
682200
682200
682200
682300
682300
682300
682300
682300
682300
682300
682300
682400
682400
682400
682400
682400
682400
682400
682400
682400
682400
682400
682400
682500
682500
682500
682500
682500
682500
682500
682500
682500
682500
682500
682600
682600
682600
682600
682600
682600
682600
682600
682600
682600
682700
682700
682700
682700
682700
682700
682700
682700
682700
682800
682800
682800
682800
682800
682800
682800
682800
682800
682800
682900
682900
682900
682900
682900
682900
682900
682900
682900
682900
682900
682900
682900
682900
683000
683000
683000
683000
683000
683000
683000
683000
683100
683100
683100
683100
683100
683100
683100
683100
683100
683100
683200
683200
683200
683200
683200
683200
683200
683200
683200
683200
683200
683200
683200
683200
683200
683300
683300
683300
683300
683300
683300
683300
683300
683300
683300
683300
683300
683300
683300
683400
683400
683400
683400
683400
683400
683400
683400
683400
683400
683400
683400
683400
683400
683400
683400
683400
683400
683400
683500
683500
683500
683500
683600
683600
683600
683600
683600
683600
683600
683600
683600
683600
683600
683600
683600
683600
683700
683700
683700
683700
683700
683700
683700
683700
683700
683700
683700
683800
683800
683800
683800
683800
683800
683800
683800
683800
683800
683800
683800
683800
683900
683900
683900
683900
683900
683900
683900
683900
683900
683900
683900
683900
683900
683900
684000
684000
684000
684000
684000
684000
684000
684000
684000
684000
684100
684100
684100
684100
684100
684100
684100
684100
684100
684100
684100
684100
684100
684200
684200
684200
684200
684200
684200
684200
684200
684200
684200
684200
684200
684200
684300
684300
684300
684300
684300
684300
684300
684300
684300
684400
684400
684400
684400
684400
684400
684500
684500
684500
684500
684500
684500
684500
684600
684600
684600
684600
684600
684600
684600
684700
684700
684700
684700
684700
684700
684700
684700
684700
684700
684700
684700
684700
684700
684700
684700
684700
684800
684800
684800
684800
684800
684800
684800
684800
684800
684900
684900
684900
684900
684900
684900
684900
684900
684900
684900
684900
684900
684900
685000
685000
685000
685000
685000
685000
685000
685000
685000
685000
685100
685100
685100
685100
685100
685100
685100
685100
685200
685200
685200
685200
685200
685200
685200
685200
685200
685200
685200
685200
685200
685300
685300
685300
685300
685300
685300
685300
685300
685300
685300
685300
685400
685400
685400
685400
685400
685400
685400
685400
685400
685400
685400
685500
685500
685500
685500
685500
685500
685500
685500
685500
685500
685500
685500
685500
685500
685500
685600
685600
685600
685600
685600
685600
685600
685600
685600
685600
685600
685600
685600
685700
685700
685700
685700
685700
685700
685700
685700
685700
685700
685700
685700
685700
685700
685700
685800
685800
685800
685800
685800
685800
685800
685800
685800
685800
685800
685800
685900
685900
685900
685900
685900
685900
685900
685900
685900
685900
686000
686000
686000
686000
686000
686000
686100
686100
686100
686100
686100
686100
686100
686100
686200
686200
686200
686200
686200
686200
686200
686200
686200
686200
686200
686300
686300
686300
686300
686300
686300
686300
686400
686400
686400
686400
686400
686400
686500
686500
686500
686500
686500
686500
686500
686500
686500
686500
686500
686500
686500
686500
686600
686600
686600
686600
686600
686600
686600
686600
686600
686600
686600
686600
686600
686600
686700
686700
686700
686700
686700
686700
686700
686700
686800
686800
686800
686800
686800
686800
686800
686800
686800
686800
686900
686900
686900
686900
686900
686900
686900
686900
686900
686900
686900
686900
686900
686900
686900
687000
687000
687000
687000
687000
687000
687000
687000
687000
687000
687000
687100
687100
687100
687100
687100
687100
687100
687100
687100
687100
687100
687100
687100
687100
687100
687100
687100
687200
687200
687200
687300
687300
687300
687300
687300
687300
687300
687300
687300
687300
687400
687400
687400
687400
687400
687400
687400
687400
687400
687400
687500
687500
687500
687500
687500
687500
687500
687500
687600
687600
687600
687600
687600
687600
687600
687600
687600
687700
687700
687700
687700
687700
687700
687700
687700
687700
687700
687700
687800
687800
687800
687800
687800
687800
687800
687800
687800
687800
687800
687900
687900
687900
687900
687900
687900
687900
687900
687900
687900
688000
688000
688000
688000
688000
688000
688000
688000
688000
688000
688000
688000
688000
688000
688000
688000
688100
688100
688100
688100
688100
688100
688100
688100
688100
688100
688100
688200
688200
688200
688200
688200
688200
688200
688200
688200
688200
688200
688200
688300
688300
688300
688300
688300
688300
688300
688400
688400
688400
688400
688400
688400
688500
688500
688500
688500
688500
688500
688500
688600
688600
688600
688600
688600
688600
688600
688700
688700
688700
688700
688700
688700
688700
688700
688700
688700
688700
688700
688800
688800
688800
688800
688800
688800
688800
688800
688900
688900
688900
688900
688900
688900
688900
688900
689000
689000
689000
689000
689000
689000
689000
689000
689000
689000
689000
689000
689100
689100
689100
689100
689100
689100
689100
689100
689100
689100
689100
689100
689100
689200
689200
689200
689200
689200
689200
689300
689300
689300
689300
689300
689300
689300
689300
689400
689400
689400
689400
689400
689400
689400
689400
689400
689400
689400
689400
689400
689400
689400
689400
689400
689500
689500
689500
689500
689500
689500
689500
689500
689500
689600
689600
689600
689600
689600
689600
689600
689600
689600
689600
689600
689700
689700
689700
689700
689700
689700
689700
689700
689800
689800
689800
689800
689800
689900
689900
689900
689900
689900
689900
689900
689900
690000
690000
690000
690000
690000
690000
690000
690100
690100
690100
690100
690100
690100
690100
690100
690200
690200
690200
690200
690200
690200
690200
690200
690200
690200
690300
690300
690300
690300
690300
690300
690300
690300
690300
690300
690400
690400
690400
690400
690500
690500
690500
690500
690500
690500
690500
690500
690500
690500
690600
690600
690600
690600
690600
690600
690600
690600
690700
690700
690700
690700
690700
690700
690700
690700
690700
690800
690800
690800
690800
690800
690800
690800
690800
690800
690800
690900
690900
690900
690900
690900
690900
690900
690900
690900
690900
691000
691000
691000
691000
691000
691000
691000
691000
691100
691100
691100
691100
691200
691200
691300
691300
691300
691300
691400
691400
691400
691400
691400
691400
691400
691500
691500
691500
691500
691600
691600
691600
691600
691600
691600
691600
691700
691700
691700
691700
691700
691700
691700
691800
691800
691800
691800
691800
691800
691800
691900
691900
691900
691900
691900
691900
691900
692000
692000
692000
692000
692000
692000
692100
692100
692100
692100
692100
692100
692100
692100
692100
692200
692200
692200
692200
692200
692300
692300
692300
692400
692400
692400
692400
692400
692400
692500
692500
692500
692500
692600
692600
692600
692600
692600
692600
692600
692600
692700
692700
692700
692700
692700
692700
692700
692700
692700
692700
692800
692800
692800
692800
692800
692800
692800
692800
692900
692900
692900
692900
692900
692900
693000
693000
693000
693000
693000
693100
693100
693100
693100
693100
693200
693200
693200
693200
693200
693200
693200
693300
693300
693300
693300
693300
693400
693400
693400
693400
693400
693400
693400
693400
693500
693500
693500
693500
693600
693600
693600
693600
693600
693600
693700
693700
693700
693700
693700
693700
693700
693700
693700
693700
693800
693800
693800
693800
693800
693800
693900
693900
693900
693900
693900
694000
694000
694000
694100
694100
694100
694100
694100
694100
694100
694100
694100
694100
694200
694200
694200
694200
694200
694300
694300
694300
694300
694300
694400
694400
694400
694400
694400
694400
694400
694500
694500
694500
694500
694500
694600
694600
694600
694600
694600
694600
694600
694600
694600
694600
694700
694700
694700
694700
694700
694800
694800
694800
694800
694800
694900
694900
694900
694900
695000
695000
695000
695100
695100
695100
695100
695100
695100
695100
695100
695200
695200
695200
695300
695300
695300
695300
695300
695300
695400
695400
695400
695400
695400
695400
695400
695500
695500
695500
695500
695500
695500
695500
695600
695600
695600
695600
695700
695700
695700
695700
695700
695700
695800
695800
695800
695900
695900
696000
696000
696000
696000
696000
696100
696100
696100
696200
696200
696200
696200
696200
696200
696200
696200
696200
696200
696200
696200
696300
696300
696300
696300
696300
696300
696400
696400
696400
696400
696400
696400
696500
696500
696500
696500
696500
696600
696600
696600
696700
696700
696700
696800
696800
696800
696800
696800
696800
696800
696900
696900
696900
696900
696900
696900
696900
696900
696900
696900
697000
697000
697000
697000
697000
697000
697000
697000
697100
697100
697200
697200
697200
697200
697200
697200
697200
697300
697300
697400
697400
697400
697400
697400
697500
697500
697500
697600
697600
697600
697700
697700
697700
697700
697700
697700
697700
697700
697800
697800
697800
697800
697800
697800
697900
697900
697900
697900
697900
697900
697900
697900
697900
698000
698000
698000
698000
698000
698000
698000
698100
698100
698200
698200
698200
698200
698200
698200
698200
698200
698200
698300
698300
698300
698300
698300
698300
698300
698300
698300
698300
698300
698400
698400
698400
698400
698400
698400
698400
698400
698400
698400
698500
698500
698500
698500
698500
698500
698600
698600
698600
698600
698600
698600
698600
698600
698600
698600
698700
698700
698700
698700
698800
698800
698900
698900
698900
698900
699000
699000
699000
699000
699000
699000
699100
699100
699100
699100
699100
699100
699100
699100
699200
699200
699200
699200
699300
699300
699300
699300
699300
699300
699300
699400
699400
699400
699400
699400
699400
699400
699400
699400
699500
699500
699500
699500
699600
699600
699600
699600
699600
699600
699600
699600
699700
699700
699700
699700
699700
699700
699700
699700
699700
699800
699800
699800
699800
699800
699800
699900
699900
700000
700000
700000
700000
700000
700000
700100
700100
700100
700100
700200
700200
700200
700200
700300
700300
700300
700300
700300
700300
700300
700300
700400
700400
700400
700400
700400
700400
700500
700500
700500
700500
700500
700600
700600
700600
700700
700700
700700
700800
700800
700800
700800
700900
700900
700900
700900
700900
701000
701100
701100
701200
701200
701200
701200
701200
701200
701300
701300
701400
701400
701400
701400
701400
701400
701400
701500
701500
701500
701500
701500
701500
701600
701600
701600
701600
701600
701600
701700
701700
701700
701700
701700
701700
701700
701800
701800
701800
701800
701800
701900
701900
701900
701900
701900
701900
702000
702000
702000
702000
702000
702000
702000
702000
702000
702100
702100
702100
702100
702100
702100
702100
702100
702200
702200
702200
702200
702200
702200
702200
702200
702300
702300
702300
702300
702300
702300
702300
702400
702400
702500
702500
702500
702500
702500
702500
702500
702500
702600
702600
702600
702600
702600
702600
702600
702600
702600
702600
702600
702600
702600
702600
702700
702700
702700
702800
702800
702800
702800
702800
702900
702900
702900
702900
702900
702900
702900
702900
703000
703000
703000
703000
703100
703100
703100
703100
703100
703100
703100
703200
703200
703200
703200
703200
703200
703200
703200
703300
703300
703300
703300
703300
703300
703400
703400
703400
703400
703400
703400
703500
703500
703500
703600
703600
703600
703600
703600
703600
703700
703700
703700
703700
703700
703700
703700
703700
703800
703800
703800
703800
703800
703800
703800
703900
703900
703900
703900
703900
704000
704000
704000
704000
704000
704100
704100
704100
704100
704200
704200
704200
704300
704300
704300
704300
704300
704300
704400
704400
704400
704400
704400
704400
704400
704500
704500
704500
704500
704500
704600
704600
704600
704600
704600
704700
704700
704700
704700
704700
704700
704700
704800
704800
704800
704800
704800
704800
704900
704900
704900
704900
704900
705000
705000
705000
705000
705000
705000
705100
705100
705100
705100
705100
705100
705100
705200
705200
705200
705200
705200
705200
705300
705300
705300
705300
705300
705300
705300
705400
705400
705400
705400
705400
705400
705400
705400
705400
705500
705500
705500
705500
705500
705600
705600
705600
705600
705700
705700
705700
705700
705800
705800
705800
705800
705800
705800
705900
705900
705900
705900
705900
705900
705900
706000
706000
706000
706000
706100
706100
706100
706100
706100
706100
706100
706100
706200
706200
706200
706200
706300
706300
706300
706300
706300
706400
706400
706500
706500
706500
706500
706500
706500
706600
706600
706600
706600
706700
706700
706700
706700
706700
706700
706700
706700
706700
706700
706800
706800
706800
706800
706800
706800
706800
706900
706900
706900
706900
706900
706900
706900
707000
707000
707000
707100
707100
707100
707100
707100
707100
707100
707100
707200
707200
707200
707200
707200
707200
707200
707300
707300
707300
707300
707300
707400
707400
707400
707400
707400
707400
707400
707400
707400
707500
707500
707500
707500
707600
707600
707600
707600
707600
707600
707600
707600
707700
707700
707700
707700
707800
707800
707800
707900
707900
707900
707900
708000
708000
708000
708000
708000
708000
708100
708100
708100
708100
708100
708100
708100
708100
708200
708200
708200
708200
708200
708200
708200
708200
708200
708200
708300
708300
708300
708300
708400
708400
708400
708400
708400
708400
708400
708500
708500
708500
708500
708500
708500
708500
708500
708600
708600
708600
708600
708600
708600
708600
708600
708600
708700
708700
708700
708700
708800
708800
708800
708800
708800
708800
708900
708900
708900
708900
708900
709000
709000
709000
709000
709000
709000
709000
709100
709100
709100
709100
709100
709200
709200
709200
709200
709200
709200
709200
709300
709300
709300
709400
709400
709400
709400
709400
709400
709400
709400
709400
709500
709500
709500
709600
709600
709600
709600
709600
709600
709600
709600
709700
709700
709700
709700
709700
709800
709800
709800
709800
709800
709800
709900
709900
709900
709900
710000
710000
710100
710100
710100
710100
710100
710200
710200
710200
710200
710200
710200
710200
710200
710300
710300
710300
710300
710400
710400
710400
710400
710400
710400
710500
710500
710500
710500
710500
710500
710500
710600
710600
710600
710600
710600
710600
710600
710600
710700
710700
710700
710700
710700
710700
710800
710800
710800
710800
710800
710800
710900
710900
710900
710900
710900
710900
710900
710900
711000
711000
711000
711100
711100
711100
711100
711100
711100
711100
711200
711200
711200
711200
711200
711200
711300
711300
711300
711300
711300
711300
711300
711300
711300
711300
711400
711400
711400
711400
711400
711400
711400
711400
711500
711500
711500
711500
711500
711500
711500
711500
711500
711500
711500
711600
711600
711600
711600
711600
711600
711600
711600
711600
711700
711700
711700
711700
711700
711700
711700
711700
711700
711700
711800
711800
711800
711800
711800
711800
711800
711800
711800
711900
711900
711900
711900
711900
712000
712000
712000
712000
712000
712000
712100
712100
712100
712100
712100
712200
712200
712200
712200
712200
712200
712200
712200
712200
712200
712200
712300
712300
712300
712300
712300
712300
712300
712300
712300
712300
712300
712300
712300
712300
712400
712400
712400
712400
712400
712500
712500
712500
712500
712500
712500
712500
712500
712600
712600
712600
712600
712600
712700
712700
712700
712700
712800
712800
712800
712800
712800
712800
712800
712900
712900
712900
712900
712900
712900
713000
713000
713000
713000
713000
713000
713000
713100
713100
713100
713100
713100
713100
713100
713100
713100
713100
713200
713200
713200
713200
713200
713200
713200
713200
713200
713200
713300
713300
713300
713300
713300
713300
713300
713300
713400
713400
713400
713400
713400
713400
713400
713400
713400
713400
713500
713500
713500
713500
713500
713500
713600
713600
713600
713600
713600
713600
713700
713700
713700
713700
713700
713700
713700
713800
713800
713800
713800
713800
713800
713800
713800
713900
713900
713900
713900
713900
713900
713900
713900
713900
714000
714000
714000
714000
714000
714000
714000
714000
714000
714100
714100
714100
714100
714100
714100
714100
714100
714100
714100
714100
714200
714200
714200
714200
714300
714300
714300
714300
714300
714300
714300
714400
714400
714400
714400
714400
714400
714400
714400
714500
714500
714500
714500
714500
714500
714500
714500
714500
714500
714500
714500
714500
714500
714500
714500
714500
714500
714600
714600
714600
714600
714600
714600
714700
714700
714700
714700
714700
714700
714700
714700
714700
714700
714700
714700
714700
714700
714800
714800
714800
714800
714800
714800
714800
714800
714800
714800
714900
714900
714900
714900
714900
714900
714900
714900
714900
714900
714900
714900
715000
715000
715000
715000
715000
715000
715000
715000
715000
715000
715000
715000
715100
715100
715100
715100
715100
715100
715100
715100
715100
715100
715200
715200
715200
715200
715200
715200
715200
715200
715200
715200
715200
715200
715300
715300
715300
715300
715300
715300
715300
715300
715400
715400
715400
715400
715400
715400
715400
715400
715400
715400
715500
715500
715500
715500
715500
715500
715500
715500
715500
715500
715500
715500
715600
715600
715600
715600
715600
715600
715600
715600
715700
715700
715700
715700
715700
715700
715700
715700
715700
715700
715700
715700
715700
715700
715700
715800
715800
715800
715800
715800
715800
715800
715800
715800
715800
715800
715800
715900
715900
715900
715900
715900
715900
715900
715900
716000
716000
716000
716000
716000
716000
716000
716000
716000
716000
716000
716100
716100
716100
716100
716100
716100
716100
716200
716200
716200
716200
716200
716200
716200
716200
716200
716200
716200
716200
716300
716300
716300
716300
716300
716300
716300
716300
716300
716400
716400
716400
716400
716400
716400
716400
716400
716400
716400
716400
716400
716400
716400
716400
716400
716400
716400
716400
716400
716400
716400
716400
716500
716500
716500
716500
716500
716500
716500
716500
716500
716500
716600
716600
716600
716600
716600
716600
716600
716600
716600
716600
716600
716600
716700
716700
716700
716700
716700
716700
716700
716700
716700
716700
716700
716700
716700
716800
716800
716800
716800
716800
716800
716800
716800
716800
716800
716800
716800
716800
716800
716800
716800
716800
716900
716900
716900
716900
716900
716900
716900
716900
716900
716900
716900
716900
716900
716900
716900
716900
716900
716900
717000
717000
717000
717000
717000
717100
717100
717100
717100
717100
717100
717100
717100
717100
717100
717200
717200
717200
717200
717200
717200
717200
717200
717200
717200
717200
717200
717200
717200
717200
717300
717300
717300
717300
717300
717300
717300
717300
717300
717300
717300
717400
717400
717400
717400
717400
717400
717400
717400
717400
717400
717400
717400
717400
717400
717400
717400
717400
717400
717500
717500
717500
717500
717500
717500
717500
717500
717500
717500
717500
717500
717500
717500
717500
717500
717600
717600
717600
717600
717600
717600
717600
717600
717600
717600
717600
717600
717600
717600
717600
717700
717700
717700
717700
717700
717700
717700
717700
717700
717700
717800
717800
717800
717800
717800
717800
717800
717800
717800
717800
717800
717800
717800
717800
717800
717800
717800
717900
717900
717900
717900
717900
717900
717900
717900
717900
717900
717900
717900
717900
717900
717900
717900
717900
717900
717900
717900
718000
718000
718000
718000
718000
718000
718000
718000
718000
718000
718000
718000
718000
718000
718000
718000
718100
718100
718100
718100
718100
718100
718100
718100
718100
718100
718100
718100
718100
718100
718100
718100
718100
718200
718200
718200
718200
718200
718200
718200
718200
718200
718200
718200
718200
718300
718300
718300
718300
718300
718300
718300
718300
718300
718300
718300
718400
718400
718400
718400
718400
718400
718400
718400
718400
718400
718500
718500
718500
718500
718500
718500
718500
718500
718500
718500
718500
718500
718500
718600
718600
718600
718600
718600
718600
718600
718600
718600
718600
718600
718600
718600
718600
718600
718700
718700
718700
718700
718700
718700
718700
718700
718700
718700
718700
718700
718700
718700
718700
718800
718800
718800
718800
718800
718800
718800
718800
718800
718800
718800
718800
718800
718800
718800
718800
718900
718900
718900
718900
718900
718900
718900
718900
718900
718900
718900
718900
718900
718900
719000
719000
719000
719000
719000
719000
719000
719000
719000
719000
719000
719000
719000
719000
719000
719000
719100
719100
719100
719100
719100
719100
719100
719100
719100
719100
719100
719100
719100
719100
719200
719200
719200
719200
719200
719200
719200
719200
719200
719300
719300
719300
719300
719300
719300
719300
719300
719300
719300
719300
719300
719300
719300
719300
719300
719400
719400
719400
719400
719400
719400
719400
719400
719400
719400
719400
719400
719400
719400
719400
719400
719400
719400
719400
719500
719500
719500
719500
719500
719500
719500
719500
719500
719500
719500
719500
719500
719500
719500
719500
719500
719500
719500
719500
719500
719500
719600
719600
719600
719600
719600
719600
719600
719600
719600
719600
719600
719600
719600
719600
719600
719700
719700
719700
719700
719700
719700
719700
719700
719700
719700
719700
719700
719700
719700
719700
719700
719700
719800
719800
719800
719800
719800
719800
719800
719800
719800
719800
719800
719800
719800
719800
719800
719800
719900
719900
719900
719900
719900
719900
720000
720000
720000
720000
720000
720000
720000
720000
720000
720000
720000
720000
720000
720000
720000
720000
720000
720000
720000
720000
720100
720100
720100
720100
720100
720100
720100
720100
720100
720100
720100
720100
720200
720200
720200
720200
720200
720200
720200
720200
720200
720200
720200
720200
720200
720200
720300
720300
720300
720300
720300
720300
720300
720300
720300
720300
720300
720300
720300
720300
720400
720400
720400
720400
720400
720400
720400
720400
720400
720400
720400
720400
720400
720400
720400
720400
720400
720500
720500
720500
720500
720500
720500
720500
720500
720500
720500
720500
720500
720500
720500
720500
720500
720600
720600
720600
720600
720600
720600
720600
720600
720600
720600
720600
720600
720600
720600
720600
720600
720600
720600
720600
720700
720700
720700
720700
720700
720700
720700
720700
720700
720700
720700
720800
720800
720800
720800
720800
720800
720800
720800
720800
720800
720800
720900
720900
720900
720900
720900
720900
720900
720900
720900
720900
720900
720900
720900
720900
720900
720900
720900
720900
720900
720900
720900
721000
721000
721000
721000
721000
721000
721000
721000
721000
721000
721000
721000
721000
721100
721100
721100
721100
721100
721100
721100
721100
721100
721100
721100
721100
721100
721200
721200
721200
721200
721200
721200
721200
721200
721200
721200
721200
721200
721200
721200
721300
721300
721300
721300
721300
721300
721300
721300
721300
721300
721400
721400
721400
721400
721400
721400
721400
721400
721400
721400
721400
721400
721400
721400
721400
721500
721500
721500
721500
721500
721500
721500
721500
721500
721500
721500
721500
721500
721500
721600
721600
721600
721600
721600
721600
721600
721600
721600
721600
721600
721600
721600
721600
721600
721600
721600
721600
721600
721700
721700
721700
721700
721700
721700
721700
721700
721700
721700
721700
721700
721700
721700
721700
721700
721700
721700
721700
721700
721700
721700
721700
721700
721700
721700
721800
721800
721800
721800
721800
721800
721800
721800
721800
721800
721800
721800
721800
721900
721900
721900
721900
721900
721900
721900
721900
721900
721900
721900
721900
721900
721900
722000
722000
722000
722000
722000
722000
722000
722000
722000
722000
722000
722000
722000
722000
722000
722000
722000
722000
722100
722100
722100
722100
722100
722100
722100
722100
722100
722100
722100
722100
722200
722200
722200
722200
722200
722200
722200
722200
722200
722200
722200
722200
722200
722200
722200
722200
722200
722200
722200
722200
722300
722300
722300
722300
722300
722300
722300
722300
722300
722300
722300
722300
722300
722300
722300
722300
722300
722400
722400
722400
722400
722400
722400
722500
722500
722500
722500
722500
722500
722500
722500
722500
722500
722500
722500
722500
722500
722500
722500
722500
722500
722500
722600
722600
722600
722600
722600
722600
722600
722600
722600
722600
722600
722600
722600
722600
722700
722700
722700
722700
722700
722700
722700
722700
722700
722700
722700
722700
722700
722800
722800
722800
722800
722800
722800
722800
722800
722800
722800
722800
722800
722900
722900
722900
722900
722900
722900
722900
722900
722900
722900
722900
722900
722900
722900
723000
723000
723000
723000
723000
723000
723000
723000
723000
723000
723000
723000
723000
723000
723000
723000
723000
723100
723100
723100
723100
723100
723100
723100
723100
723100
723100
723100
723100
723200
723200
723200
723200
723200
723200
723200
723200
723200
723200
723200
723200
723200
723200
723200
723200
723200
723300
723300
723300
723300
723300
723300
723300
723300
723300
723300
723300
723300
723300
723400
723400
723400
723400
723400
723400
723400
723400
723400
723400
723400
723400
723400
723400
723400
723400
723400
723400
723400
723400
723400
723500
723500
723500
723500
723500
723500
723500
723600
723600
723600
723600
723600
723600
723600
723600
723600
723600
723600
723600
723600
723600
723600
723600
723600
723600
723600
723600
723700
723700
723700
723700
723700
723700
723700
723700
723700
723700
723700
723700
723700
723700
723700
723700
723700
723700
723700
723700
723800
723800
723800
723800
723800
723800
723800
723800
723800
723800
723800
723800
723800
723800
723800
723800
723800
723800
723800
723900
723900
723900
723900
723900
723900
723900
723900
723900
723900
723900
723900
724000
724000
724000
724000
724000
724000
724000
724000
724000
724000
724000
724000
724000
724000
724100
724100
724100
724100
724100
724100
724100
724100
724100
724100
724100
724100
724100
724100
724100
724100
724200
724200
724200
724200
724200
724200
724200
724200
724200
724200
724200
724200
724200
724200
724200
724200
724300
724300
724300
724300
724300
724300
724300
724300
724300
724300
724400
724400
724400
724400
724400
724400
724400
724400
724400
724400
724400
724400
724400
724400
724400
724500
724500
724500
724500
724500
724500
724500
724500
724500
724500
724500
724500
724500
724500
724500
724500
724500
724500
724500
724600
724600
724600
724600
724600
724600
724600
724600
724600
724600
724600
724600
724600
724600
724600
724600
724600
724700
724700
724700
724700
724700
724700
724700
724700
724700
724700
724800
724800
724800
724800
724800
724800
724800
724800
724800
724800
724800
724800
724800
724800
724900
724900
724900
724900
724900
724900
724900
724900
724900
724900
724900
724900
724900
724900
724900
724900
725000
725000
725000
725000
725000
725000
725000
725000
725000
725100
725100
725100
725100
725100
725100
725100
725100
725100
725100
725100
725100
725100
725100
725200
725200
725200
725200
725200
725200
725200
725200
725200
725200
725200
725200
725200
725200
725200
725200
725200
725200
725200
725300
725300
725300
725300
725300
725300
725300
725300
725300
725300
725300
725300
725300
725300
725300
725300
725300
725400
725400
725400
725400
725400
725400
725400
725400
725400
725400
725400
725400
725400
725400
725400
725400
725400
725400
725400
725400
725400
725400
725500
725500
725500
725500
725500
725500
725500
725500
725500
725500
725500
725500
725500
725500
725500
725500
725500
725500
725500
725600
725600
725600
725600
725600
725600
725600
725600
725600
725600
725600
725600
725600
725600
725600
725600
725600
725600
725600
725600
725700
725700
725700
725700
725700
725700
725700
725700
725700
725700
725700
725700
725700
725800
725800
725800
725800
725800
725800
725800
725800
725800
725800
725800
725800
725800
725800
725800
725800
725800
725900
725900
725900
725900
725900
725900
725900
725900
725900
726000
726000
726000
726000
726000
726000
726000
726000
726000
726000
726000
726000
726000
726000
726000
726000
726000
726000
726100
726100
726100
726100
726100
726100
726100
726100
726100
726100
726100
726100
726100
726100
726100
726100
726100
726100
726200
726200
726200
726200
726200
726200
726200
726200
726200
726200
726200
726300
726300
726300
726300
726300
726300
726300
726300
726300
726300
726400
726400
726400
726400
726400
726400
726400
726500
726500
726500
726500
726500
726500
726500
726500
726500
726500
726500
726500
726600
726600
726600
726600
726600
726600
726600
726700
726700
726700
726700
726700
726700
726700
726700
726700
726700
726700
726700
726700
726700
726700
726700
726700
726800
726800
726800
726800
726800
726800
726800
726800
726800
726800
726800
726800
726900
726900
726900
726900
726900
726900
726900
726900
726900
727000
727000
727000
727000
727000
727000
727000
727100
727100
727100
727100
727100
727100
727100
727100
727100
727100
727100
727100
727200
727200
727200
727200
727200
727200
727200
727200
727200
727200
727300
727300
727300
727300
727300
727300
727300
727300
727300
727300
727300
727300
727300
727300
727300
727300
727300
727400
727400
727400
727400
727400
727400
727400
727400
727400
727400
727400
727400
727400
727400
727400
727500
727500
727500
727500
727500
727500
727500
727500
727500
727500
727500
727500
727500
727500
727600
727600
727600
727600
727600
727600
727600
727600
727600
727600
727600
727600
727600
727600
727600
727600
727600
727600
727600
727600
727600
727700
727700
727700
727700
727700
727700
727700
727700
727700
727700
727700
727700
727700
727700
727700
727800
727800
727800
727800
727800
727800
727800
727800
727800
727800
727800
727800
727800
727800
727900
727900
727900
727900
727900
727900
727900
727900
727900
727900
727900
728000
728000
728000
728000
728000
728000
728100
728100
728100
728100
728100
728100
728100
728200
728200
728200
728200
728200
728200
728200
728200
728200
728200
728200
728300
728300
728300
728300
728300
728300
728300
728300
728300
728300
728300
728400
728400
728400
728400
728400
728400
728400
728400
728400
728400
728400
728400
728400
728400
728400
728400
728500
728500
728500
728500
728500
728500
728500
728500
728500
728600
728600
728600
728600
728600
728600
728600
728600
728600
728700
728700
728700
728700
728700
728700
728700
728700
728700
728700
728700
728700
728700
728700
728700
728800
728800
728800
728800
728800
728800
728800
728800
728800
728800
728900
728900
728900
728900
728900
728900
728900
728900
728900
728900
729000
729000
729000
729000
729000
729000
729000
729000
729000
729000
729000
729000
729000
729000
729000
729000
729100
729100
729100
729100
729100
729100
729100
729200
729200
729200
729200
729200
729200
729200
729200
729200
729300
729300
729300
729300
729300
729300
729300
729300
729300
729300
729300
729400
729400
729400
729400
729400
729400
729400
729400
729400
729400
729400
729500
729500
729500
729500
729500
729500
729500
729500
729500
729500
729500
729600
729600
729600
729600
729600
729600
729600
729600
729600
729600
729600
729600
729600
729600
729600
729700
729700
729700
729700
729700
729700
729700
729700
729700
729700
729700
729700
729700
729800
729800
729800
729800
729800
729800
729800
729800
729800
729800
729800
729900
729900
729900
729900
729900
729900
729900
729900
730000
730000
730000
730000
730000
730000
730000
730100
730100
730100
730100
730100
730100
730100
730100
730100
730100
730100
730100
730100
730100
730100
730100
730100
730100
730200
730200
730200
730200
730200
730200
730200
730200
730200
730200
730200
730300
730300
730300
730300
730300
730300
730300
730300
730300
730400
730400
730400
730400
730400
730400
730400
730400
730400
730400
730400
730500
730500
730500
730500
730500
730500
730500
730500
730500
730500
730600
730600
730600
730600
730600
730600
730600
730700
730700
730700
730700
730700
730700
730700
730700
730700
730800
730800
730800
730800
730800
730800
730800
730800
730800
730800
730800
730900
730900
730900
730900
730900
730900
730900
730900
730900
730900
730900
730900
730900
730900
731000
731000
731000
731000
731000
731000
731000
731000
731000
731000
731100
731100
731100
731100
731100
731100
731100
731100
731100
731100
731100
731100
731200
731200
731200
731200
731200
731200
731200
731200
731200
731200
731300
731300
731300
731300
731300
731300
731400
731400
731400
731400
731400
731400
731400
731400
731400
731400
731400
731400
731400
731400
731400
731400
731400
731400
731500
731500
731500
731500
731500
731500
731500
731500
731500
731600
731600
731600
731600
731600
731600
731600
731600
731600
731700
731700
731700
731700
731700
731700
731700
731700
731700
731700
731800
731800
731800
731800
731800
731800
731800
731800
731800
731800
731800
731800
731900
731900
731900
731900
731900
731900
731900
731900
731900
731900
731900
731900
732000
732000
732000
732000
732000
732000
732000
732000
732000
732000
732100
732100
732100
732100
732100
732100
732100
732100
732100
732200
732200
732200
732200
732200
732200
732200
732200
732200
732200
732200
732200
732200
732200
732200
732200
732200
732200
732200
732200
732300
732300
732300
732300
732300
732300
732300
732300
732300
732300
732300
732300
732300
732300
732300
732400
732400
732400
732400
732400
732400
732400
732400
732400
732500
732500
732500
732500
732500
732500
732500
732500
732500
732500
732500
732500
732500
732500
732500
732500
732600
732600
732600
732600
732600
732600
732600
732600
732600
732600
732700
732700
732700
732700
732700
732700
732700
732700
732800
732800
732800
732800
732800
732800
732800
732800
732800
732800
732800
732800
732800
732900
732900
732900
732900
732900
732900
732900
732900
732900
733000
733000
733000
733000
733000
733000
733000
733000
733000
733000
733000
733000
733000
733000
733000
733000
733100
733100
733100
733100
733100
733100
733100
733100
733100
733100
733200
733200
733200
733200
733200
733200
733200
733200
733200
733200
733300
733300
733300
733300
733300
733300
733300
733300
733300
733300
733400
733400
733400
733400
733400
733400
733400
733400
733500
733500
733500
733500
733500
733500
733500
733500
733500
733500
733500
733600
733600
733600
733600
733700
733700
733700
733700
733700
733700
733700
733700
733700
733800
733800
733800
733800
733800
733800
733900
733900
733900
733900
733900
733900
733900
733900
733900
734000
734000
734000
734000
734000
734000
734000
734000
734000
734000
734100
734100
734100
734100
734100
734100
734100
734100
734100
734100
734100
734100
734100
734100
734100
734100
734200
734200
734200
734200
734200
734200
734200
734200
734200
734200
734200
734300
734300
734300
734300
734300
734300
734300
734300
734400
734400
734400
734400
734500
734500
734500
734500
734500
734500
734500
734500
734500
734500
734500
734600
734600
734600
734600
734600
734600
734600
734600
734600
734600
734600
734600
734700
734700
734700
734700
734700
734800
734800
734800
734800
734800
734800
734800
734900
734900
734900
734900
734900
734900
735000
735000
735000
735000
735000
735000
735000
735000
735000
735000
735000
735100
735100
735100
735100
735100
735100
735100
735100
735100
735100
735100
735100
735100
735200
735200
735200
735200
735200
735200
735200
735200
735200
735200
735300
735300
735300
735300
735300
735300
735300
735300
735300
735300
735300
735300
735400
735400
735400
735400
735400
735400
735400
735400
735400
735400
735400
735400
735400
735500
735500
735500
735500
735500
735500
735500
735500
735500
735500
735600
735600
735600
735600
735600
735600
735600
735600
735600
735600
735600
735600
735600
735600
735600
735600
735700
735700
735700
735700
735700
735700
735700
735800
735800
735800
735800
735800
735900
735900
735900
735900
735900
735900
735900
735900
735900
735900
735900
736000
736000
736000
736000
736000
736000
736000
736000
736000
736000
736000
736000
736100
736100
736100
736100
736100
736100
736100
736100
736100
736100
736100
736100
736100
736200
736200
736200
736200
736200
736200
736200
736200
736200
736200
736300
736300
736300
736300
736300
736300
736400
736400
736400
736400
736400
736400
736400
736400
736500
736500
736500
736500
736500
736500
736500
736500
736500
736600
736600
736600
736600
736600
736600
736600
736700
736700
736700
736700
736700
736700
736700
736700
736700
736800
736800
736800
736800
736800
736800
736800
736800
736800
736800
736900
736900
736900
736900
736900
736900
736900
736900
736900
736900
736900
736900
736900
737000
737000
737000
737000
737000
737000
737100
737100
737100
737100
737100
737100
737200
737200
737200
737200
737200
737200
737200
737200
737200
737200
737200
737200
737200
737200
737200
737300
737300
737300
737300
737300
737300
737300
737300
737400
737400
737400
737400
737400
737400
737500
737500
737500
737500
737500
737500
737500
737500
737500
737500
737500
737500
737500
737500
737500
737600
737600
737600
737600
737600
737600
737600
737600
737600
737600
737600
737600
737700
737700
737700
737700
737700
737700
737700
737700
737700
737700
737700
737700
737700
737800
737800
737800
737800
737800
737800
737800
737800
737800
737800
737800
737900
737900
737900
737900
737900
737900
737900
737900
737900
737900
738000
738000
738000
738000
738000
738000
738100
738100
738100
738100
738100
738100
738100
738100
738200
738200
738200
738200
738200
738200
738300
738300
738300
738300
738300
738300
738300
738400
738400
738400
738400
738400
738400
738500
738500
738500
738500
738500
738500
738500
738500
738500
738500
738500
738500
738500
738500
738600
738600
738600
738600
738600
738600
738600
738600
738600
738600
738600
738600
738600
738700
738700
738700
738700
738700
738800
738800
738900
738900
738900
738900
738900
739000
739000
739000
739000
739000
739000
739000
739100
739100
739100
739100
739100
739100
739100
739100
739200
739200
739200
739200
739200
739200
739200
739300
739300
739300
739300
739300
739300
739300
739300
739400
739400
739400
739400
739400
739400
739400
739400
739400
739500
739500
739500
739500
739500
739500
739600
739600
739600
739600
739600
739600
739700
739700
739700
739700
739800
739800
739800
739800
739800
739800
739800
739900
739900
740000
740000
740000
740000
740000
740000
740000
740000
740000
740100
740100
740100
740100
740100
740100
740200
740200
740200
740200
740200
740200
740200
740200
740200
740200
740200
740200
740300
740300
740300
740300
740300
740300
740300
740400
740400
740400
740400
740400
740400
740400
740400
740500
740500
740500
740500
740500
740500
740500
740500
740600
740600
740600
740600
740600
740600
740600
740600
740700
740700
740700
740700
740700
740700
740700
740700
740700
740700
740700
740700
740700
740800
740800
740800
740800
740800
740800
740900
740900
740900
740900
740900
740900
741000
741000
741000
741000
741000
741100
741100
741100
741100
741100
741100
741200
741200
741200
741200
741300
741300
741300
741300
741300
741300
741300
741300
741300
741400
741400
741400
741400
741400
741500
741500
741500
741500
741500
741500
741600
741600
741600
741600
741600
741600
741600
741600
741700
741700
741700
741700
741700
741700
741700
741700
741700
741700
741700
741700
741800
741800
741800
741800
741800
741800
741800
741800
741900
741900
741900
741900
741900
741900
741900
741900
742000
742000
742000
742000
742100
742100
742100
742100
742100
742100
742100
742100
742100
742200
742200
742200
742200
742200
742200
742300
742300
742300
742300
742300
742300
742300
742300
742300
742400
742400
742400
742400
742400
742400
742500
742500
742500
742500
742500
742600
742600
742600
742600
742600
742600
742600
742600
742600
742600
742700
742700
742700
742700
742700
742800
742800
742800
742800
742800
742800
742800
742800
742800
742800
742800
742900
742900
742900
742900
743000
743000
743000
743000
743000
743000
743000
743000
743100
743100
743100
743100
743100
743100
743100
743100
743100
743100
743200
743200
743200
743200
743300
743300
743300
743300
743300
743300
743300
743300
743400
743400
743400
743400
743400
743400
743400
743400
743500
743500
743500
743500
743500
743600
743600
743600
743600
743600
743600
743600
743600
743600
743600
743600
743600
743700
743700
743700
743700
743800
743800
743800
743800
743800
743800
743800
743800
743800
743800
743900
743900
743900
743900
743900
743900
743900
743900
743900
743900
743900
744000
744000
744000
744000
744100
744100
744100
744100
744100
744100
744100
744100
744100
744100
744200
744200
744200
744200
744200
744200
744200
744200
744200
744200
744200
744200
744300
744300
744300
744300
744300
744300
744300
744300
744300
744400
744400
744400
744500
744500
744500
744500
744500
744500
744500
744500
744500
744500
744600
744600
744600
744600
744600
744600
744600
744600
744600
744600
744700
744700
744700
744700
744700
744700
744700
744800
744800
744800
744800
744800
744800
744800
744800
744800
744800
744800
744800
744800
744900
744900
744900
744900
744900
744900
744900
744900
744900
745000
745000
745000
745000
745000
745000
745000
745000
745000
745100
745100
745100
745100
745100
745100
745100
745100
745100
745100
745100
745100
745200
745200
745200
745200
745200
745300
745300
745300
745300
745300
745300
745300
745300
745300
745400
745400
745400
745400
745400
745400
745400
745500
745500
745500
745500
745500
745500
745600
745600
745700
745700
745700
745700
745700
745700
745800
745800
745800
745800
745800
745800
745900
745900
745900
745900
745900
745900
745900
746000
746000
746000
746000
746000
746000
746000
746100
746100
746100
746100
746100
746200
746200
746200
746200
746200
746200
746300
746300
746300
746300
746300
746400
746400
746400
746400
746400
746400
746400
746400
746400
746500
746500
746600
746600
746600
746600
746600
746600
746600
746600
746700
746700
746700
746700
746700
746800
746800
746800
746800
746800
746800
746800
746900
746900
746900
746900
746900
746900
746900
746900
746900
746900
746900
746900
746900
746900
747000
747000
747000
747000
747000
747000
747000
747000
747100
747100
747100
747100
747100
747100
747200
747200
747200
747200
747200
747200
747200
747300
747300
747300
747300
747300
747300
747300
747300
747300
747300
747400
747400
747400
747400
747400
747400
747500
747500
747500
747500
747500
747500
747500
747600
747600
747600
747600
747600
747600
747600
747600
747600
747600
747600
747700
747700
747700
747700
747700
747700
747700
747700
747700
747800
747800
747800
747800
747800
747800
747800
747800
747800
747800
747900
747900
747900
747900
747900
747900
747900
747900
747900
747900
747900
748000
748000
748000
748000
748000
748000
748000
748000
748100
748100
748100
748100
748100
748100
748100
748200
748200
748200
748200
748200
748200
748300
748300
748300
748300
748300
748300
748300
748300
748300
748400
748400
748400
748400
748400
748400
748400
748500
748500
748500
748500
748500
748600
748600
748600
748600
748600
748600
748600
748600
748600
748600
748600
748700
748700
748700
748800
748800
748800
748800
748800
748900
748900
748900
748900
748900
748900
749000
749000
749000
749000
749000
749100
749100
749100
749100
749100
749100
749100
749200
749200
749200
749200
749200
749200
749200
749300
749300
749300
749300
749300
749300
749400
749400
749400
749400
749400
749500
749500
749500
749500
749500
749600
749600
749600
749600
749600
749600
749600
749700
749700
749700
749800
749800
749800
749900
749900
749900
749900
749900
749900
749900
749900
749900
749900
750000
750000
750000
750000
750100
750100
750100
750100
750100
750100
750100
750100
750100
750200
750200
750200
750200
750200
750300
750300
750300
750300
750300
750300
750300
750300
750400
750400
750400
750400
750400
750400
750400
750400
750500
750500
750500
750600
750600
750600
750600
750600
750600
750600
750600
750600
750600
750600
750600
750600
750600
750700
750700
750700
750700
750700
750700
750700
750800
750800
750900
750900
750900
750900
750900
750900
750900
750900
750900
750900
750900
750900
750900
751000
751000
751000
751000
751000
751100
751100
751100
751100
751100
751100
751100
751200
751200
751200
751200
751200
751200
751200
751200
751300
751300
751300
751300
751300
751300
751400
751400
751400
751400
751400
751500
751500
751500
751600
751600
751600
751600
751700
751700
751700
751700
751700
751700
751700
751700
751700
751700
751800
751800
751800
751800
751800
751900
751900
751900
751900
751900
751900
751900
752000
752000
752000
752000
752000
752100
752100
752100
752100
752100
752100
752100
752100
752100
752100
752200
752200
752200
752200
752200
752200
752200
752200
752200
752200
752200
752300
752300
752300
752300
752300
752300
752400
752400
752400
752400
752400
752400
752400
752500
752500
752500
752500
752600
752600
752600
752700
752700
752700
752700
752800
752800
752800
752800
752800
752800
752900
752900
752900
752900
752900
752900
752900
752900
752900
752900
752900
752900
753000
753000
753000
753100
753100
753100
753100
753100
753100
753100
753100
753100
753100
753100
753200
753200
753200
753200
753300
753300
753300
753300
753300
753300
753300
753400
753400
753400
753400
753500
753500
753500
753500
753500
753500
753500
753600
753600
753600
753600
753600
753600
753600
753600
753700
753700
753700
753700
753700
753700
753800
753800
753800
753800
753900
753900
753900
754000
754000
754000
754000
754000
754000
754000
754000
754100
754100
754100
754100
754100
754100
754100
754200
754200
754200
754200
754200
754200
754300
754300
754300
754300
754300
754300
754300
754300
754300
754300
754400
754400
754400
754400
754400
754400
754400
754500
754500
754500
754500
754500
754500
754500
754500
754600
754600
754600
754600
754600
754600
754600
754600
754600
754600
754700
754700
754700
754700
754700
754800
754800
754800
754800
754800
754800
754800
754800
754800
754900
754900
754900
754900
754900
754900
754900
755000
755000
755000
755000
755000
755000
755000
755000
755000
755000
755000
755100
755100
755100
755100
755200
755200
755200
755200
755200
755200
755300
755300
755300
755300
755300
755300
755300
755300
755300
755300
755400
755400
755400
755500
755500
755500
755500
755500
755500
755600
755600
755600
755700
755700
755700
755700
755700
755700
755700
755700
755700
755800
755800
755800
755900
755900
755900
755900
756000
756000
756000
756000
756100
756100
756100
756100
756100
756100
756100
756100
756200
756200
756200
756200
756200
756200
756200
756200
756200
756200
756200
756200
756200
756300
756300
756300
756300
756300
756400
756400
756400
756400
756400
756500
756500
756600
756600
756600
756600
756600
756700
756700
756700
756700
756700
756800
756800
756800
756800
756800
756800
756800
756900
756900
756900
756900
756900
756900
757000
757000
757000
757000
757000
757000
757000
757100
757100
757100
757100
757200
757200
757200
757200
757300
757300
757300
757300
757300
757300
757300
757300
757400
757400
757400
757500
757500
757600
757600
757600
757600
757600
757600
757600
757600
757700
757700
757700
757700
757700
757800
757800
757800
757800
757900
757900
757900
757900
757900
757900
758000
758000
758000
758000
758100
758100
758100
758100
758200
758200
758200
758200
758200
758200
758200
758300
758300
758300
758300
758300
758300
758400
758400
758400
758400
758400
758500
758500
758500
758500
758500
758500
758600
758600
758600
758700
758700
758700
758700
758700
758700
758800
758800
758800
758800
758800
758800
758800
758800
758800
758800
758800
758900
758900
758900
759000
759000
759000
759100
759100
759100
759100
759100
759100
759100
759200
759200
759200
759200
759200
759200
759300
759300
759300
759300
759300
759400
759400
759400
759500
759500
759500
759500
759500
759500
759500
759500
759600
759600
759700
759700
759700
759700
759800
759800
759800
759800
759900
759900
759900
759900
759900
759900
760000
760000
760000
760000
760000
760000
760100
760200
760200
760200
760200
760200
760200
760300
760300
760300
760400
760400
760400
760400
760400
760500
760500
760500
760500
760500
760500
760500
760500
760600
760600
760600
760600
760700
760700
760700
760700
760700
760800
760800
760800
760800
760900
760900
761000
761000
761000
761000
761100
761100
761100
761100
761100
761100
761100
761100
761100
761200
761200
761200
761200
761300
761300
761300
761300
761300
761300
761300
761400
761400
761400
761400
761400
761400
761500
761500
761500
761500
761500
761500
761500
761600
761600
761600
761700
761700
761700
761700
761700
761700
761700
761800
761800
761800
761800
761800
761800
761800
761800
761800
761900
761900
761900
761900
762000
762000
762000
762000
762000
762100
762100
762100
762100
762200
762200
762200
762200
762200
762200
762200
762200
762200
762300
762300
762300
762300
762300
762300
762300
762400
762400
762400
762400
762400
762400
762400
762500
762500
762500
762500
762500
762500
762600
762600
762600
762600
762600
762700
762700
762700
762800
762800
762800
762800
762900
762900
762900
762900
763000
763000
763000
763000
763100
763200
763200
763200
763200
763300
763300
763300
763400
763400
763400
763400
763400
763400
763600
763600
763800
763800
763900
763900
763900
764000
764000
764100
764100
764100
764100
764200
764200
764200
764200
764300
764300
764300
764400
764500
764500
764500
764500
764600
764600
764600
764600
764700
764700
764700
764800
764800
764800
764900
764900
764900
764900
764900
764900
764900
764900
764900
764900
765000
765100
765100
765100
765100
765100
765100
765100
765100
765100
765100
765200
765200
765200
765200
765300
765300
765400
765400
765400
765500
765500
765500
765600
765600
765600
765600
765600
765600
765600
765700
765700
765800
765800
765800
765800
765900
765900
765900
765900
765900
766000
766000
766000
766000
766000
766000
766100
766100
766100
766100
766200
766200
766200
766200
766300
766300
766300
766300
766300
766400
766400
766400
766400
766400
766400
766500
766500
766500
766500
766500
766500
766600
766600
766600
766600
766600
766600
766700
766700
766700
766700
766700
766700
766700
766700
766700
766800
766900
766900
766900
766900
766900
766900
766900
767000
767000
767000
767000
767100
767100
767100
767100
767100
767100
767100
767200
767200
767200
767300
767300
767300
767300
767400
767400
767400
767400
767400
767400
767400
767500
767600
767600
767600
767700
767700
767800
767800
767800
767900
767900
767900
767900
767900
767900
767900
767900
768000
768000
768000
768000
768000
768000
768100
768200
768200
768200
768200
768200
768300
768300
768300
768400
768400
768400
768500
768500
768500
768500
768600
768600
768600
768600
768600
768600
768700
768700
768700
768700
768700
768700
768700
768800
768800
768800
768800
768800
768900
768900
768900
768900
768900
769000
769000
769000
769000
769100
769100
769300
769300
769300
769300
769300
769400
769400
769400
769400
769400
769400
769400
769400
769500
769500
769500
769600
769600
769600
769600
769700
769700
769700
769700
769800
769800
769800
769900
769900
769900
769900
770000
770000
770000
770100
770200
770200
770300
770300
770300
770400
770400
770400
770400
770400
770400
770400
770500
770500
770500
770600
770600
770700
770700
770700
770800
770800
770800
770800
770800
770800
770900
770900
770900
771000
771000
771000
771000
771000
771000
771000
771100
771100
771100
771200
771200
771300
771300
771300
771400
771400
771400
771400
771400
771400
771400
771400
771500
771500
771500
771500
771500
771500
771600
771700
771700
771700
771700
771700
771700
771700
771700
771800
771800
771900
771900
771900
771900
772000
772000
772000
772000
772100
772100
772100
772100
772200
772200
772200
772300
772400
772400
772400
772400
772400
772400
772500
772500
772600
772600
772600
772600
772600
772600
772600
772600
772700
772700
772700
772700
772700
772800
772800
772800
772800
772800
773000
773000
773000
773000
773000
773000
773000
773000
773000
773000
773000
773100
773100
773100
773100
773200
773200
773200
773300
773300
773300
773300
773400
773400
773400
773500
773500
773500
773500
773600
773600
773600
773600
773700
773700
773800
773800
773800
773800
773900
773900
773900
773900
773900
774000
774000
774000
774100
774100
774100
774100
774200
774200
774200
774200
774300
774300
774300
774400
774400
774400
774400
774500
774500
774600
774600
774700
774700
774700
774800
774800
774800
774800
774800
774800
774800
774800
774900
774900
774900
774900
775000
775000
775000
775100
775100
775200
775300
775300
775300
775400
775400
775400
775500
775500
775500
775500
775600
775600
775600
775600
775700
775700
775700
775700
775700
775700
775800
775800
775800
775800
775800
775900
775900
775900
776000
776000
776000
776100
776100
776100
776100
776200
776200
776300
776300
776300
776400
776400
776400
776500
776500
776500
776500
776600
776600
776700
776700
776700
776800
776800
776800
776800
776800
776800
776900
777000
777000
777000
777000
777000
777000
777100
777100
777200
777200
777200
777200
777300
777300
777300
777300
777400
777400
777500
777500
777500
777500
777500
777500
777500
777600
777600
777600
777700
777700
777700
777700
777700
777700
777800
777800
777900
777900
778000
778000
778000
778000
778000
778100
778100
778100
778200
778200
778300
778300
778300
778400
778400
778400
778400
778400
778400
778400
778500
778500
778500
778500
778500
778500
778500
778600
778700
778700
778700
778700
778700
778700
778800
778800
778800
778900
778900
778900
779000
779000
779100
779200
779200
779300
779300
779300
779300
779400
779400
779400
779500
779500
779500
779500
779600
779800
779800
779800
779800
780100
780100
780100
780100
780200
780200
780300
780300
780300
780300
780400
780400
780400
780400
780500
780500
780500
780500
780600
780600
780700
780700
780700
780700
780700
780700
780800
780800
780800
780800
780800
780800
780800
780900
780900
780900
780900
780900
781000
781000
781000
781000
781100
781100
781100
781100
781200
781200
781200
781200
781300
781300
781400
781400
781400
781400
781400
781400
781500
781500
781600
781600
781600
781600
781700
781800
781800
781900
781900
782000
782000
782100
782100
782100
782300
782300
782300
782400
782400
782400
782500
782500
782500
782500
782500
782500
782500
782600
782600
782700
782700
782800
782800
782900
782900
782900
782900
782900
782900
783000
783000
783100
783100
783100
783100
783200
783200
783200
783200
783300
783300
783300
783300
783400
783400
783400
783400
783400
783500
783500
783500
783500
783500
783600
783600
783600
783600
783600
783600
783600
783700
783700
783700
783700
783800
783800
783800
784000
784000
784100
784100
784100
784200
784200
784200
784200
784300
784300
784300
784300
784300
784400
784400
784400
784500
784500
784500
784600
784600
784600
784700
784700
784800
784800
784800
784800
784800
784800
784900
784900
784900
785000
785100
785300
785300
785400
785500
785500
785500
785700
785700
785700
785700
785800
785800
785800
785800
785900
785900
785900
786000
786100
786100
786100
786200
786200
786200
786300
786300
786300
786300
786300
786500
786700
786700
786800
786800
786800
786900
786900
787000
787100
787100
787100
787100
787100
787100
787200
787200
787300
787300
787300
787300
787400
787500
787500
787500
787500
787600
787700
787700
787700
787700
787800
787800
787900
787900
787900
788000
788000
788000
788000
788000
788000
788100
788100
788200
788200
788200
788300
788300
788400
788400
788400
788500
788500
788600
788600
788600
788600
788700
788700
788800
788800
788900
789000
789000
789000
789000
789000
789100
789100
789100
789400
789400
789500
789600
789600
789700
789800
789900
789900
789900
789900
789900
789900
790000
790200
790300
790300
790300
790300
790300
790400
790400
790400
790500
790500
790500
790500
790600
790800
790800
790900
790900
790900
791300
791300
791300
791400
791400
791600
791600
791600
791600
791600
791700
791700
791800
791800
791900
791900
791900
791900
791900
792000
792000
792000
792100
792100
792100
792200
792200
792200
792200
792200
792300
792500
792600
792600
792800
792900
793000
793000
793100
793100
793200
793300
793500
793500
793500
793500
793500
793600
793600
793600
793700
793700
793700
793800
793900
793900
793900
794000
794300
794300
794400
794500
794500
794600
794600
794600
794600
794700
794700
794700
794700
794800
794800
794800
794900
795000
795000
795200
795200
795300
795300
795400
795500
795600
795600
795700
795800
795900
795900
795900
796000
796100
796100
796100
796100
796300
796300
796300
796300
796300
796300
796300
796400
796400
796400
796400
796500
796800
796900
797000
797100
797100
797200
797500
797500
797600
797600
797600
797600
797700
797700
797700
797700
797800
797900
798000
798000
798000
798100
798100
798200
798300
798300
798300
798500
798600
798600
798700
798800
798900
799200
799200
799200
799400
799500
799500
799600
799600
799700
799900
800000
800100
800100
800100
800200
800300
800300
800400
800400
800500
800500
800600
800600
800600
800700
800700
800700
800800
800900
801000
801200
801300
801300
801300
801400
801600
801600
801600
801800
801800
801900
802000
802100
802100
802300
802300
802400
802400
802500
802500
802500
802700
802700
802800
802800
802900
803000
803000
803100
803100
803100
803300
803400
803400
803500
803600
803600
803700
803700
803700
803800
803800
803900
803900
804000
804100
804100
804100
804200
804200
804200
804200
804200
804300
804400
804400
804400
804500
804500
804600
804600
804600
804700
804900
805100
805100
805100
805100
805200
805300
805500
805500
805500
805500
805600
805600
805600
805700
805700
805800
805900
805900
806000
806000
806100
806100
806200
806200
806200
806500
806600
806700
806700
806700
806800
806800
806800
806900
806900
806900
806900
807000
807000
807100
807200
807300
807400
807400
807700
807700
807700
807800
807800
807800
807900
807900
808100
808100
808200
808300
808300
808300
808400
808400
808500
808500
808500
808600
808600
808700
808700
808700
808800
808900
809000
809000
809000
809100
809200
809300
809400
809500
809500
809600
809600
809700
809700
809700
809900
809900
810000
810100
810100
810200
810400
810400
810400
810400
810500
810500
810500
810500
810600
810700
810800
810800
810800
811000
811000
811100
811100
811100
811100
811200
811200
811400
811400
811400
811400
811400
811500
811600
811700
811800
811800
811800
811900
812000
812000
812100
812200
812200
812400
812400
812500
812600
812700
812900
812900
813000
813100
813100
813100
813300
813400
813600
813700
813800
814200
814200
814200
814500
814600
814600
814800
815100
815200
815300
815300
815400
815500
815500
815600
815900
816000
816200
816200
816300
816400
816400
816600
816600
816700
816700
816800
816800
816900
817000
817300
817300
817400
817500
817500
817600
817600
817600
817800
817800
818000
818000
818100
818200
818300
818300
818400
818400
818500
818600
818800
818800
819100
819100
819100
819200
819300
819300
819300
819300
819500
819500
819500
819600
819800
819800
819900
819900
819900
820200
820200
820200
820300
820400
820500
820800
820800
820900
820900
820900
821000
821500
821500
821600
821600
822000
822000
822100
822200
822200
822200
822300
822400
823000
823300
823500
823500
823600
823600
823900
823900
824000
824200
824200
824300
824400
824500
824500
824600
825000
825000
825300
825400
825500
825600
825700
825800
825800
825800
825900
826000
826200
826200
826200
826400
826400
826600
826900
827000
827100
827200
827400
827400
827500
827600
828100
828100
828100
828200
828300
828500
828600
829000
829000
829200
829500
829500
829600
829900
829900
829900
830000
830100
830100
830200
830300
830700
831000
831100
831100
831100
831400
831400
831500
831500
831700
831700
831900
832000
832100
832400
832500
832500
832600
832700
832700
832800
832800
832900
833100
833200
833400
833500
833700
833800
833900
834100
834100
834200
834200
834200
834300
834600
834700
834900
835000
835000
835100
835100
835800
835800
835900
836100
836200
836300
836300
836500
836600
836600
836700
836700
836700
836800
836800
836800
836900
836900
837000
837000
837300
837400
837400
837700
837800
837900
838000
838200
838200
838200
838400
838500
838700
838800
838800
838900
839100
839100
839200
839200
839800
839900
840000
840200
840200
840300
840500
840800
841000
841000
841300
841300
841500
841500
841900
842000
842300
842300
842500
842700
842700
843000
843000
843100
843100
843100
843200
843700
843900
844000
844000
844100
844400
844700
845000
845400
845500
845700
845900
846000
846000
846100
846200
846200
846500
846500
846500
846900
847300
847600
848000
848100
848200
848400
848900
848900
849200
849400
850000
850100
850100
850300
850400
850400
850500
850800
851000
851200
851300
851300
851700
851800
851900
851900
852000
852000
852000
852000
852100
852600
852700
853000
853300
853400
853500
853600
853700
853700
853900
854000
854200
854200
854400
854400
854500
854600
855300
855400
855400
855400
855500
855600
855700
855900
856100
856100
856300
856400
856400
856500
856700
856800
856900
857000
857200
857400
857500
857500
857500
857700
857900
858000
858000
858200
858300
858300
858400
858600
858700
858900
859100
859300
859400
859400
859500
859600
859700
859900
860200
860700
860800
860800
860900
860900
861200
861200
861600
861800
861800
861900
862400
862400
862500
862600
863000
863100
863200
863200
863300
864000
864400
864500
864500
864700
865000
865000
865200
865500
865600
865700
865800
866000
866100
866400
866900
867000
867100
867100
867400
867400
867400
867800
867800
867900
867900
868300
868400
868700
868800
869000
869200
869600
869700
870100
870100
870200
870300
870400
870500
871700
871800
872300
872800
872800
873700
873800
873900
873900
874100
874200
874400
874800
874800
875100
875300
876000
876100
876300
876300
876600
876600
876800
876800
877200
877200
877600
878300
878400
878500
878800
878800
879200
879200
879300
879300
879500
879800
879900
880300
880700
881600
881800
881800
881900
882100
882600
882600
882700
882800
882800
882900
883200
883800
883800
884000
884300
884500
884900
885400
885400
885700
885700
885800
885900
886600
887000
887100
887200
887700
888300
888600
888800
889200
889500
889600
889800
890200
890900
891000
891000
891200
892300
892500
892600
892700
893100
893100
893200
893200
893200
894300
894300
894600
895200
895300
896400
896400
896700
896800
896900
897100
897300
897700
898600
898900
899500
899500
899700
899700
900100
901300
901500
902500
902700
903200
903500
903700
904200
904200
904200
904700
904700
904900
905000
905400
906600
906600
906800
907200
907500
907600
907700
907900
908300
909000
909200
909500
909500
909700
909800
909900
910000
910800
911400
911700
912000
912100
912600
913400
913700
914200
914300
914500
914500
914900
915100
915500
915600
915600
915700
915900
916200
916400
916400
917400
918700
919600
920300
920500
921100
921100
921400
921800
922100
922200
922200
922400
922600
922900
923000
923000
923500
924400
924700
924800
925100
925200
925600
926400
926500
927300
927300
927400
927700
928100
928200
928800
928800
929400
929600
929700
930000
930200
930400
931000
931700
932500
932700
932900
933200
933500
934000
934400
934800
935000
936600
936700
936900
938000
938100
938200
938300
938400
939900
940100
940900
941200
941300
941300
941900
942100
942300
942300
942400
942600
943300
943300
943600
943900
945400
945900
946500
947400
948100
948700
948800
948800
949700
950000
950100
950300
951100
951100
951300
951400
951700
952000
952300
952700
952800
953100
953200
953400
953500
954100
954300
954500
955500
955900
957000
957700
957800
958000
958300
958500
958900
959900
959900
961500
961700
962700
962900
963000
963500
963900
965000
965200
965600
965700
966200
966400
967100
970000
972700
974200
974200
974400
974600
974600
975100
976000
976400
976500
976800
977100
977600
977800
978300
979600
979800
980000
980300
981600
981900
982100
982700
983100
983500
983600
983900
984800
985300
985700
986700
987500
989800
990800
991700
992500
993100
996000
997000
997200
1000200
1001200
1002700
1003000
1003000
1003900
1004300
1004400
1004700
1004800
1011100
1011400
1012700
1013200
1014300
1014400
1014500
1016500
1017600
1018000
1019400
1019400
1021300
1021800
1022100
1022900
1023600
1025200
1025900
1026600
1027100
1027700
1030600
1030800
1031300
1032400
1035100
1038600
1039200
1040800
1041100
1043000
1045100
1045500
1046000
1047500
1047800
1048300
1050100
1051200
1051400
1052800
1053300
1054400
1057000
1057500
1058400
1059300
1060000
1060500
1061700
1062300
1064900
1065500
1065900
1066600
1066700
1067200
1067300
1067600
1068300
1071500
1072200
1073300
1074900
1075800
1077800
1078800
1079100
1080100
1080400
1081900
1081900
1091700
1093400
1094500
1096600
1097600
1103400
1106200
1110300
1113100
1119400
1121100
1123600
1139600
1140800
1146400
1148400
1151600
1152200
1155700
1166000
1167500
1167900
1168900
1177700
1178800
1179900
1192100
1201800
1206800
1219800
1235100
1240800
1243300
1278900
1284200
1289700
1298500
1320100
1331400
1337100
1365600
1375400
1417100
1437400
1493400
1500500
1697800
2028700
2148000
2173500
