500
660600
661800
663100
663400
663500
664700
665500
665500
665600
665700
665700
665900
666200
666300
666400
666400
666900
667200
667200
667300
667300
667300
667500
667600
667900
667900
668000
668000
668000
668200
668500
668600
668800
668800
669000
669200
669200
669300
669300
669600
669700
669800
669900
669900
670000
670100
670200
670200
670300
670400
670400
670500
670700
670700
670700
670700
670700
670900
670900
671100
671200
671300
671400
671400
671500
671500
671600
671600
671600
671700
671700
671700
671700
671800
671800
671900
672000
672100
672100
672100
672200
672200
672200
672300
672300
672500
672600
672700
672700
672700
672800
672900
672900
672900
672900
673000
673000
673000
673000
673100
673100
673200
673300
673400
673400
673400
673400
673400
673500
673500
673500
673500
673500
673600
673600
673600
673600
673600
673600
673700
673900
674000
674000
674100
674200
674200
674300
674300
674400
674400
674400
674500
674500
674500
674500
674500
674600
674600
674700
674700
674700
674800
674800
674800
674800
674800
674800
674900
674900
675000
675000
675000
675000
675000
675100
675100
675200
675200
675200
675300
675400
675400
675400
675500
675500
675600
675600
675600
675700
675700
675700
675700
675700
675900
676000
676100
676100
676100
676100
676100
676200
676300
676400
676500
676600
676600
676600
676600
676600
676600
676700
676800
676800
676800
676900
676900
677000
677000
677000
677100
677100
677200
677200
677200
677200
677200
677200
677300
677300
677400
677400
677400
677400
677500
677500
677500
677600
677600
677700
677700
677700
677700
677700
677700
677700
677800
677800
677900
677900
677900
677900
677900
678000
678100
678100
678100
678100
678200
678300
678300
678300
678500
678500
678500
678500
678500
678500
678600
678700
678700
678700
678800
678800
678800
678800
678900
678900
678900
678900
679000
679000
679000
679000
679000
679000
679100
679100
679100
679200
679200
679300
679300
679300
679300
679400
679400
679500
679500
679500
679600
679600
679600
679600
679600
679700
679700
679700
679700
679700
679800
679800
679900
679900
679900
680000
680000
680000
680000
680100
680200
680200
680200
680200
680200
680300
680300
680300
680300
680300
680300
680300
680300
680400
680400
680500
680500
680500
680500
680500
680500
680500
680600
680600
680600
680600
680600
680600
680600
680700
680700
680700
680700
680700
680800
680800
680800
680800
680800
680800
680900
680900
680900
680900
681000
681000
681000
681000
681000
681100
681100
681100
681100
681200
681200
681200
681300
681300
681300
681300
681400
681400
681400
681400
681400
681400
681500
681500
681500
681500
681500
681600
681600
681600
681700
681700
681800
681800
681800
681800
681800
681800
681800
681900
682000
682000
682100
682100
682100
682100
682100
682100
682100
682100
682100
682200
682200
682200
682200
682200
682200
682200
682300
682300
682300
682300
682400
682400
682400
682400
682400
682500
682500
682500
682500
682500
682600
682600
682600
682600
682700
682700
682700
682700
682700
682800
682800
682800
682800
682800
682900
682900
682900
682900
682900
682900
682900
682900
683000
683000
683000
683100
683100
683100
683100
683100
683200
683200
683200
683200
683300
683300
683300
683400
683400
683400
683400
683400
683400
683500
683500
683500
683600
683600
683600
683600
683700
683700
683700
683700
683700
683800
683800
683800
683800
683900
683900
683900
683900
684000
684000
684100
684100
684100
684100
684200
684300
684300
684300
684300
684400
684400
684400
684400
684500
684500
684500
684500
684600
684600
684600
684600
684600
684700
684700
684700
684800
684800
684800
684800
684900
684900
684900
684900
684900
685000
685000
685000
685000
685100
685100
685200
685200
685200
685300
685300
685300
685300
685300
685400
685500
685500
685500
685500
685600
685600
685600
685600
685700
685800
685900
685900
686000
686000
686000
686000
686000
686000
686000
686100
686100
686100
686200
686200
686200
686200
686200
686200
686200
686200
686200
686200
686200
686300
686300
686300
686400
686400
686400
686400
686400
686400
686400
686500
686600
686600
686600
686700
686700
686700
686800
686800
686800
686800
686800
686800
686900
686900
686900
687000
687100
687100
687200
687200
687200
687200
687300
687300
687300
687400
687400
687400
687400
687400
687500
687500
687500
687500
687500
687500
687500
687600
687600
687600
687600
687600
687700
687700
687700
687700
687700
687700
687800
687800
687800
687800
687800
687800
687800
687800
687800
687900
687900
687900
687900
687900
687900
687900
687900
687900
688000
688000
688000
688000
688000
688000
688000
688100
688100
688100
688100
688100
688200
688200
688200
688300
688300
688300
688300
688300
688300
688300
688300
688300
688400
688400
688400
688400
688400
688400
688500
688500
688500
688500
688500
688500
688600
688600
688600
688600
688700
688700
688700
688800
688800
688800
688900
688900
688900
689000
689000
689000
689000
689000
689100
689100
689100
689100
689100
689200
689200
689200
689200
689200
689300
689300
689300
689300
689300
689300
689400
689400
689400
689400
689400
689400
689400
689500
689500
689500
689600
689600
689600
689600
689600
689700
689700
689800
689800
689800
689800
689800
689800
689800
689900
689900
689900
689900
690000
690000
690100
690100
690100
690100
690100
690100
690100
690100
690200
690200
690200
690200
690300
690300
690300
690300
690400
690400
690400
690500
690500
690500
690500
690600
690600
690600
690600
690700
690700
690700
690700
690700
690700
690700
690700
690700
690800
690800
690800
690800
690800
690800
690900
690900
690900
690900
690900
691000
691000
691000
691000
691100
691100
691100
691200
691200
691200
691200
691200
691200
691300
691300
691300
691300
691300
691400
691400
691400
691500
691500
691500
691600
691600
691600
691600
691600
691600
691600
691600
691600
691700
691700
691700
691700
691700
691800
691800
691800
691900
691900
692000
692000
692000
692000
692000
692000
692000
692000
692100
692100
692100
692100
692100
692100
692200
692200
692200
692200
692300
692300
692300
692400
692400
692400
692500
692500
692500
692500
692500
692500
692600
692600
692600
692600
692600
692700
692700
692700
692800
692800
692800
692800
692800
692800
692800
692900
692900
692900
692900
693000
693000
693000
693100
693100
693100
693200
693200
693200
693200
693200
693200
693200
693300
693300
693300
693300
693300
693300
693400
693400
693400
693400
693500
693500
693500
693600
693600
693600
693600
693700
693700
693700
693700
693700
693800
693800
693900
693900
693900
693900
693900
694000
694000
694000
694000
694000
694000
694100
694100
694100
694200
694200
694200
694200
694200
694300
694300
694300
694300
694300
694300
694400
694400
694400
694400
694400
694400
694400
694400
694400
694500
694500
694600
694600
694600
694600
694600
694600
694600
694700
694700
694700
694700
694700
694800
694800
694800
694800
694800
694900
694900
694900
694900
694900
695000
695000
695100
695100
695100
695100
695200
695200
695200
695300
695300
695300
695400
695400
695400
695400
695400
695400
695500
695500
695500
695500
695500
695500
695600
695600
695600
695700
695700
695700
695800
695800
695800
695800
695800
695800
695800
695900
695900
695900
695900
695900
696000
696000
696000
696000
696100
696100
696100
696100
696100
696100
696100
696200
696200
696200
696300
696300
696300
696300
696400
696400
696400
696400
696500
696500
696500
696600
696600
696600
696600
696700
696700
696700
696700
696700
696700
696800
696800
696800
696800
696800
696800
696900
696900
696900
696900
697000
697000
697000
697100
697100
697100
697100
697100
697100
697200
697200
697200
697200
697300
697300
697300
697400
697400
697400
697400
697400
697400
697500
697500
697500
697500
697500
697600
697600
697700
697700
697700
697700
697700
697700
697800
697800
697800
697900
697900
697900
697900
698000
698000
698000
698000
698000
698000
698000
698000
698100
698100
698100
698100
698100
698100
698100
698100
698200
698200
698200
698200
698200
698200
698300
698300
698300
698300
698300
698400
698400
698500
698500
698500
698600
698600
698600
698600
698700
698700
698800
698800
698800
698800
698800
698800
698800
698800
698800
698900
698900
698900
698900
699000
699000
699000
699000
699000
699100
699100
699100
699100
699100
699200
699200
699200
699200
699200
699200
699300
699300
699300
699400
699400
699500
699500
699500
699500
699500
699500
699500
699500
699500
699600
699600
699600
699600
699600
699600
699600
699600
699700
699700
699700
699700
699700
699700
699700
699700
699700
699700
699800
699800
699800
699900
699900
699900
699900
699900
699900
699900
699900
699900
700000
700000
700000
700000
700000
700000
700000
700000
700100
700100
700100
700100
700100
700100
700200
700200
700200
700200
700200
700200
700200
700300
700300
700300
700300
700400
700400
700400
700400
700400
700400
700400
700400
700500
700500
700500
700500
700500
700500
700500
700600
700600
700600
700600
700600
700600
700600
700700
700700
700700
700700
700700
700700
700700
700700
700800
700800
700800
700800
700800
700800
700800
700900
700900
700900
700900
700900
700900
700900
700900
700900
700900
701000
701000
701000
701000
701000
701000
701100
701100
701100
701100
701100
701200
701300
701300
701300
701300
701400
701400
701400
701400
701400
701500
701500
701500
701500
701500
701600
701600
701600
701600
701600
701600
701600
701600
701700
701700
701700
701700
701700
701700
701700
701800
701800
701800
701800
701900
701900
701900
701900
701900
701900
702000
702000
702000
702000
702100
702100
702100
702100
702100
702100
702200
702200
702200
702300
702300
702300
702300
702300
702300
702400
702400
702400
702400
702400
702500
702500
702500
702500
702500
702500
702500
702500
702500
702500
702600
702600
702600
702600
702600
702700
702800
702800
702800
702800
702800
702800
702800
702800
702800
702900
702900
702900
702900
702900
702900
703000
703000
703000
703000
703000
703100
703100
703100
703100
703100
703100
703100
703100
703100
703100
703200
703200
703300
703300
703400
703400
703500
703600
703600
703700
703700
703700
703700
703700
703700
703800
703800
703800
703800
703900
703900
703900
703900
703900
703900
703900
704000
704000
704000
704100
704100
704100
704100
704100
704100
704100
704100
704100
704200
704200
704200
704200
704300
704300
704300
704300
704300
704400
704400
704400
704500
704500
704500
704500
704500
704500
704500
704500
704500
704500
704500
704500
704600
704600
704600
704600
704600
704700
704700
704800
704800
704800
704800
704800
704900
704900
704900
704900
704900
705000
705000
705100
705100
705100
705100
705100
705200
705200
705200
705200
705200
705300
705300
705400
705400
705400
705400
705400
705400
705500
705500
705500
705500
705600
705600
705600
705600
705600
705700
705700
705700
705700
705700
705800
705800
705800
705800
705900
705900
705900
705900
705900
705900
706000
706000
706000
706000
706100
706100
706100
706100
706200
706200
706300
706300
706300
706300
706300
706400
706400
706400
706400
706400
706400
706400
706400
706500
706500
706500
706600
706600
706600
706700
706700
706700
706700
706700
706700
706700
706800
706800
706800
706800
706800
706800
706800
706900
706900
706900
706900
706900
706900
706900
707000
707000
707100
707100
707100
707100
707100
707200
707200
707200
707200
707200
707200
707200
707200
707200
707300
707300
707300
707300
707300
707400
707400
707400
707400
707400
707400
707500
707500
707600
707600
707600
707600
707600
707600
707600
707600
707700
707700
707700
707800
707800
707800
707800
707800
707900
707900
707900
707900
707900
708000
708000
708000
708000
708100
708100
708100
708100
708100
708200
708200
708200
708300
708300
708300
708300
708300
708300
708400
708400
708500
708500
708500
708500
708600
708600
708600
708600
708600
708700
708700
708700
708800
708800
708800
708800
708800
708800
708800
708800
708800
708900
708900
708900
708900
709000
709000
709000
709000
709000
709100
709100
709100
709100
709100
709100
709100
709200
709200
709200
709300
709300
709300
709400
709400
709400
709400
709500
709500
709600
709600
709600
709600
709700
709700
709700
709700
709700
709800
709800
709800
709900
709900
710000
710000
710000
710000
710000
710100
710100
710100
710200
710200
710200
710200
710200
710200
710200
710300
710300
710300
710300
710300
710300
710300
710300
710300
710300
710400
710400
710400
710400
710500
710500
710500
710500
710500
710500
710500
710500
710600
710600
710600
710700
710700
710700
710700
710700
710700
710700
710800
710800
710800
710800
710800
710800
710800
710800
710800
710800
710900
710900
710900
710900
710900
710900
710900
710900
710900
711000
711000
711100
711100
711100
711100
711100
711100
711200
711200
711200
711200
711200
711200
711300
711300
711300
711300
711300
711300
711300
711300
711300
711400
711500
711500
711500
711500
711500
711500
711500
711600
711600
711600
711600
711600
711600
711600
711600
711600
711600
711600
711700
711700
711700
711700
711800
711800
711800
711800
711800
711800
711800
711800
711900
711900
711900
712000
712000
712000
712000
712000
712100
712100
712100
712100
712100
712100
712100
712100
712200
712200
712200
712200
712200
712300
712300
712300
712300
712300
712300
712300
712300
712300
712300
712400
712400
712400
712500
712500
712500
712500
712500
712500
712500
712500
712500
712500
712600
712600
712600
712600
712600
712700
712700
712700
712800
712800
712800
712800
712800
712900
712900
712900
712900
712900
712900
712900
712900
713000
713000
713000
713000
713000
713000
713100
713100
713100
713100
713100
713100
713200
713200
713200
713200
713200
713200
713300
713300
713300
713300
713300
713300
713400
713400
713400
713400
713400
713500
713500
713500
713500
713500
713500
713500
713500
713600
713600
713600
713700
713700
713700
713700
713700
713800
713800
713800
713800
713800
713800
713900
713900
713900
713900
714000
714000
714000
714000
714000
714000
714000
714100
714100
714100
714100
714100
714100
714200
714200
714200
714200
714200
714200
714200
714200
714200
714300
714300
714300
714300
714300
714300
714400
714400
714400
714400
714400
714500
714500
714500
714500
714500
714500
714500
714500
714500
714600
714600
714600
714600
714600
714700
714700
714700
714700
714700
714700
714700
714800
714800
714800
714800
714800
714800
714800
714800
714800
714800
714800
714900
714900
714900
714900
714900
714900
714900
714900
714900
715000
715000
715000
715000
715000
715000
715000
715000
715000
715100
715100
715100
715100
715100
715100
715100
715100
715200
715200
715200
715200
715200
715200
715200
715200
715200
715200
715300
715300
715300
715400
715400
715400
715500
715500
715500
715500
715500
715500
715500
715500
715500
715500
715600
715600
715600
715600
715600
715700
715700
715700
715700
715700
715700
715700
715700
715700
715800
715800
715800
715800
715800
715800
715800
715800
715800
715800
715800
715800
715900
715900
715900
715900
715900
715900
715900
716000
716000
716000
716000
716000
716000
716000
716000
716000
716000
716000
716000
716100
716100
716100
716100
716100
716100
716100
716100
716100
716100
716100
716200
716200
716200
716300
716300
716300
716300
716300
716300
716300
716300
716400
716400
716400
716400
716500
716500
716500
716500
716500
716600
716600
716600
716600
716600
716600
716600
716600
716600
716600
716600
716700
716700
716700
716700
716700
716700
716700
716700
716700
716800
716800
716800
716800
716800
716800
716800
716900
716900
716900
716900
716900
716900
716900
716900
716900
716900
717000
717000
717000
717000
717000
717000
717100
717100
717100
717100
717100
717200
717200
717200
717200
717200
717200
717300
717300
717300
717300
717300
717300
717400
717400
717400
717400
717400
717500
717500
717500
717500
717500
717500
717500
717600
717600
717600
717600
717600
717600
717600
717700
717700
717700
717700
717800
717800
717800
717800
717800
717900
717900
717900
717900
717900
717900
717900
717900
717900
718000
718000
718000
718000
718000
718000
718100
718100
718100
718100
718100
718100
718100
718100
718100
718100
718200
718200
718200
718200
718200
718200
718200
718200
718200
718300
718300
718300
718300
718300
718400
718400
718400
718400
718400
718500
718500
718600
718600
718600
718600
718600
718600
718600
718600
718700
718700
718700
718700
718700
718700
718700
718700
718700
718700
718800
718800
718800
718800
718800
718800
718800
718800
718800
718900
718900
718900
718900
718900
718900
718900
718900
718900
718900
718900
718900
719000
719000
719000
719000
719000
719000
719000
719100
719100
719100
719100
719100
719200
719200
719200
719200
719200
719200
719200
719200
719200
719200
719300
719300
719300
719300
719400
719400
719400
719400
719400
719400
719500
719500
719500
719500
719500
719500
719600
719600
719600
719600
719600
719600
719600
719600
719600
719600
719600
719700
719700
719700
719700
719700
719800
719800
719800
719800
719800
719800
719800
719800
719900
719900
719900
719900
719900
719900
719900
720000
720000
720100
720100
720100
720100
720100
720100
720100
720200
720200
720200
720200
720200
720300
720300
720300
720300
720300
720300
720300
720300
720300
720300
720400
720400
720400
720400
720400
720400
720400
720400
720400
720400
720400
720400
720400
720400
720400
720500
720500
720500
720500
720500
720500
720500
720500
720600
720600
720600
720600
720600
720600
720700
720700
720700
720700
720700
720700
720700
720800
720800
720800
720800
720800
720800
720800
720800
720800
720800
720800
720800
720800
720800
720800
720900
720900
720900
720900
720900
720900
720900
721000
721000
721000
721000
721000
721000
721000
721000
721100
721100
721100
721100
721100
721100
721100
721100
721100
721200
721200
721200
721200
721200
721200
721200
721300
721300
721300
721300
721300
721300
721300
721300
721300
721400
721400
721400
721400
721400
721400
721400
721400
721400
721400
721400
721400
721400
721400
721400
721500
721500
721500
721500
721500
721500
721500
721600
721700
721700
721700
721700
721700
721700
721700
721800
721800
721800
721800
721800
721800
721800
721800
721800
721900
721900
721900
721900
721900
721900
721900
721900
721900
722000
722000
722000
722000
722000
722000
722000
722000
722000
722000
722100
722100
722100
722100
722100
722100
722100
722200
722200
722200
722200
722200
722200
722200
722200
722200
722300
722300
722300
722300
722300
722300
722300
722400
722400
722400
722400
722400
722400
722400
722500
722500
722500
722500
722500
722500
722500
722500
722500
722500
722500
722500
722600
722600
722600
722600
722600
722600
722600
722700
722700
722700
722700
722700
722700
722700
722700
722800
722800
722800
722800
722800
722800
722900
722900
722900
722900
722900
722900
722900
723000
723000
723000
723000
723000
723100
723100
723100
723100
723100
723100
723100
723100
723200
723200
723200
723200
723200
723200
723200
723200
723300
723300
723300
723300
723300
723300
723300
723300
723300
723300
723300
723300
723400
723400
723400
723400
723400
723400
723400
723400
723500
723500
723500
723500
723500
723600
723700
723700
723700
723700
723700
723700
723700
723700
723700
723700
723800
723800
723800
723800
723800
723800
723800
723800
723800
723900
723900
723900
723900
723900
723900
723900
723900
724000
724000
724000
724000
724000
724000
724100
724100
724100
724100
724100
724100
724100
724200
724200
724200
724200
724200
724200
724200
724200
724200
724300
724300
724300
724400
724400
724400
724400
724400
724400
724400
724400
724400
724400
724400
724400
724400
724500
724500
724500
724500
724500
724500
724500
724600
724600
724600
724700
724700
724700
724700
724700
724800
724800
724800
724800
724800
724800
724800
724900
724900
724900
724900
724900
724900
724900
724900
724900
724900
725000
725000
725000
725000
725000
725000
725100
725100
725100
725100
725100
725100
725100
725100
725200
725200
725200
725200
725200
725200
725300
725300
725300
725300
725300
725300
725300
725300
725400
725400
725400
725400
725400
725400
725400
725400
725400
725400
725500
725500
725500
725500
725500
725500
725500
725500
725600
725600
725600
725600
725600
725600
725700
725700
725700
725700
725800
725800
725800
725800
725800
725900
725900
725900
725900
726000
726000
726000
726000
726000
726000
726000
726000
726000
726100
726100
726100
726100
726100
726100
726100
726100
726100
726200
726200
726200
726200
726200
726300
726300
726300
726300
726300
726300
726300
726300
726300
726300
726400
726400
726400
726400
726400
726400
726400
726400
726400
726400
726400
726400
726500
726500
726500
726500
726500
726500
726500
726500
726500
726500
726500
726600
726600
726600
726600
726600
726600
726600
726700
726700
726700
726700
726700
726700
726700
726700
726700
726700
726700
726700
726700
726700
726800
726800
726800
726800
726800
726800
726800
726900
726900
726900
726900
726900
726900
727000
727000
727000
727000
727000
727000
727000
727000
727000
727000
727000
727100
727100
727100
727200
727200
727200
727200
727200
727200
727200
727300
727300
727300
727300
727300
727300
727300
727300
727300
727400
727400
727400
727500
727500
727500
727500
727500
727500
727500
727500
727500
727600
727600
727600
727600
727600
727600
727600
727600
727600
727600
727700
727700
727700
727700
727700
727700
727700
727700
727700
727800
727800
727800
727800
727800
727800
727800
727800
727800
727900
727900
727900
727900
727900
728000
728000
728000
728000
728000
728000
728000
728000
728000
728000
728000
728000
728000
728100
728100
728100
728100
728100
728100
728100
728100
728100
728200
728200
728200
728200
728200
728200
728200
728200
728200
728200
728200
728300
728300
728300
728300
728400
728400
728400
728400
728500
728500
728500
728500
728500
728500
728500
728600
728600
728600
728700
728700
728700
728800
728800
728800
728800
728800
728800
728800
728800
728800
728900
728900
728900
728900
728900
728900
729000
729000
729000
729000
729000
729000
729000
729000
729000
729000
729000
729100
729100
729100
729100
729100
729100
729100
729100
729100
729100
729100
729100
729200
729200
729200
729200
729200
729200
729200
729200
729200
729300
729300
729300
729300
729300
729300
729300
729300
729300
729300
729300
729400
729400
729400
729400
729400
729400
729400
729400
729400
729400
729400
729500
729500
729500
729500
729500
729500
729600
729600
729600
729600
729600
729600
729700
729700
729700
729700
729700
729700
729700
729800
729800
729800
729800
729900
729900
729900
729900
729900
729900
730000
730000
730000
730000
730000
730000
730000
730100
730100
730100
730100
730100
730100
730200
730200
730200
730200
730200
730200
730200
730200
730300
730300
730300
730300
730300
730300
730300
730300
730300
730300
730300
730400
730400
730400
730400
730400
730400
730400
730500
730500
730500
730500
730500
730500
730600
730600
730600
730600
730600
730600
730600
730600
730600
730600
730600
730700
730700
730700
730700
730700
730700
730800
730800
730800
730800
730800
730800
730800
730800
730900
730900
730900
730900
730900
730900
731000
731000
731000
731000
731000
731000
731000
731000
731000
731000
731000
731100
731100
731100
731100
731100
731200
731200
731200
731200
731200
731200
731300
731300
731300
731300
731300
731300
731300
731400
731400
731400
731400
731400
731400
731500
731500
731500
731500
731500
731500
731500
731500
731500
731500
731500
731500
731600
731600
731600
731600
731600
731600
731600
731700
731700
731700
731700
731700
731700
731700
731700
731700
731800
731800
731800
731800
731800
731800
731800
731800
731900
731900
731900
731900
731900
731900
731900
732000
732000
732000
732000
732100
732100
732100
732100
732100
732200
732200
732200
732300
732300
732300
732300
732300
732300
732300
732400
732400
732400
732400
732400
732400
732400
732400
732400
732400
732400
732500
732500
732500
732500
732500
732500
732500
732500
732500
732500
732500
732600
732600
732600
732600
732600
732700
732700
732700
732700
732700
732700
732700
732700
732700
732800
732800
732800
732800
732800
732800
732900
732900
732900
732900
732900
732900
733000
733000
733000
733000
733000
733000
733000
733000
733000
733000
733100
733100
733100
733100
733100
733100
733200
733200
733200
733200
733200
733200
733200
733200
733200
733200
733200
733200
733200
733300
733300
733300
733300
733300
733300
733300
733400
733400
733400
733400
733400
733400
733400
733400
733400
733400
733400
733400
733400
733500
733500
733500
733500
733500
733500
733600
733600
733600
733600
733600
733600
733600
733700
733700
733700
733700
733700
733800
733800
733800
733800
733800
733800
733800
733800
733800
733800
733900
733900
733900
733900
733900
733900
733900
733900
733900
733900
733900
734000
734000
734000
734000
734000
734000
734100
734100
734100
734100
734100
734100
734100
734100
734100
734200
734200
734200
734200
734200
734200
734200
734200
734200
734300
734300
734300
734300
734300
734300
734300
734300
734300
734300
734400
734400
734400
734400
734400
734400
734400
734400
734400
734400
734400
734400
734400
734500
734500
734500
734500
734500
734500
734600
734600
734600
734600
734600
734600
734600
734600
734700
734700
734700
734700
734700
734700
734700
734700
734700
734700
734700
734700
734800
734800
734800
734800
734800
734800
734800
734800
734800
734800
734800
734800
734800
734800
734800
734900
734900
734900
734900
734900
734900
734900
734900
735000
735000
735000
735000
735000
735000
735000
735100
735100
735100
735100
735100
735100
735100
735100
735100
735100
735200
735200
735200
735200
735200
735200
735200
735200
735200
735200
735200
735200
735200
735200
735200
735300
735300
735300
735300
735300
735300
735300
735300
735300
735400
735400
735400
735400
735400
735400
735400
735500
735500
735500
735600
735600
735600
735600
735600
735600
735600
735600
735600
735600
735600
735600
735700
735700
735700
735700
735700
735700
735700
735700
735800
735800
735800
735800
735800
735900
735900
735900
735900
735900
735900
735900
735900
735900
735900
735900
736000
736000
736000
736000
736000
736100
736100
736200
736200
736200
736300
736300
736300
736300
736300
736300
736300
736300
736300
736300
736300
736300
736300
736400
736400
736400
736400
736400
736400
736400
736400
736400
736500
736500
736500
736500
736500
736500
736500
736500
736500
736500
736600
736600
736600
736600
736600
736600
736600
736600
736600
736600
736600
736700
736700
736700
736700
736700
736700
736800
736800
736800
736800
736800
736800
736800
736800
736800
736800
736800
736800
736800
736800
736900
736900
736900
736900
736900
736900
736900
737000
737000
737000
737000
737000
737000
737000
737000
737000
737000
737100
737100
737100
737100
737100
737100
737100
737100
737100
737200
737200
737200
737200
737200
737200
737300
737300
737300
737300
737300
737300
737300
737300
737300
737300
737300
737300
737400
737400
737400
737500
737500
737500
737500
737500
737500
737500
737600
737600
737600
737600
737700
737700
737700
737700
737700
737700
737700
737700
737700
737800
737800
737800
737800
737800
737800
737800
737800
737800
737800
737900
737900
737900
737900
737900
737900
737900
738000
738000
738000
738000
738000
738000
738000
738000
738000
738000
738000
738100
738100
738100
738100
738100
738100
738100
738100
738100
738100
738100
738100
738200
738200
738200
738200
738200
738200
738200
738200
738200
738200
738300
738300
738300
738300
738300
738300
738300
738300
738300
738300
738300
738300
738300
738400
738400
738400
738400
738400
738400
738400
738400
738500
738500
738500
738500
738500
738600
738600
738600
738600
738600
738700
738700
738700
738700
738700
738700
738700
738700
738800
738800
738800
738800
738800
738800
738900
738900
738900
738900
738900
738900
738900
739000
739000
739000
739000
739000
739000
739000
739000
739000
739100
739100
739100
739100
739100
739100
739100
739100
739100
739100
739200
739200
739200
739200
739200
739200
739200
739300
739300
739300
739300
739300
739300
739300
739400
739400
739500
739500
739500
739500
739500
739500
739600
739600
739600
739600
739600
739600
739700
739700
739700
739700
739700
739700
739800
739800
739800
739800
739800
739900
739900
739900
739900
740000
740000
740000
740000
740000
740000
740100
740100
740100
740100
740100
740100
740200
740200
740200
740200
740200
740200
740200
740200
740200
740200
740200
740200
740200
740200
740200
740200
740200
740200
740300
740300
740300
740300
740300
740300
740300
740300
740400
740400
740400
740400
740400
740500
740500
740500
740500
740500
740500
740500
740500
740600
740600
740600
740600
740600
740600
740700
740700
740700
740700
740700
740700
740700
740800
740800
740800
740800
740800
740800
740800
740900
740900
740900
740900
740900
740900
740900
740900
740900
740900
740900
740900
740900
741000
741000
741000
741000
741000
741000
741000
741100
741100
741100
741100
741100
741100
741100
741200
741200
741200
741200
741200
741200
741200
741200
741200
741200
741200
741200
741300
741300
741300
741300
741300
741300
741300
741300
741400
741400
741400
741400
741400
741400
741400
741500
741500
741500
741500
741500
741500
741500
741500
741500
741500
741500
741600
741600
741600
741600
741600
741600
741600
741600
741600
741600
741600
741600
741600
741700
741700
741700
741700
741800
741800
741800
741800
741800
741800
741800
741900
741900
741900
741900
741900
741900
741900
741900
741900
741900
741900
741900
741900
742000
742000
742000
742000
742000
742000
742100
742100
742100
742100
742100
742100
742100
742100
742200
742200
742200
742200
742200
742200
742200
742200
742200
742300
742300
742300
742300
742300
742300
742300
742300
742300
742400
742400
742400
742500
742500
742500
742500
742500
742500
742500
742500
742500
742500
742600
742600
742600
742600
742600
742600
742600
742600
742700
742700
742700
742700
742700
742700
742800
742800
742800
742800
742900
742900
742900
742900
742900
742900
742900
742900
743000
743000
743000
743000
743000
743000
743000
743000
743000
743100
743100
743100
743100
743100
743100
743100
743100
743100
743200
743200
743200
743200
743300
743300
743300
743300
743300
743300
743400
743400
743400
743400
743400
743400
743500
743500
743500
743500
743500
743500
743500
743500
743500
743600
743600
743600
743600
743600
743600
743700
743700
743700
743700
743700
743700
743700
743700
743800
743800
743800
743800
743800
743800
743800
743800
743900
743900
743900
743900
743900
743900
743900
743900
744000
744000
744000
744000
744000
744000
744000
744100
744100
744100
744100
744100
744200
744200
744200
744200
744200
744200
744300
744300
744300
744300
744300
744300
744300
744300
744300
744400
744400
744400
744400
744400
744400
744400
744500
744500
744500
744600
744600
744600
744600
744600
744600
744600
744600
744600
744600
744600
744600
744600
744700
744700
744700
744700
744700
744700
744700
744800
744800
744800
744800
744800
744800
744800
744800
744900
744900
744900
744900
744900
744900
745000
745000
745000
745000
745000
745000
745000
745100
745100
745100
745200
745200
745200
745200
745200
745300
745300
745300
745300
745300
745300
745400
745400
745400
745400
745400
745400
745400
745500
745500
745500
745500
745600
745600
745600
745600
745600
745600
745600
745600
745700
745700
745700
745700
745700
745800
745800
745800
745800
745800
745800
745800
745800
745800
745800
745800
745800
745900
745900
745900
745900
745900
745900
745900
745900
745900
746000
746000
746100
746100
746100
746100
746200
746200
746200
746200
746200
746200
746200
746200
746200
746200
746300
746300
746300
746300
746300
746300
746300
746300
746300
746400
746400
746500
746500
746500
746500
746500
746500
746500
746600
746600
746600
746600
746600
746600
746600
746600
746700
746700
746700
746700
746700
746800
746800
746800
746800
746800
746800
746800
746800
746800
746800
746900
746900
746900
746900
746900
746900
747000
747000
747000
747000
747000
747000
747000
747100
747100
747100
747100
747100
747100
747200
747200
747200
747200
747200
747200
747200
747200
747200
747300
747300
747300
747300
747300
747300
747400
747400
747400
747400
747400
747400
747400
747400
747500
747500
747500
747500
747500
747600
747600
747600
747600
747600
747600
747600
747600
747700
747700
747700
747700
747700
747700
747800
747800
747800
747800
747800
747800
747800
747800
747900
747900
747900
747900
748000
748000
748000
748000
748000
748000
748000
748000
748100
748100
748100
748100
748100
748200
748200
748200
748200
748200
748200
748200
748300
748300
748300
748300
748300
748300
748400
748400
748400
748500
748500
748500
748500
748500
748500
748500
748500
748500
748600
748600
748600
748700
748700
748700
748700
748700
748700
748700
748800
748800
748800
748800
748800
748900
748900
748900
748900
749000
749000
749000
749000
749000
749000
749000
749100
749100
749100
749100
749200
749200
749200
749200
749200
749200
749200
749200
749200
749200
749300
749300
749300
749300
749300
749300
749300
749300
749400
749400
749500
749500
749500
749500
749600
749600
749600
749600
749600
749600
749600
749600
749600
749700
749700
749700
749700
749700
749800
749800
749800
749800
749800
749800
749800
749800
749800
749800
749900
749900
749900
749900
749900
749900
750000
750000
750000
750000
750000
750000
750000
750000
750000
750100
750100
750200
750200
750200
750200
750200
750200
750200
750200
750200
750200
750300
750300
750300
750400
750400
750400
750400
750400
750500
750500
750500
750500
750600
750600
750600
750600
750600
750600
750600
750600
750700
750700
750700
750800
750800
750800
750800
750800
750900
750900
750900
750900
750900
750900
750900
750900
751000
751000
751000
751000
751100
751100
751200
751200
751200
751200
751300
751300
751300
751400
751400
751400
751400
751400
751400
751400
751500
751500
751500
751500
751600
751600
751600
751600
751600
751700
751700
751700
751700
751700
751800
751800
751800
751800
751800
751900
751900
751900
751900
751900
751900
751900
752000
752000
752000
752100
752100
752100
752100
752100
752100
752100
752100
752200
752200
752200
752200
752200
752200
752300
752300
752300
752300
752300
752400
752400
752400
752400
752400
752400
752500
752500
752500
752500
752500
752500
752500
752500
752500
752500
752600
752600
752600
752600
752600
752600
752600
752600
752700
752700
752700
752700
752800
752800
752800
752800
752800
752800
752800
752900
752900
752900
752900
752900
752900
753000
753000
753100
753100
753100
753100
753200
753200
753200
753200
753200
753200
753200
753200
753200
753300
753300
753300
753300
753300
753400
753400
753400
753400
753500
753500
753500
753500
753500
753500
753600
753600
753600
753600
753600
753600
753700
753700
753700
753700
753800
753800
753800
753800
753800
753900
753900
753900
753900
753900
753900
753900
754000
754000
754000
754000
754000
754000
754100
754100
754100
754100
754100
754100
754200
754200
754200
754200
754200
754200
754200
754200
754200
754300
754300
754300
754300
754300
754400
754400
754400
754400
754400
754400
754400
754500
754500
754500
754500
754500
754500
754500
754500
754500
754500
754500
754600
754600
754600
754600
754600
754600
754700
754700
754700
754700
754700
754700
754800
754800
754800
754800
754800
754900
754900
754900
754900
755000
755000
755000
755000
755000
755000
755000
755100
755100
755100
755100
755100
755100
755100
755100
755100
755100
755200
755200
755200
755300
755300
755300
755300
755300
755400
755400
755400
755400
755400
755500
755500
755500
755500
755500
755600
755600
755600
755600
755700
755700
755700
755700
755700
755700
755800
755800
755800
755800
755800
755800
755900
755900
755900
755900
756000
756000
756000
756000
756100
756100
756100
756100
756100
756100
756200
756200
756200
756200
756200
756200
756200
756300
756300
756400
756400
756500
756500
756500
756500
756600
756600
756600
756600
756700
756700
756700
756700
756700
756700
756800
756800
756800
756800
756800
756900
756900
756900
756900
756900
757000
757000
757000
757000
757100
757100
757100
757100
757100
757100
757100
757100
757200
757200
757200
757200
757200
757300
757300
757300
757300
757300
757300
757400
757500
757500
757500
757500
757500
757500
757500
757500
757500
757500
757600
757600
757600
757600
757600
757600
757700
757700
757700
757700
757700
757700
757700
757700
757800
757800
757800
757900
757900
757900
758000
758000
758000
758000
758000
758000
758100
758100
758100
758100
758100
758200
758200
758300
758300
758300
758300
758300
758300
758300
758300
758400
758400
758400
758500
758600
758600
758600
758600
758600
758700
758700
758800
758800
758900
759000
759000
759000
759000
759000
759000
759100
759100
759100
759100
759100
759100
759200
759200
759200
759200
759200
759200
759200
759300
759300
759300
759300
759300
759300
759300
759400
759400
759400
759500
759500
759500
759600
759600
759600
759600
759700
759700
759700
759700
759700
759700
759800
759800
759800
759800
759800
759800
759800
759900
760000
760000
760000
760000
760100
760100
760200
760200
760200
760200
760200
760200
760300
760300
760300
760300
760400
760400
760400
760400
760400
760400
760400
760400
760500
760500
760600
760600
760700
760700
760700
760800
760800
760800
760800
760900
760900
760900
760900
760900
760900
761000
761000
761000
761000
761000
761000
761100
761100
761100
761100
761100
761200
761200
761200
761200
761300
761300
761300
761300
761300
761400
761400
761400
761400
761400
761400
761400
761400
761500
761500
761500
761500
761600
761600
761600
761600
761600
761600
761600
761700
761700
761700
761700
761700
761700
761700
761700
761700
761700
761700
761800
761800
761800
761800
761800
761900
761900
761900
761900
762000
762000
762000
762000
762000
762100
762100
762100
762100
762100
762100
762100
762100
762100
762100
762200
762200
762200
762300
762300
762300
762300
762300
762300
762400
762400
762400
762400
762400
762500
762500
762500
762600
762600
762600
762600
762700
762700
762700
762700
762700
762700
762700
762700
762800
762800
762800
762800
762800
762900
762900
762900
762900
762900
762900
762900
762900
763000
763000
763000
763000
763100
763100
763200
763200
763200
763200
763200
763200
763200
763300
763300
763300
763300
763300
763400
763400
763400
763500
763500
763600
763600
763600
763600
763600
763600
763600
763700
763700
763700
763700
763700
763700
763800
763800
763800
763800
763800
763900
763900
763900
763900
764000
764000
764000
764100
764100
764100
764200
764200
764200
764200
764200
764200
764300
764300
764300
764300
764400
764400
764400
764400
764400
764400
764400
764400
764400
764400
764500
764500
764500
764600
764600
764600
764600
764600
764700
764700
764700
764700
764700
764700
764700
764700
764700
764800
764800
764800
764800
764800
764800
764800
764900
764900
764900
765000
765000
765000
765000
765000
765000
765000
765100
765100
765100
765100
765100
765100
765100
765200
765200
765200
765300
765300
765300
765300
765300
765400
765400
765400
765400
765400
765500
765600
765600
765600
765600
765700
765700
765700
765700
765800
765800
765800
765800
765800
765900
765900
765900
765900
766000
766000
766000
766000
766100
766100
766100
766100
766100
766100
766100
766200
766200
766200
766200
766200
766300
766300
766300
766300
766300
766400
766400
766400
766400
766500
766500
766500
766500
766600
766600
766600
766800
766800
766800
766900
766900
766900
766900
766900
766900
766900
767000
767000
767000
767000
767100
767100
767100
767200
767200
767200
767200
767200
767200
767300
767300
767300
767300
767300
767400
767400
767400
767500
767500
767500
767500
767500
767500
767600
767600
767600
767700
767700
767700
767700
767700
767700
767800
767800
767800
767800
767800
767800
767800
767900
767900
767900
767900
768000
768000
768000
768000
768000
768100
768100
768100
768100
768200
768200
768200
768200
768200
768300
768300
768300
768300
768300
768300
768400
768400
768400
768400
768500
768500
768500
768600
768600
768600
768600
768600
768700
768700
768700
768700
768700
768700
768800
768800
768800
768800
768800
768900
768900
768900
768900
768900
768900
769000
769000
769000
769000
769000
769000
769100
769100
769100
769200
769200
769200
769200
769300
769300
769300
769300
769300
769300
769300
769300
769400
769400
769400
769400
769400
769400
769500
769500
769600
769600
769600
769600
769600
769700
769700
769700
769700
769800
769800
769800
769800
769800
769900
769900
769900
770000
770000
770000
770100
770100
770200
770200
770200
770200
770200
770200
770200
770300
770300
770300
770300
770400
770400
770400
770400
770400
770400
770400
770400
770400
770500
770500
770700
770700
770700
770800
770800
770800
770800
770900
770900
770900
770900
771000
771000
771100
771100
771100
771200
771200
771200
771300
771300
771300
771300
771400
771400
771400
771400
771500
771500
771500
771500
771500
771500
771500
771500
771500
771500
771600
771600
771600
771700
771700
771700
771700
771700
771700
771900
771900
771900
771900
771900
772000
772000
772000
772000
772000
772000
772000
772000
772000
772000
772100
772100
772100
772100
772100
772100
772200
772200
772200
772200
772200
772200
772300
772300
772300
772300
772300
772300
772300
772400
772400
772400
772500
772600
772600
772600
772600
772700
772700
772700
772700
772700
772800
772800
772800
772800
772800
772800
772900
772900
772900
772900
772900
772900
773000
773000
773000
773000
773000
773100
773100
773200
773200
773200
773300
773300
773300
773300
773300
773400
773400
773400
773400
773500
773500
773500
773500
773500
773600
773600
773600
773600
773600
773600
773600
773600
773700
773800
773800
773800
773800
773800
773800
773900
773900
774000
774000
774000
774000
774100
774100
774100
774100
774100
774100
774100
774100
774200
774300
774300
774300
774400
774400
774400
774400
774400
774500
774500
774500
774500
774600
774600
774600
774600
774600
774600
774600
774700
774700
774700
774700
774800
774800
774800
774900
774900
774900
774900
775000
775000
775000
775000
775000
775100
775100
775100
775200
775200
775300
775300
775300
775400
775500
775500
775500
775500
775500
775600
775600
775700
775700
775700
775700
775700
775800
775800
775800
775800
775800
775800
775800
775900
775900
775900
775900
775900
776000
776000
776000
776000
776100
776200
776200
776200
776200
776200
776200
776300
776300
776300
776400
776400
776500
776500
776500
776500
776500
776500
776600
776600
776600
776600
776600
776600
776600
776600
776700
776700
776800
776800
776800
776800
776800
776900
776900
776900
777000
777000
777000
777000
777000
777000
777100
777100
777200
777200
777200
777200
777200
777300
777300
777300
777300
777300
777400
777400
777400
777400
777400
777600
777600
777600
777600
777600
777700
777700
777700
777700
777700
777700
777700
777800
777800
777800
777900
777900
777900
777900
777900
777900
777900
777900
777900
778000
778000
778000
778100
778100
778100
778100
778200
778200
778200
778200
778300
778300
778300
778300
778300
778300
778400
778400
778400
778400
778500
778500
778500
778500
778500
778500
778600
778600
778600
778700
778800
778800
778800
778800
778900
778900
778900
778900
778900
778900
779000
779000
779000
779000
779100
779100
779100
779200
779200
779200
779300
779300
779300
779300
779400
779400
779400
779400
779400
779400
779400
779400
779400
779400
779500
779500
779500
779600
779600
779600
779600
779700
779700
779700
779700
779700
779700
779800
779800
779800
779800
779800
779800
779800
779900
779900
779900
780000
780000
780000
780000
780000
780000
780100
780100
780100
780100
780100
780100
780200
780200
780200
780200
780300
780300
780300
780400
780400
780400
780500
780500
780500
780500
780600
780600
780600
780600
780700
780700
780800
780800
780800
780800
780800
780800
780900
780900
780900
780900
780900
780900
781000
781000
781000
781000
781000
781000
781000
781000
781100
781100
781100
781100
781100
781200
781200
781300
781300
781400
781400
781400
781400
781500
781500
781500
781500
781500
781500
781500
781600
781600
781600
781600
781600
781600
781700
781700
781700
781700
781700
781800
781800
781800
781800
781800
781900
781900
781900
782000
782000
782000
782000
782000
782100
782100
782200
782200
782200
782200
782200
782300
782300
782300
782300
782300
782400
782400
782400
782500
782500
782600
782600
782600
782600
782600
782600
782800
782800
782900
782900
782900
783000
783000
783000
783100
783100
783100
783100
783100
783100
783100
783100
783100
783200
783200
783300
783300
783300
783300
783400
783400
783500
783600
783700
783700
783700
783700
783700
783700
783800
783800
783800
783800
783900
783900
783900
784000
784000
784000
784100
784100
784100
784100
784100
784200
784200
784200
784200
784200
784200
784300
784300
784300
784300
784400
784400
784400
784400
784400
784400
784500
784500
784600
784600
784700
784700
784700
784700
784700
784700
784700
784800
784800
784800
784900
784900
784900
784900
784900
785000
785000
785100
785100
785100
785100
785200
785200
785200
785200
785200
785200
785200
785300
785300
785400
785400
785400
785400
785400
785500
785600
785600
785700
785700
785700
785700
785800
785900
785900
785900
785900
785900
786000
786000
786000
786100
786100
786100
786100
786100
786200
786200
786200
786200
786200
786300
786400
786400
786400
786400
786500
786500
786500
786500
786600
786600
786600
786600
786600
786700
786700
786700
786800
786800
786800
786800
786900
786900
786900
786900
786900
787000
787000
787000
787000
787100
787100
787100
787100
787200
787200
787200
787300
787300
787300
787300
787300
787400
787400
787400
787500
787500
787500
787500
787500
787500
787600
787600
787600
787600
787700
787700
787700
787700
787700
787700
787700
787800
787800
787800
787800
787800
787800
787800
787800
787900
787900
787900
788000
788000
788000
788100
788100
788100
788100
788200
788200
788200
788300
788400
788500
788500
788600
788600
788700
788700
788700
788800
788800
788800
788800
788900
788900
788900
789000
789000
789100
789100
789200
789200
789200
789300
789300
789400
789400
789400
789500
789500
789500
789500
789600
789600
789700
789700
789700
789800
789800
790000
790000
790000
790100
790100
790200
790200
790200
790300
790300
790300
790300
790300
790300
790400
790400
790400
790500
790500
790500
790600
790600
790600
790600
790600
790600
790700
790800
790800
790800
790800
790800
790800
790900
790900
790900
791000
791000
791100
791100
791100
791100
791100
791100
791100
791200
791200
791200
791200
791300
791300
791400
791400
791400
791500
791500
791500
791500
791500
791600
791600
791600
791700
791700
791700
791800
791800
791800
791800
791900
791900
791900
792000
792000
792100
792100
792200
792300
792400
792400
792500
792500
792500
792600
792600
792600
792600
792700
792800
792800
792800
792800
792900
792900
792900
792900
793000
793100
793100
793100
793200
793200
793200
793200
793200
793200
793300
793300
793400
793400
793400
793400
793500
793500
793500
793600
793600
793600
793700
793700
793800
793800
793800
793800
793900
793900
794000
794000
794000
794100
794100
794100
794100
794100
794200
794300
794300
794300
794300
794300
794400
794500
794500
794500
794500
794600
794600
794600
794600
794600
794700
794800
794800
794800
794800
794900
794900
794900
795000
795000
795100
795100
795100
795200
795200
795300
795400
795500
795500
795500
795500
795500
795600
795600
795700
795700
795700
795700
795800
795800
795800
796000
796000
796000
796000
796000
796000
796100
796100
796200
796200
796200
796200
796300
796300
796300
796300
796400
796400
796500
796500
796500
796500
796600
796700
796700
796700
796700
796700
796700
796800
796800
796800
796900
796900
796900
796900
796900
797000
797100
797200
797200
797200
797200
797200
797200
797300
797300
797300
797400
797400
797400
797400
797500
797500
797500
797500
797600
797600
797700
797800
797800
797900
798100
798200
798200
798200
798200
798200
798300
798300
798300
798400
798400
798400
798400
798500
798600
798600
798600
798700
798700
798800
798800
798800
798900
798900
798900
798900
798900
799000
799100
799200
799200
799200
799300
799400
799400
799500
799500
799600
799600
799600
799700
799700
799700
799700
799800
799800
799800
799800
799900
799900
800000
800100
800100
800200
800200
800300
800300
800300
800300
800400
800400
800400
800500
800500
800600
800800
800800
800800
800800
800800
800900
800900
801000
801000
801000
801000
801100
801100
801100
801100
801100
801100
801200
801200
801300
801300
801400
801400
801400
801400
801400
801400
801500
801600
801600
801600
801800
801800
801800
801900
801900
801900
801900
802000
802000
802000
802100
802100
802100
802200
802300
802300
802400
802400
802400
802500
802500
802600
802600
802600
802600
802600
802700
802900
802900
802900
803000
803100
803100
803200
803200
803300
803300
803300
803300
803400
803500
803500
803500
803500
803500
803500
803600
803600
803600
803700
803700
803700
803800
803800
803800
803800
803900
803900
804000
804000
804000
804000
804000
804100
804200
804300
804400
804400
804400
804500
804500
804500
804500
804600
804600
804600
804700
804700
804700
804800
804800
804900
804900
804900
805100
805100
805100
805200
805200
805200
805200
805200
805300
805300
805300
805300
805400
805500
805500
805600
805600
805600
805800
805800
805900
805900
806000
806000
806100
806100
806100
806200
806300
806300
806300
806300
806400
806400
806400
806500
806600
806600
806600
806600
806700
806900
807000
807000
807000
807100
807100
807100
807200
807200
807300
807300
807300
807400
807500
807600
807700
807700
807700
807700
807800
807800
808000
808000
808000
808000
808100
808100
808200
808200
808200
808300
808400
808400
808400
808500
808500
808600
808600
808800
808800
808800
808800
808800
808800
808800
808900
809000
809000
809000
809000
809000
809000
809300
809400
809400
809400
809500
809500
809500
809700
809700
809700
809800
809800
809900
809900
809900
810000
810000
810000
810100
810200
810200
810300
810300
810400
810400
810400
810500
810500
810600
810600
810600
810600
810600
810700
810800
810800
810800
810900
810900
811000
811000
811000
811000
811100
811100
811100
811100
811200
811300
811300
811400
811500
811500
811500
811500
811500
811600
811600
811600
811600
811600
811700
811700
811800
811800
811900
811900
812000
812000
812100
812100
812100
812300
812300
812400
812400
812400
812400
812400
812400
812400
812700
812800
812800
812800
812800
812900
812900
812900
812900
813000
813000
813000
813000
813000
813100
813100
813100
813100
813200
813200
813200
813200
813300
813300
813300
813400
813400
813500
813500
813500
813500
813600
813600
813700
813700
813700
813700
813700
813800
813900
813900
813900
813900
813900
814000
814000
814000
814100
814300
814300
814400
814400
814400
814400
814400
814500
814500
814500
814600
814600
814600
814800
814800
814800
814800
814800
814900
814900
815000
815000
815000
815000
815100
815100
815200
815200
815200
815200
815300
815300
815400
815400
815500
815600
815600
815700
815700
815900
816000
816000
816100
816200
816300
816400
816400
816500
816600
816600
816600
816700
816800
816800
816800
816900
817000
817000
817000
817000
817100
817200
817200
817200
817300
817300
817400
817700
817700
817700
817800
817800
817800
817800
817800
817800
818100
818100
818200
818200
818300
818400
818400
818400
818400
818400
818500
818500
818500
818600
818600
818600
818700
818800
818900
818900
819000
819000
819000
819100
819100
819100
819100
819100
819200
819200
819300
819300
819400
819400
819400
819400
819400
819500
819500
819600
819700
819700
819800
819900
820000
820000
820000
820100
820100
820100
820100
820100
820200
820300
820400
820500
820500
820600
820900
821100
821100
821400
821400
821400
821500
821500
821600
821700
821800
821900
822100
822100
822100
822200
822200
822200
822200
822300
822300
822400
822400
822400
822500
822500
822500
822700
822800
822900
822900
823000
823000
823100
823100
823200
823200
823200
823200
823300
823300
823300
823500
823500
823500
823500
823700
823700
823800
823800
823900
823900
824000
824000
824000
824000
824100
824200
824200
824300
824400
824400
824400
824400
824500
824500
824500
824600
824600
824700
824700
824800
824900
824900
824900
824900
825000
825000
825000
825100
825100
825200
825300
825300
825300
825400
825500
825600
825700
825700
825800
825900
826000
826000
826100
826100
826100
826100
826100
826200
826200
826200
826300
826400
826400
826500
826600
826800
826900
826900
827000
827000
827000
827000
827000
827100
827100
827200
827200
827200
827300
827300
827300
827300
827500
827600
827600
827800
828000
828000
828200
828200
828300
828300
828300
828400
828500
828500
828500
828600
828700
828700
828800
828800
828800
828800
828800
828900
828900
828900
829000
829000
829100
829100
829200
829200
829200
829300
829300
829400
829500
829500
829500
829500
829600
829800
829900
829900
829900
830000
830000
830000
830100
830100
830200
830200
830600
830600
830700
830700
830700
830900
830900
831000
831100
831100
831100
831200
831200
831200
831400
831600
831800
831900
831900
831900
831900
832000
832000
832000
832000
832100
832100
832200
832200
832300
832300
832400
832500
832600
832700
832700
832800
832900
832900
832900
832900
833000
833000
833000
833100
833100
833100
833200
833200
833200
833400
833400
833500
833500
833600
833600
833800
833900
834000
834000
834000
834000
834100
834100
834200
834200
834200
834300
834300
834300
834500
834500
834500
834600
834700
834700
834800
834900
834900
834900
834900
835000
835100
835200
835200
835200
835200
835300
835300
835400
835400
835400
835400
835500
835500
835500
835600
835600
835600
835700
835700
835700
835800
835800
835800
835800
835900
835900
835900
836200
836300
836300
836300
836400
836400
836400
836400
836500
836600
836700
836700
836800
837000
837000
837100
837100
837200
837200
837300
837500
837600
837600
837700
837700
837700
837900
837900
838100
838100
838100
838200
838300
838300
838400
838500
838500
838700
838700
838800
838900
838900
838900
838900
839000
839000
839100
839100
839100
839100
839100
839100
839100
839100
839300
839300
839300
839400
839400
839500
839500
839500
839600
839700
839700
839800
839900
840000
840100
840300
840300
840300
840300
840300
840400
840800
840900
841000
841000
841000
841200
841200
841300
841400
841400
841500
841500
841600
841600
841700
841800
842100
842200
842300
842300
842300
842500
842600
842700
842700
842700
842700
842700
842800
842900
842900
843200
843300
843500
843600
843700
843700
843800
843800
844000
844300
844400
844400
844400
844400
844400
844400
844400
844500
844600
844700
844700
844800
844800
844800
845000
845000
845300
845400
845400
845500
845600
845800
845800
846000
846000
846000
846000
846200
846200
846200
846300
846300
846400
846500
846500
846600
846600
846600
846600
846600
846700
846900
847000
847000
847100
847200
847200
847300
847400
847500
847600
847600
847700
847800
847800
847800
847800
847900
847900
848100
848300
848500
848600
848600
848600
848700
848700
848800
848800
849000
849100
849100
849200
849400
849400
849600
849700
849800
849800
850000
850100
850100
850300
850300
850300
850400
850400
850500
850500
850500
850600
850600
850700
850700
850800
850800
850900
851000
851200
851200
851200
851400
851600
851700
851700
852000
852000
852000
852200
852200
852300
852300
852300
852400
852500
852500
852500
852600
852600
852700
852700
852700
852800
852800
852800
852800
852800
853000
853100
853200
853300
853400
853400
853600
853600
853700
853800
854000
854000
854200
854200
854200
854200
854400
854400
854400
854500
854500
854500
854600
854600
854700
854700
854800
854800
854800
854900
855200
855200
855300
855400
855500
855500
855600
855800
855800
856000
856300
856300
856300
856500
856600
856800
856800
856900
856900
857000
857000
857100
857100
857200
857200
857200
857300
857500
857500
857600
857600
857600
857700
857700
857800
857800
858100
858100
858100
858200
858300
858500
858700
858800
858800
858800
858900
859000
859000
859100
859100
859100
859200
859200
859400
859500
859500
859800
859800
860100
860100
860100
860100
860200
860200
860200
860300
860300
860300
860800
860900
861100
861200
861300
861300
861400
861500
861500
861500
861600
861600
861700
861700
861800
861800
861800
861800
861800
861900
862000
862100
862100
862200
862200
862300
862400
862500
862600
862700
862800
862900
863100
863200
863300
863300
863500
863600
863600
863700
863700
863800
863800
863900
863900
864100
864100
864200
864200
864400
864600
864600
864600
864700
864800
864900
865000
865100
865100
865100
865200
865200
865200
865300
865400
865500
865500
865600
865600
865700
865800
865800
865800
865900
866000
866000
866200
866200
866200
866200
866300
866500
866500
866600
866700
866700
866700
866800
866800
866800
866800
866900
867100
867100
867100
867200
867300
867400
867500
867600
867600
867700
867700
867800
867800
867900
868000
868100
868200
868300
868600
868600
868600
868800
868900
868900
868900
869000
869000
869000
869400
869500
869500
869700
869800
869900
869900
870000
870100
870300
870600
870700
870700
870900
871000
871100
871200
871200
871300
871400
871500
871500
871600
871700
871800
871800
872000
872200
872200
872300
872300
872300
872400
872500
872500
872600
872900
873100
873200
873200
873200
873400
873800
873800
873900
874000
874000
874100
874200
874200
874300
874400
874600
874600
874700
874800
874900
874900
874900
874900
875000
875100
875100
875100
875200
875200
875200
875200
875200
875300
875400
875500
875500
875600
875600
875800
875800
875900
876000
876000
876000
876100
876100
876200
876200
876300
876300
876300
876400
876400
876500
876800
877200
877200
877300
877300
877300
877300
877400
877500
877500
877700
877800
877800
877800
877800
878100
878200
878200
878300
878300
878300
878400
878400
878500
878500
878600
878600
878900
878900
878900
878900
879100
879200
879200
879200
879200
879300
879400
879700
879700
880000
880200
880200
880200
880200
880200
880400
880500
880500
880600
880600
880700
880800
881000
881000
881100
881200
881300
881400
881400
881500
881600
881600
881700
881800
881800
881800
881900
882000
882300
882400
882400
882500
882500
882600
882600
882700
882800
882800
882900
882900
882900
883200
883300
883300
883300
883400
883600
883700
883800
884000
884000
884300
884300
884400
884500
884600
884700
884800
884800
884800
884900
884900
885000
885200
885200
885300
885500
885500
885600
885600
885600
885600
885800
885900
885900
885900
886000
886000
886100
886300
886300
886300
886400
886500
886600
886600
886800
886800
886800
886900
886900
886900
887000
887100
887300
887500
887500
887700
887700
887700
887800
888000
888100
888200
888200
888300
888300
888600
888600
888600
888700
888800
888800
888800
888800
889000
889100
889100
889100
889500
889500
889600
889700
889700
889800
889800
890000
890100
890200
890400
890400
890400
890500
890500
890500
890700
890800
891000
891000
891100
891100
891200
891200
891200
891500
891600
891700
891700
891800
891800
891900
892000
892100
892100
892300
892400
892500
892500
892500
892700
892800
892800
892800
892800
892800
892900
892900
893200
893300
893400
893400
893400
893500
893600
893700
893700
893800
893900
894000
894300
894600
894900
894900
895100
895200
895300
895400
895500
895600
895600
895700
895800
895900
896000
896200
896200
896400
896400
896400
896500
896600
896800
897000
897200
897300
897300
897600
897700
897700
898000
898000
898000
898100
898100
898200
898200
898200
898400
898500
898700
898800
898900
899100
899100
899200
899300
899400
899400
899600
899700
900000
900200
900300
900400
900400
901100
901400
901400
901500
901500
901600
901900
902000
902000
902000
902100
902100
902100
902200
902200
902200
902300
902300
902400
902400
902400
902700
903000
903000
903100
903100
903300
903400
903700
903800
903900
904000
904100
904400
904400
904500
904600
904600
904600
904900
905100
905200
905400
905400
905600
905700
906000
906100
906100
906200
906300
906300
906600
906800
906900
907400
907400
907500
907600
907600
907600
907600
907700
907900
907900
908000
908100
908100
908200
908300
908400
908500
908700
908800
908800
908900
909300
909300
909400
909600
909800
909900
910000
910000
910400
910500
910800
911200
911300
911300
911400
911400
911400
911700
911700
911800
911900
911900
911900
912000
912000
912100
912300
912600
912800
912900
913000
913200
913500
913500
913500
913700
913700
913800
913800
913900
914200
914200
914300
914400
914400
914500
914500
914700
914800
915000
915500
916000
916000
916400
916700
916800
916900
917000
917000
917300
917500
917500
917800
917800
917800
917800
917800
917900
918000
918000
918400
918500
918600
918600
918800
918800
918800
918800
918900
918900
918900
919000
919300
919500
919900
919900
919900
920100
920100
920100
921000
921000
921300
921400
921400
921500
921800
921800
921900
922500
922600
922600
922800
922800
923000
923000
923100
923300
923500
923700
923800
923800
924000
924800
924800
924800
924900
924900
924900
925400
925400
925500
925500
925700
925900
926200
926400
926400
926500
926700
926700
926800
927100
927200
927400
927600
927600
927700
927700
927700
927800
927900
928500
928500
928900
929000
929300
929400
929400
929400
929500
929500
929500
929600
929600
929600
929600
929700
929700
929900
930100
930200
930500
930500
930600
930600
930800
930900
931200
931200
931300
931300
931400
931400
931400
931600
931700
932000
932100
932300
932400
932400
932500
932900
932900
932900
933100
933300
933300
933400
933500
933500
933600
933600
933900
934000
934000
934100
934200
934200
934200
934500
934500
934500
934500
934600
934600
934700
934700
934800
934800
934900
934900
934900
935000
935300
935300
935400
935700
935700
935700
935800
935900
936100
936200
936200
936800
936800
936900
937000
937100
937200
937300
937500
937600
937700
937700
937900
938000
938000
938300
938300
938300
938400
939000
939200
939400
939700
939900
940000
940200
940300
940300
940500
940600
940700
940900
941200
941300
941400
941700
941800
941900
941900
942100
942400
942400
942600
943500
943600
943700
943800
943900
944100
944100
944400
944400
944500
944900
944900
944900
945000
945200
945300
945400
945500
945600
945800
945900
946100
946600
946700
946900
947100
947200
947300
947300
947400
947500
947600
947700
947800
948100
948100
948200
948500
948500
948600
948600
948700
948700
948700
948800
949000
949100
949200
949400
949600
949800
949900
950000
950200
950200
950700
951100
951300
951400
951800
952000
952200
952600
952600
952700
952900
953200
953200
953300
953500
953600
953600
953700
953700
953800
953800
954100
954100
954100
954200
954200
954300
954400
954500
954800
954800
955000
955000
955500
955500
955700
955900
956200
956200
956600
956600
956900
956900
957000
957000
957100
957100
957200
957600
957800
958000
958100
958500
958500
958600
958600
958800
958900
959100
959100
959200
959400
959600
959700
959900
959900
959900
960000
960000
960100
960100
960400
960500
960600
960700
960800
960900
961000
961200
961200
961400
961400
961500
961600
961600
961900
961900
962100
962400
962400
962600
962800
962800
963200
963600
963700
963700
964000
964200
964200
964200
964800
965100
965200
965200
965700
965800
966000
966000
966400
966400
966800
967000
967200
967200
967300
967400
967400
967400
967500
967600
967600
967900
967900
967900
968300
968400
968500
968500
968600
969200
969300
969300
969400
969800
969900
970000
970300
970300
970600
970800
970800
971000
971000
971200
971200
971300
971700
971900
972000
972100
972300
972300
972400
972500
972900
973400
973700
973900
973900
973900
974000
974500
974600
974900
975000
975300
975400
975500
976100
976400
976400
976500
976900
977000
977100
977600
977600
977600
978100
978300
978400
978500
978600
978600
978700
978800
978900
979600
980100
980400
980800
981400
981400
981500
981600
981600
981800
982000
982300
982400
982400
982500
982600
982700
982800
983200
983300
983600
983700
983700
983900
984000
984000
984100
984300
984400
984600
984700
984800
985100
985600
985600
985700
986100
986100
986700
987100
987600
987600
987800
988200
988700
988900
989000
989100
989400
989500
989600
989700
989700
989800
990000
990100
990200
990700
990800
990800
990800
990800
991000
991000
991200
991200
991400
991500
991700
991900
992000
992000
992100
992500
992700
993000
993300
993400
993400
993500
993700
993800
993900
993900
994100
994200
994300
994600
994600
994800
994900
994900
994900
994900
995200
995200
995300
995700
995900
995900
996200
996300
996400
996500
996600
996700
997200
997400
997500
997500
997900
998000
998200
998200
998800
999100
999200
999300
999600
999900
1000000
1000500
1000600
1000800
1001100
1001200
1001500
1001700
1001900
1001900
1002000
1002200
1002300
1002500
1002500
1002600
1002700
1002900
1003300
1003500
1003900
1003900
1004100
1004100
1004300
1004400
1004700
1005200
1005400
1005400
1005500
1005900
1005900
1005900
1006100
1006400
1006500
1006700
1006700
1006800
1006900
1007000
1008300
1008400
1009200
1009300
1009700
1009700
1009700
1010400
1010500
1010600
1010800
1011100
1011500
1011700
1011900
1012100
1012400
1012500
1012600
1012700
1012800
1013000
1013200
1013300
1013900
1014000
1014100
1014100
1014200
1014400
1014700
1015400
1015900
1016200
1016500
1016600
1017400
1017600
1017600
1017700
1017700
1018000
1018100
1018200
1018300
1018400
1018600
1018600
1019100
1019600
1019900
1020700
1020900
1021300
1021500
1021600
1021900
1022000
1022200
1022200
1022200
1022400
1022600
1022600
1023000
1023400
1023500
1023500
1023800
1024200
1024400
1024400
1024500
1024600
1024900
1025300
1025400
1025700
1025800
1026000
1026500
1026500
1026800
1026900
1027600
1028000
1028300
1028400
1028500
1028900
1029100
1029200
1029400
1029500
1029800
1029800
1030200
1030500
1030800
1031300
1031400
1031600
1032000
1032200
1032300
1032600
1033000
1033100
1033400
1033500
1033700
1033800
1033800
1033900
1034300
1034300
1034400
1034900
1035100
1035100
1035200
1035500
1035500
1035800
1036300
1036700
1036800
1036800
1037200
1037200
1037200
1037800
1037800
1037800
1038200
1038400
1038500
1038600
1039000
1039100
1039500
1039500
1039700
1039800
1039900
1040100
1040200
1040300
1041800
1042200
1042200
1042500
1042500
1042500
1042800
1042900
1043200
1043200
1043300
1043700
1044100
1044300
1044500
1044700
1044700
1044800
1045200
1045300
1045800
1046100
1046700
1047300
1047500
1047500
1048000
1048500
1048600
1048700
1048800
1048900
1048900
1049000
1049300
1049300
1049500
1049600
1049700
1049800
1049800
1051000
1051400
1051500
1051800
1052200
1052900
1053100
1053400
1053500
1053700
1053900
1054300
1054400
1054900
1055400
1055400
1055700
1055800
1055900
1056000
1056200
1056500
1056500
1056700
1057000
1057100
1057300
1057400
1057400
1057500
1057500
1057900
1058200
1059100
1059100
1059800
1059900
1060000
1060200
1060400
1060700
1061200
1061800
1062600
1062600
1062900
1063100
1063400
1063800
1063900
1064300
1064900
1065400
1066400
1066500
1066600
1067200
1067600
1067700
1068200
1068400
1068400
1068900
1069700
1070600
1070800
1070900
1070900
1071000
1071200
1071400
1071700
1072000
1072100
1072600
1074000
1074300
1074700
1074800
1075000
1075400
1075700
1075700
1076500
1076700
1076800
1077200
1077300
1078600
1078600
1079100
1079100
1079100
1079200
1080000
1080000
1080000
1080100
1080200
1080400
1080400
1080800
1081200
1081400
1081500
1081800
1081800
1082000
1082400
1082400
1083300
1084300
1084400
1084400
1085000
1085700
1086800
1087000
1087300
1087600
1088200
1088400
1089000
1089300
1089900
1090100
1090300
1091100
1091600
1092700
1092900
1093000
1093200
1093500
1093900
1093900
1094500
1094500
1095100
1096000
1096000
1096200
1096900
1096900
1097300
1097900
1098000
1098200
1098700
1099000
1099200
1100000
1100400
1100600
1100900
1102900
1103000
1103200
1103300
1103600
1104000
1104200
1104400
1105500
1105600
1105800
1107200
1107300
1108700
1109100
1110800
1111000
1111300
1111500
1112600
1112700
1112800
1113400
1113700
1114200
1114500
1114500
1114900
1115000
1117100
1118000
1118300
1118300
1119100
1120200
1121400
1121400
1121800
1121900
1122500
1122600
1123000
1123800
1123900
1124000
1124300
1124300
1124700
1125200
1125800
1126100
1126500
1126800
1126800
1128400
1128500
1129600
1130000
1130200
1130900
1131100
1131700
1132700
1133100
1133300
1134400
1134900
1135000
1136100
1136700
1137100
1137200
1137600
1138800
1139000
1139000
1139200
1139200
1139500
1139800
1140400
1141400
1142100
1142500
1142500
1142700
1143000
1143300
1143800
1144000
1144200
1144400
1145400
1145400
1146400
1147100
1147600
1148100
1148800
1150000
1150500
1151500
1152700
1153100
1154000
1154100
1154200
1154800
1155300
1156500
1156900
1157900
1159000
1159600
1159800
1159900
1161900
1162700
1163300
1163800
1163900
1164100
1164300
1164700
1164900
1167500
1168000
1168100
1168200
1169800
1169800
1170100
1172100
1173400
1173700
1174100
1174500
1175300
1176300
1176800
1177100
1177200
1177300
1177800
1178800
1179600
1180800
1182600
1182700
1185300
1185700
1185700
1186300
1186500
1186800
1186900
1187500
1187900
1188300
1189100
1190300
1190400
1191700
1192600
1192600
1193900
1195300
1195800
1196700
1196900
1197200
1197500
1199100
1199600
1199700
1200400
1201200
1201400
1202900
1204300
1204800
1205300
1205400
1205700
1206000
1206400
1208100
1208600
1208900
1210200
1210800
1211800
1212100
1214200
1215800
1217400
1219100
1219500
1220000
1220400
1221000
1221300
1221700
1222400
1222600
1223000
1223900
1225200
1226200
1226300
1227200
1227900
1227900
1228200
1229500
1229600
1229600
1230900
1232200
1232600
1234200
1235100
1235300
1235600
1236800
1237000
1237100
1237400
1238200
1238900
1241700
1242500
1244200
1245000
1246100
1246600
1248000
1249300
1249800
1250300
1252200
1252400
1252500
1252800
1253000
1253700
1253800
1254700
1254900
1255000
1255500
1255700
1256300
1256300
1256600
1257500
1260100
1260400
1261300
1263000
1266400
1267300
1267900
1268100
1269400
1270800
1272800
1274300
1274900
1278800
1279200
1279400
1280100
1281900
1283500
1284200
1286200
1288500
1290100
1291700
1292200
1292900
1294400
1294600
1294800
1295000
1295100
1295400
1296200
1298100
1298500
1298500
1298600
1298900
1302000
1302300
1303800
1305700
1306300
1312700
1316000
1317000
1317600
1319600
1319700
1320000
1320500
1324100
1324700
1326300
1327500
1328100
1328200
1330900
1332200
1333200
1336000
1339000
1341900
1343100
1345600
1345600
1348200
1348300
1351300
1351400
1351700
1353000
1353500
1358200
1359600
1364800
1364900
1366500
1366900
1367000
1370400
1372800
1377200
1382100
1383200
1383400
1386900
1393100
1394100
1394400
1394700
1394900
1403200
1406600
1406700
1409600
1410300
1414400
1414600
1419000
1420000
1426000
1426200
1426200
1427800
1428900
1433000
1434600
1436100
1438000
1438200
1440700
1441000
1443200
1446800
1449200
1451900
1452900
1457400
1464400
1468800
1473000
1473600
1474200
1474300
1480200
1481800
1496000
1499800
1500200
1501600
1503300
1505900
1512600
1513700
1514000
1528500
1532900
1534200
1537900
1541200
1542900
1543100
1550300
1567100
1572800
1577300
1582100
1583900
1599200
1611300
1623200
1628800
1645800
1651800
1657300
1667600
1669000
1684700
1686000
1692300
1706000
1714800
1720800
1722400
1740700
1764500
1775200
1776100
1786400
1794100
1799000
1806200
1820600
1821300
1825500
1842700
1843800
1846000
1862500
1862500
1899400
1903400
1919700
1925000
1926500
1944600
1955000
1964200
1975600
1978100
1980700
1986900
1987000
2021900
2032100
2039600
2047400
2066700
2079600
2122600
2156200
2160300
2161600
2189200
2193100
2240700
2270900
2303500
2334500
2339200
2340000
2341500
2343000
2357900
2414400
2416900
2481800
2506500
2535400
2575200
2610100
2617300
2620800
2692900
2699500
2753500
2762000
2808800
2862000
2888000
2932000
3031700
3074100
3094500
3152700
3166300
3190500
3198600
3220700
3236100
3261200
3279400
3346000
3417900
3449500
3451000
3467900
3468100
3572000
3603400
3652400
3667500
3673700
3708400
3824100
3843400
4036500
4036500
4110500
4203400
4558100
4637900
4666000
4827700
5009800
5012500
5186300
5532400
5633700
5687500
5766700
6416100
6528700
7532700
7693500
7843500
8137900
8403400
8411000
8487200
8587900
9012900
9543800
9964000
10317400
10335700
10580800
10781200
10802000
11033700
11205700
14687800
21242400
25891400
