7202500
6931600
7134300
6901900
6994900
6846400
6926600
6891600
6979300
6842600
6950700
7093300
6862900
6958600
6838400
6945200
6792600
6987300
7240300
7227500
7016000
6889700
6863800
6873100
6880300
6768200
7219900
6926600
6972100
6893100
6801400
6959700
6775900
6973100
6891100
6808800
9617800
7132300
6890400
6868700
6940700
6851100
6911400
6831800
6941000
6906500
7113300
6950900
6933800
6961600
6931300
6945100
6786400
6930600
7006300
6960400
6862100
6876500
6959000
6792400
6944600
6970100
6964700
6902500
6915700
6956200
6916600
6920700
6854600
7038000
6827000
6913600
6893100
6835200
6905400
6871900
6900000
6945600
6971300
6942400
7044400
6926100
6841500
7143100
6848200
7008800
6929600
7041700
6835400
7047700
6817800
6826000
6981000
6789500
6943400
6893300
6942200
6901000
7137300
6867700
6954700
6963200
6846600
7217100
6793100
7027700
6873000
6939300
7197500
6941800
6831700
6876400
7537100
6875700
6867800
6877400
6927500
6901800
7013400
7342500
6842500
7040300
6868100
7039200
6994700
6998800
7115100
6837400
6954400
6868700
7097100
6775700
7053300
6957500
6871200
6830000
6999700
6880800
6973700
6989100
7070100
7334400
6884800
7280100
6961900
7035000
7220600
7250900
7164600
7201800
6930500
6943600
7208400
7127300
7330400
7093700
7014600
6878500
7005900
6868000
6919900
6868600
6792500
6922500
6885500
6857400
6872600
6960100
6861800
6924600
7110300
6986900
6963800
6952500
7187800
6850100
6996000
6950400
6932100
9557000
6810600
6996000
6927000
7020400
6873000
7024200
6926000
6898600
6882300
7117200
6891500
7085600
7052800
6809200
7054600
7020300
7111100
7019000
6756400
7028800
6916800
7044900
6849200
6948300
6822600
7045900
6804500
6850600
6946400
6958200
6902500
6878500
6981200
6849500
6856100
6954800
6946400
6979700
6849200
6990200
6867500
6888200
6890500
6926500
6979700
6816900
7178600
7033500
6995900
7048700
6850600
6775000
6868500
6983700
6853800
6966000
6841600
7002400
7019100
7018700
6950700
6927400
7044800
7079100
6981800
6900700
7075500
6862900
7086700
6903800
6987500
7144500
6992800
6994300
6924700
6992800
7015900
7055300
6783200
6968600
7290600
7097700
6824100
6854600
7090400
6826400
7207900
6794800
7205200
6875400
6842100
6951200
6959500
7063400
6786000
6997100
6909900
7024600
6898200
6855100
6924700
6822700
6841600
6899700
6909100
6780300
6880100
6994300
6829600
7024700
6907800
6990000
6990000
6942500
6840500
6950700
7067900
6944400
8005000
7017800
6987300
6862700
7066900
7944800
7035600
6935800
6953900
6769300
6853500
7239200
6812100
6946900
6790300
7124700
6861800
6896100
7006300
6837500
6950600
6866000
6890000
6977600
6891700
6822100
6882600
6931400
6921300
6908100
6965300
6794000
7021100
6945600
6931900
6920800
6933500
6928500
6944400
6942000
6809700
6943800
6882400
6846700
6965300
6864300
6870200
6815100
7088600
6830000
6878700
6871700
6784100
7028800
6875000
6979900
6889700
6916400
6831900
6881400
6989000
6902400
7042600
6864300
6905000
6878800
6887800
6917000
6974000
7074800
6826700
6993200
6938900
7065000
6875700
6868100
6943400
6860700
7029400
6965800
6854000
6840800
7153500
6820900
6989200
6966400
6883800
6998600
6817000
7023000
7000000
6957900
6897800
6812500
6896900
6854600
7133500
6883600
6881600
6802900
7225000
6831600
6951600
6925500
6868300
7428100
7000700
6787000
6973600
6939000
6807600
6886400
7022800
6923200
6939100
6762900
6978000
6878100
6959900
6838600
6851500
6956200
6819800
6990900
6788600
6981700
6871500
6920300
6914500
6904000
6986600
6844000
7011900
6912300
7090500
6801900
7012800
6859500
6782500
6883000
6919000
6994100
6882900
7084900
6836600
6903700
7069200
6854200
7462500
6904900
7011600
6829400
6913100
7010100
7362600
7475500
7307600
7514600
7131400
6916200
6991500
6946300
6880500
6924400
6845700
6824000
7030700
6849700
6905000
6876600
6855900
6789600
6780600
6935700
6943400
6918600
6797800
7087800
6887800
7355600
6912500
6846900
7114300
6938200
9321100
7103000
6875600
6783000
7081200
6884200
6949300
6904000
6919300
6836400
6935100
6934800
6844700
6866300
6840800
7003200
6922800
6902600
6877000
6941300
6931700
6870400
7066200
6870800
6965200
6903600
6946900
7024200
6874400
6969700
6942300
7186200
7004100
6913400
6903400
6878500
7198800
6882300
6953900
6903500
6890300
7036600
6991900
6926100
6910800
6965000
6945500
7090000
6917100
7131900
7010300
6845700
6911500
7009400
6959700
6970000
7314700
6948800
6964000
6889300
7218400
6765900
7008100
6825500
7104300
7170700
6914600
7102000
6843300
7241100
6890000
7018100
7091400
7029900
6839300
6918600
6902100
6927000
7116700
6895800
7007000
6840600
7088700
6900100
6903200
6951800
6926500
7031900
6950400
6988400
6971800
6995200
6895400
6992300
6880500
6823900
6926800
6806300
6959900
6883200
6971400
6815900
6872700
7097800
6890500
7080700
7012200
6935600
6861300
6985000
6987200
6972800
7013200
7017400
6995900
6964900
7146700
6807100
6924000
6974000
6870500
7114500
6869900
7085800
6958600
6912600
6860300
6877200
7014700
6876300
6906200
6927400
6912100
6886700
7182600
6978300
7419600
6841300
6893700
7155500
6872000
7216200
6925700
7030200
7091200
7076000
6869800
6968200
7112100
6899700
6966200
7035800
7056000
6885900
7074000
6884400
6865700
6997300
6936000
6917500
6926800
7118900
6927200
7017500
6807400
7105200
6957700
6924700
7116100
7020800
6971300
6889100
6936800
6868300
7004800
7050000
6940900
7055400
6800600
7107000
6799700
7070400
6992100
6871300
7021200
7137000
6943000
6897400
6992400
6936400
6978000
7005800
6970300
6888000
6940600
7054400
6931900
6989000
6899800
7270800
6873700
6924000
6932500
7002900
6996700
6944400
6959800
7037700
7413700
7006000
7195000
6764600
6871300
6971400
6970000
6903400
6833800
7126500
6713700
7155000
6837500
6776600
7008500
6823100
6978200
6895300
6901200
6903500
7074000
6915100
7094400
7014700
6914500
6828100
6831200
6845000
6821600
7056600
6875100
7115600
6796500
6890800
7130100
6961000
6906600
6888400
7145400
6812200
6942500
6792600
6831800
6941300
6782800
6858900
6856200
6929100
6787200
6941900
6842800
6816300
7024800
6868700
7033700
6833400
6980600
7058700
6924400
7291500
6930800
7042300
7000700
7184900
7096600
7185600
6879700
6843800
6853900
6834600
7142400
7181200
7387600
7064200
7257000
6784200
6823700
6890600
6877100
7023600
6865500
6951200
6949700
7030100
6769700
6890700
6935300
6818400
6935100
6874900
7011200
6819300
6982800
6991800
6893600
6945900
6915000
6966500
6892900
6883000
6895000
7021200
6869700
6913500
6940000
6797300
7041100
6811000
6921300
6887600
6817000
6894900
6912000
6909600
6854100
7093800
6888400
7034100
6832300
6839300
7042000
6863700
6852200
6789400
7149500
6780800
6917600
6927100
6814300
6952300
6957900
6874500
7030800
6966700
6785600
7509900
8281300
6943300
6762000
6893800
6923400
7420300
7015300
6793300
7542600
6970700
6966100
6880200
6926000
7062800
7055900
7488800
7005600
7324900
7142100
6999100
6812900
6822900
6999300
6902400
7010500
7131500
6904900
6781700
7107300
6833400
6859700
6870400
6943000
6975300
6847000
6942700
6908700
7100700
6758800
6939500
6913800
6886700
7129300
7056900
6920300
6840200
7166600
6794300
6918500
6778400
6824100
6988000
6981700
6841200
6891300
6867300
6824500
7026500
6814900
6869400
6872000
7017400
6892800
6832300
6908600
6863000
6963600
6851500
6903100
6874900
6775100
6967100
6824200
6997800
6873400
6904700
6947100
6891500
7127800
6851000
6855000
6836200
7277900
6853500
6774900
7058300
6908900
6860600
6847100
6859100
7013800
6742400
6814700
6883200
6781700
6863100
6897400
7000000
6885600
6988000
6815500
6907500
6896000
6798800
6962200
6842100
6866900
6732200
6809100
6945300
6901500
7865500
6887200
7097400
6901600
6852200
6804400
6836700
6935500
6944000
6823300
6883500
7067100
6847900
6923900
6866000
6912000
7114600
7024100
6886300
6882400
7398800
6954500
6891900
6905000
6882800
6927700
6916900
6913500
6879200
7013000
6866500
7559700
6979900
7094600
6923200
7095700
7150700
6998600
7017700
6965500
7295100
7106300
7593000
7346900
7502900
7304600
7510300
7416200
7243800
6854500
7012900
6941100
7051400
6733300
6855300
6945800
6856700
7003400
6792200
6906900
6807700
6831900
6992900
6836600
6900400
6822000
6945900
6825800
6976100
6848900
6880700
6935200
6757000
6913900
6948300
7020100
6820300
6981900
6840300
6926900
7095200
6948900
6906000
6940100
6942000
6898000
7059100
6854200
6905100
6971600
6804000
7039900
6823900
7043500
6895600
6935100
6770300
6868800
6872400
6899000
6908000
6788300
7084300
6796400
6864600
6842200
6912200
6968600
6896700
6960700
6834400
7071300
6838200
6912100
6939100
6881700
7144600
7014200
7051300
6881000
7278200
6881100
7026100
7051900
6887200
7150300
7303200
7199400
7093400
7350100
6984300
6979700
6980900
6838100
6969800
6827200
7213400
6863400
6872800
6807400
6841300
7025100
6815500
7037000
6912700
6923500
6870700
7036400
6941300
6893500
6962500
6932500
6962500
7005000
6938800
6906900
7015000
6861400
6982000
6940100
6990900
6853200
6930900
7278900
6890200
7149400
6889900
6981000
7328500
6977600
6784000
6886500
6930000
6862600
6989300
6883700
7307100
6913700
7546800
7063700
6950600
7378900
6949800
7150900
6964800
6963300
6934800
7087600
6834900
6925400
6923800
6917200
7318300
7125300
8224200
7179400
7241700
6871500
6946000
7021900
6859800
7024500
6846100
6943000
6890600
6851600
6882100
6878900
7048300
6883300
6946000
6897700
6877900
7051800
7005300
6979900
6899300
7200100
6856200
6995100
6968500
6944300
7019200
6989800
7137700
6903400
7073200
6878900
6873500
6824200
6802600
6918300
6922100
7040500
6883100
6879500
6749300
7150700
6868600
6888400
6862700
6796300
7050500
7144100
7001000
6751900
6984500
7981300
6916200
6984900
6849100
7000700
6837600
7152100
6859400
7024600
6953900
6873200
7149900
6869100
6977500
6884500
6910900
6879100
6960400
6775500
6888500
7005000
6767200
7005100
6929300
6951200
7006200
6932900
6837200
6969600
6907200
6878800
7103400
6968900
6994900
6904200
7007700
6836000
6892900
6916400
6938800
7256600
6838300
6928500
6860300
7004300
6797400
6885200
6987700
6855500
6790000
6762600
7065500
7393800
6932400
6973900
6863100
7052200
6956000
6958400
7019400
6989800
6829500
7063600
7330900
6898800
7176300
6882900
6874800
7031000
6887400
6821200
6936900
6746800
7380100
6990000
7184100
6935900
6878800
6815600
7066700
7125500
7108700
6920100
7004300
6881300
6806500
7044400
6841800
7116500
6837700
7071800
7037900
7228700
7277800
6887700
6976400
6772600
7045600
6836800
6922900
6947100
6854400
7196900
6907400
6940000
6817000
6902900
6817800
6957000
7029800
6852200
6991500
6944500
7066900
6963700
7134100
7435000
7009400
7086800
7307800
7057900
7065200
6892200
6960800
6955300
6971100
6781300
6891900
6910300
6913500
6883700
6921800
6896400
6873600
7009800
6812100
6816300
6935800
6818600
6895300
6891200
7388000
7147300
7106600
6717100
6956600
7006000
6839700
7083700
6805200
6997400
7040400
7102400
6780900
6898900
6911500
6948500
6815800
6779100
7273700
6921200
7049100
6898800
6888300
6987000
6892400
6949100
6830500
7016500
6850100
6761400
7046700
6890500
7580500
8335100
7320400
7242100
7129300
7138300
7142200
7093700
7198500
7536000
7486900
7144800
6925200
6967800
6834500
6966200
6919000
6840500
6941200
6765000
6928700
6915800
6966300
7102100
10006900
7558600
6932900
6959100
6897200
6849800
6819600
7046000
6923100
6903900
6820100
6879800
6855900
6847600
7374700
7074700
6900600
6810600
6879900
6835300
6890600
6936600
6848000
6950200
6890500
7318200
6982900
6970600
7172800
6815200
7143400
6880800
6902500
7056900
7107700
6821200
6980300
6783900
6766100
6998000
6873000
6956500
6968500
6971600
6820700
6901000
6887500
6851700
6946700
6892900
6994100
6991600
6950100
6878400
7138000
6878400
6809400
6996700
6899600
7049700
6915800
7008200
6836900
7420800
6899300
7025700
7020000
6825200
6962200
6901100
6933300
6883400
6812300
6913200
6885500
7041300
6820500
7128500
6774700
7045800
6876500
6860900
6860600
6877600
6921400
6803600
6861700
6846000
7060600
6869800
6904500
7044400
6963100
7035600
7273700
6857600
6827700
6847600
7212300
7081000
7091000
6830800
7166900
6834200
7136100
6802600
6857700
7216000
6873800
6895000
6881200
7117500
6976100
6963300
6801400
6864800
6887800
6939200
6897900
6781400
6964800
6767300
6832900
7118500
6814100
6914100
6884800
7000400
6861400
6988900
6930800
6916200
7128000
6833000
7032200
7015900
7038000
6911300
7022800
6862200
6899700
7154300
6816100
7054400
6901800
6897400
6879600
6933000
6916700
6826900
6984300
6898500
7069500
6913000
7000000
6957700
6966400
6923300
6895000
7301900
7173200
7019800
6922600
7348200
6861100
6889300
6783500
6825200
7121800
6850000
7328200
6887700
7050000
6818700
7338400
6846400
7060200
6834200
6852000
7110400
6879500
6876200
6890700
7123600
6819300
6921100
6890100
6919900
6951200
6889300
6991700
6843000
6964000
6923200
6982300
6973800
6853100
6966100
6923800
6918100
6956200
7074800
6865500
6936300
6923000
6810500
7055500
6910200
7485500
7070500
7132300
7015500
6897300
6859700
6759100
6963100
6878200
6889600
6908100
6954600
6753300
6912200
6879500
6860500
6958300
6838200
6901400
6902100
6949000
6863600
7067200
6944600
6852400
7000800
6785700
6941800
6891100
7006100
7000800
6870400
7169300
7032600
7206900
7108700
6960500
6739300
7158600
6836200
6989400
6951200
6930500
6837800
6895800
7009700
6887800
6996000
6837900
6795300
7055700
6778800
6924100
6779700
6931700
6779400
6866400
6916500
6821000
6916200
6817900
6971700
6868800
6999400
6763500
6836400
6965500
6932200
6924600
6763200
7078900
7343400
7196100
6933000
6854100
6983400
6918900
7504900
7164200
7303100
6959400
6974400
6901700
6902000
6961700
6910600
6831300
6945400
7078900
6922500
6872800
6860200
6844400
6849800
6962100
6913900
6926600
6838700
6859000
7217000
7037300
6923800
6815400
6843900
6891500
7154200
6976600
6934200
6863900
7147200
6914600
7064000
7094800
7194200
6928300
6889000
6914700
6890000
7020400
6792100
6762800
6993000
6948500
6973500
6865000
6930800
6821100
6943900
6920900
6879500
7049800
6908700
6940000
6927500
6963700
6911500
7014800
6983900
6930500
7011700
6848100
7057400
7057500
7248200
7038500
6789500
6968100
6987800
6916700
6890900
7089800
6937200
6966900
6789500
6848600
6943900
6924400
6978300
6787100
7108700
6828700
6918500
6878600
6822500
6959100
6844000
6871500
6968000
7013700
6859000
7050300
6998500
6811400
7067800
6945500
6973500
6957400
7200000
6765600
6968700
6904500
6911000
7033700
6892800
6823000
7022500
6972300
6833100
7086900
6775900
6870400
6853600
6851100
6978700
6881800
6978800
6880300
6876900
6800600
6888200
6947300
6801700
6908900
6824200
6943500
6964900
6826500
6959500
6873600
7027700
6866000
7114000
6862600
6899700
6841600
6838200
6971500
6891100
6859100
6938700
7074200
6840400
7072700
6858100
6938800
6856500
6806600
6964300
6872600
6907900
6755400
6985100
6904300
6870700
7003800
6856500
6889400
6937900
7027300
6872400
6900400
6869500
6879500
7265300
6769000
6891500
6868900
6890700
6854500
6860600
7345900
6866300
6996300
6891900
6943400
7003900
6864300
6876000
7025000
6979500
6931600
6902200
6848600
7615000
7008900
7157900
6851700
6881400
6847700
6838100
6883400
6864900
6983100
6881100
7031100
6806300
6812300
7001400
6802300
6904400
6821200
6943500
6833500
6939800
6871200
6781300
7058400
6913900
6981400
6871800
7089500
6844400
6986400
6859600
6918200
7037700
6921000
6917600
6913300
6899300
6904400
6901000
6793900
7091900
6839600
6899000
6961600
6834600
6903700
6768700
7079300
6829800
6932000
6764800
6859100
6903300
6907000
6965400
6813000
6907800
6825500
6947600
7134900
6826900
7150100
6841400
6951500
7052300
6947300
7064400
6872200
6820700
6964000
6945000
6834000
7014000
6939400
6995100
6872700
6906300
6979800
6903000
6986400
6862000
6871400
6882300
7016300
6825500
6803300
7014100
6963400
6902300
6930600
6889000
6884300
6993600
6844700
6909900
6968400
6858000
7115300
7267700
7095500
6912800
6870100
6821200
6829900
6974000
6872400
6928600
6891100
6881200
6871200
6969200
6868500
6941200
7005400
6904100
7138300
6946700
7020500
7151900
7188200
6992700
7019600
7440400
7299200
7326400
7486700
7198700
6954900
7179200
6909700
6985800
7122200
6943000
7122600
6820800
7225500
6801600
6926100
7078800
6995900
6848000
6862100
6880900
6889000
6913700
7006800
6956600
6898400
7178200
6820700
6854600
7006400
6896200
7045700
6905900
6970500
6805400
6977700
6906500
6841800
6927600
6963700
6894000
6832100
7199400
7102600
7101200
6892500
7084200
7512700
7805800
7527800
7680400
7194600
7168400
7020900
6969400
7679100
7396300
7337900
7346400
7491000
7452900
7124400
6871900
6884200
7047000
6892700
6880000
6808000
6954000
6839800
6821000
6822100
6875300
6977000
6864300
6946600
6807600
6896800
6918400
6829500
7489300
6939400
7018700
6815800
7212400
6843800
6942600
7104300
6852900
6981700
6907500
6919000
6899000
6909600
6956500
6937000
6858600
6844500
6872700
6847200
6905200
6891700
6895300
6838300
6981000
6947000
6795400
6851200
6971400
6876700
6957300
6910500
6871000
6842900
6901300
6978000
6938000
6799200
6804700
6913500
6869200
6958100
6773400
6896700
7014300
6784900
7015400
6866600
6949900
6919500
6918400
6857600
6857400
7150400
6850800
7168200
6761200
6882200
6921000
6882800
6961900
6853600
6967100
6892900
7228100
6869600
6965300
6889700
6857300
6966700
6919900
7406500
7025600
7220800
6844300
7164100
6768200
6913000
6984200
6852900
7003600
6925400
6934700
6879700
6886200
6884000
7015100
6938700
6930000
7023900
6802200
6964500
6931000
6908200
6862100
6875300
6896300
6948800
7001500
6898900
6934900
6881100
7097800
6882700
6953100
6948900
6873400
7105700
6817100
7318800
6864800
6900500
6871000
6789600
7022300
6928200
7036500
6890200
7048700
6919100
7045600
6868900
6913400
6942500
6856600
6992500
6853100
6980700
6885900
6923300
6863500
6846800
7025900
6862100
6893400
6997300
6963300
6873600
6959900
6815900
6931700
6980000
6862900
7146300
6962800
7221900
6803400
7188600
6860500
6927900
7133800
6907100
6921700
6993100
7017200
6939200
6934800
6908300
7022300
7004900
6896300
6957400
6912100
6956900
6881800
6857000
6816900
6903800
6881100
6900200
7004900
6835500
6942100
6876400
6968700
6827700
6862400
6979400
6908500
6983400
6886600
6954900
6909600
6771200
7010500
6840900
6925300
6854300
6984800
6814100
6889800
6790800
6806800
7015100
6872600
6922300
6885100
6925300
6853200
6969000
6869500
6815400
6985300
6820900
6876300
6917900
6989000
6768300
6983300
7144400
6811600
6984900
6877400
7633800
7133800
7423200
7039500
7614400
7204600
7560600
7363200
7377300
7536500
7208000
7274100
7083100
6850600
6945000
6799900
7091300
6995000
6892800
6898700
6853200
6856800
6837700
6928000
6812900
7005000
6840300
6938900
6932000
6826800
6933300
6846800
6986800
6867100
7041700
6820900
6901800
6911800
6810900
7154900
6838700
6898100
6838900
6900400
6744800
6850200
7017000
6777700
7076900
6968200
7049800
6896500
6860800
6997100
6954200
6990300
6940700
6969600
6824500
6957600
6847400
6891400
6882800
6768500
6977500
6893100
6890700
6810500
7062300
6839600
6783800
7137400
7048100
6972300
6872000
7176000
6779600
6983100
6785200
7008500
6961500
6817500
7042000
6850700
7078300
6728400
6869300
6794500
6958700
6815600
6794700
6916000
6830100
6935700
6819300
6848300
6823800
6863300
6877400
6810200
7008200
6856700
6932800
7008900
6840300
6886600
6921300
6966000
6813600
7035600
6837600
6829800
6983500
6958900
6983900
6946900
6978800
6888500
6967300
6851000
6971700
7012700
6814700
7023900
6898100
6953900
6955100
6952600
6897100
6949200
6992200
6901600
6949800
6938900
6964300
6827200
6928400
6871400
6867500
7175800
6856600
6948200
6956100
7102100
6866200
7160500
7053200
6978800
6937600
6934000
6993000
6853600
7195600
6812200
6898200
6878600
6844600
6923500
6897800
6900600
6850100
7031100
6822600
6984500
6839200
6821400
6994000
6893300
6961700
6914400
7001300
6898300
6958800
6890600
6822400
6991600
6799000
6831700
6916800
7182300
7040100
7038200
6744800
6869700
7014100
6839100
6901700
6931800
6947200
6933500
6843600
7226300
6962000
6915400
6795900
7039200
6866600
6917000
6881100
6865100
6913600
6819800
7830900
6947700
6854200
6872300
7038600
6921800
6850300
6842300
6925300
6844400
6928500
6948100
6815400
7106000
6913900
7128800
6891300
6945500
6799100
7014500
6970900
7059800
6873400
6818500
6941300
6876700
7007200
6941800
6774100
6912200
6908600
7034300
6858900
7043100
6813700
7494900
7022200
6808200
6940100
6845300
7060800
6975700
7030800
6826200
7025500
6763600
6843400
6926000
6862200
6948400
6939400
7009700
6841100
6967700
6857200
6843500
6905300
6832300
6956400
6964500
6929800
6840800
6932100
6950800
6867600
7066700
6941700
6875600
6912300
6951300
6868500
6878700
6985800
6894700
7011000
6912700
7165800
6954200
6866400
6889300
6861100
7124600
6942000
6910000
6961600
7509700
6968300
6953600
7163800
6815100
6879400
7112500
6923500
7059100
6996600
6907100
6950900
6717700
6803900
6935000
6931200
6832900
7015800
6926500
6870000
7137600
6877100
6889300
6921200
6997300
7276400
7362200
7202400
7071500
7184100
6863400
6881600
7218700
7138400
7128500
6912900
6877700
7002400
6985700
6826800
6935300
7337700
7088400
6896900
6836500
6948200
6878200
6996600
6866100
6945600
6846500
6802400
7038400
6833400
6911000
6868700
6888600
6866000
6868000
6999200
6884400
7015300
6793800
7134900
6820800
6969800
6854700
6847300
7032200
6954800
6917900
6910100
7096000
7048000
7000900
7035200
6855800
7048700
6882500
6942100
7404700
6998100
6892500
6978700
6840300
6881500
6947200
6926700
6919700
6909600
7012500
6836900
7018700
6830800
6856600
6897000
6864200
6913900
6844800
6926000
6911800
7011900
6854300
6838000
6904900
6792400
6960500
6907900
6950200
6898700
6786300
7054600
6859700
6797500
6764000
6947300
6813600
7156700
7127600
6831900
6851200
6885000
6822900
6805100
6944600
6872400
6948300
6851400
7082600
6966800
6942500
6897800
6886200
6958500
6955100
6943500
6729200
6871700
6904400
6819000
6917800
6885100
7076100
6854400
7438100
6962800
6991600
7070300
6916400
6946100
6926000
6927500
7114000
6904900
6780000
6948400
6937900
6903600
6896100
6785200
6909400
6937400
7017000
6812300
6896900
6922200
6880500
7075800
6832200
6918100
6871000
6910400
6894000
6842500
6905900
6809600
6899300
6885200
6888800
6934200
6777400
7027100
6884100
6928000
6939800
7018400
6832100
6968700
6805200
6832400
6880300
6772500
6933800
6822900
6959100
6829500
6980100
6779200
6925600
6950600
6826600
7000100
6879600
6926500
6862400
6882200
6899800
6830800
6995200
6895800
6855600
6830600
6918600
6841500
7027300
6869200
6906800
7203700
7073800
6922600
6899500
6940900
6991500
6858900
7130500
6865200
7187200
6898600
6929300
6847200
6924300
6903300
6860000
6915600
6869700
6888600
6795600
6882700
6782400
6905000
6927200
6932900
6972200
6835800
6906000
6871400
6876800
6828200
6882600
6885000
6850400
7025400
6782400
6926400
6845600
6876300
6788700
6897400
6942700
6820900
6952600
6858100
6904600
6818000
6812600
7043000
6913800
6854500
6833000
6995600
6852000
7007600
6898600
6830900
7025400
6849800
6875700
6838300
6974800
6819400
6957500
6766500
6890800
6913100
6892200
7246400
6924300
7221900
7100100
7228600
6831400
7037400
7391800
6814900
7233200
6802600
7046400
6913900
6890300
6777200
6934900
7009500
6827400
6960000
6818800
6914600
6833400
7088700
6886400
6825000
6802800
6777700
6950100
6847900
6806100
6882900
6874500
6990800
6828800
6849100
6925300
7211500
7419900
7378000
7023000
7054900
7110200
6932800
7091000
7292000
7729700
7059600
7667000
7171100
7460200
7126700
7206400
7167100
7056200
6972600
7024900
6753200
6859300
6947000
6784500
6818000
6946900
6892500
6903500
6928800
6919700
6976200
6822500
6783200
6985200
6874900
6803300
6999500
6821800
7435000
7062400
7028400
6838800
7257400
6849500
7060600
6945600
7091800
7021200
6876900
6969200
6806200
6930900
6913600
7023100
6945900
6851300
6935000
6911300
6935300
6840200
6936600
6883100
6902300
6988600
6838900
6963000
6753500
7069600
6949800
7009900
6879100
6962900
7001800
6861900
7017500
6951900
6927600
6934600
7022600
6985400
6922700
6881100
7086300
7023900
6908900
7091900
6906500
7021200
6919000
6814100
6881800
7000100
7078000
6928800
7039300
6848300
6969900
6905100
6892400
6928700
6944500
6875100
6874700
6907700
6876800
7019200
7147100
7035800
7452100
7565900
7301100
7800800
7320700
7172400
7841500
6873300
7107700
6953500
7081100
7533700
7614700
7783800
7730200
7018500
6972100
6938400
6787200
6959500
6888900
6885200
6807600
6855400
6876300
6901800
6822200
6805300
7072200
6854600
6910300
7009500
6907600
6974900
6906100
6947200
6944500
7033500
6876000
7158200
6931800
6836200
6990700
6926400
7148700
6771900
6992100
6838700
7150400
6802900
6835100
6940700
6779700
6911800
7012100
6856800
6811400
6946100
6898900
6823400
6918300
6840900
6975200
6930100
6974600
6961000
6884300
7333200
6847800
7115300
6783700
6981200
6885700
7262300
6751800
6809600
7088000
6951100
6886700
6910100
7005900
6929000
6950700
6898400
6964400
6942700
6996200
6849400
7234900
6722300
6874500
6854000
6775900
6970800
6950700
6975000
6884900
6860700
6817400
7038600
6828700
6775300
7014900
6874500
7191400
7086400
7189900
7091400
7154100
6729400
6821000
7057900
6821600
6890400
6904000
6975300
6894200
6950300
6828500
6836400
6984900
6907200
6974700
6855700
6924200
6961200
7403200
6969000
6904300
6923300
6782400
6906500
6905400
7097500
6844700
6841300
7002400
6945000
6817400
6883200
6988400
6772600
6939400
6941400
6860700
8353800
7276300
7082500
6903300
7038300
7039300
6993000
7030800
6950800
6952200
6857300
6942900
6879900
6894700
6784600
7006500
6825800
6877200
6857200
6843000
6946800
6892500
7057500
6895000
6979400
6920100
6967700
6712300
6875400
7036700
6892600
6982500
6877600
6817000
6859800
6917200
6864200
6802000
7032100
6875800
6918100
6940500
6871400
6862800
6905000
6948100
6847800
7091100
6906700
6979700
6823400
6943900
6918000
6870100
7151300
6945500
7221900
6966800
7238700
7127600
7178500
7013800
7277100
7496200
7313700
7150100
6893100
6838200
6841600
6933500
6804700
6807300
7082800
7270800
7109300
6847500
6886600
7118800
7123700
7059500
6874900
7079300
6839200
6962000
6881600
6898700
6848400
6940500
6929700
7010200
6827600
6816000
7007800
6761100
6883900
6852400
7222100
6967000
7221800
6938900
7205900
6796900
6879700
7046300
6972500
7323600
6905800
6969200
6814800
6985400
6891500
6925000
7002900
6912400
6960100
6785500
6926800
6802600
6842300
6924600
6902600
6949400
6842000
6902200
7229100
6809000
6847000
6841300
6817400
7140600
6935900
6897100
6975500
6884200
6832800
6884100
6948100
6867900
6857200
6776400
7176000
7030500
7672600
7322700
7005300
7125700
7061900
7580800
6827200
6980700
7453100
7036400
7241400
6970900
7421200
7152200
7082600
7402400
7064300
7818300
7142600
7069500
6820500
7417700
8371800
7424700
7983400
7555700
10259100
12436900
8339400
9236300
7858000
7660300
7342700
7634700
7362600
7230400
7427900
7255200
7894800
8018000
7486900
7239400
7572600
7240400
7300600
7621200
7217400
7095200
7167300
7421600
7209900
7187400
6947100
6893100
7569800
7146600
7334700
7195600
7359200
7409000
7324400
7286100
7395100
7981500
7386100
7285000
7133000
7865800
7596800
7328500
6985000
7095100
7246600
7993500
7710500
7135200
7539700
7408400
11021900
9350300
11736600
8520500
7871300
7506400
7966900
7206100
7328800
7025100
7172000
6974400
7179800
7338100
6931500
7425900
7431700
7156200
7174100
7308300
7130900
7145000
7473300
7467200
7371700
6947600
7362400
7175100
7816600
7338000
7064000
7515400
7128300
7819600
7243600
7691500
7199700
7394200
7534500
7619700
7640100
7328800
7996900
7402000
7857400
7217100
7606500
7190600
7271800
8027200
7144300
7702000
7189100
8162300
7176900
7886700
7512900
7738100
7482000
7182800
7393800
7170400
7136200
6894100
7188500
7325400
7352500
7397000
7098000
7336300
7391700
7573900
7334100
7581800
6988500
6980500
8038300
7204800
7948200
7348600
7595100
7373000
7805600
7424100
7512100
7163300
7274000
7304000
7177200
7050600
7601800
6910800
7310000
7085300
7017200
7203500
7046900
7264100
6854600
7345300
6971300
7014500
7456100
7090900
7369100
7232900
7240300
7346600
6862600
7976900
7182100
7704800
7072600
7609100
7426700
7175700
7129700
6940000
7512500
7062600
7249000
7115900
7189000
7251700
7035900
7392700
7253200
7696200
7380800
7349200
7447100
7442400
7304700
7037600
7377300
7364400
7283900
7197200
7391300
7406900
7201800
7312200
7003200
7485400
6828400
7457800
7152300
7102000
7699300
6981800
7528800
7056200
7343300
7021800
7335900
7385900
6976600
7704600
7081100
8149600
7042000
7465500
7092900
7184000
7574100
7071000
7310700
6961900
7543000
7123000
7366700
7205500
6969900
7289700
7124400
7562500
7046500
7106100
7530000
6973200
7493300
7162900
7369100
6878600
7289000
7691100
6995100
7391700
7031600
7138500
6845700
7677100
6894200
7322000
7187500
7214300
7170300
7158500
7451800
7266800
7481200
7287200
7308000
7561100
7282300
7413300
7331500
7525500
7327600
7527400
7518300
6952300
7363200
6970400
7395500
7108000
7553800
7011100
7169100
7527100
7106600
7605000
7226000
7464200
7059000
7668200
6848800
6868400
7295200
6960000
7571600
6925200
7191200
7243400
7071900
7775200
7125800
7773900
7103000
7613000
7368500
7466400
7220000
7168000
7197700
7229600
7232100
7346600
7402300
7091600
7117600
7041500
6912500
7296700
6867900
7591500
7071400
7158200
7180100
6937700
7193800
7054000
7307500
7048400
7085300
7228000
7117400
7226100
6999300
7419300
7124900
7248900
8048800
8106900
6997700
7072400
7495400
6929100
7564500
7050100
7387900
6795600
6872200
6865500
6879600
6954400
7023900
7218300
6932400
7146000
7050600
6838600
7060600
6907800
7041800
6840900
6961900
6857500
6943600
6967500
6946300
6897200
6780500
7027400
6847000
6980700
6794500
7050700
7023200
6827100
7222600
6824300
7125200
6730300
6809600
7286300
6949900
6952600
6847600
6918900
6797100
6945100
6822100
6842500
7076800
6892000
7752700
6856500
7193400
6816100
7133100
7455900
7269000
7077200
7076300
7311300
6806700
7205400
6945700
7191600
6958000
7176400
6878300
6840000
7420500
7072200
7053300
6931300
7209300
6976700
6959600
6975300
6984500
6836600
6954500
6955500
6965000
6962000
7002900
6884100
6871600
7079400
6905900
6967300
6884100
7007500
6867300
7100600
6755900
6861800
7045100
6898900
7084900
6801800
7305300
7051400
7263700
6807900
6940700
6964400
6856700
7078500
6839300
7128600
6897500
6908500
6917900
6850900
6956100
6848300
7108100
6872600
6966800
6879200
6879000
6976500
6874300
6926400
6846500
7010600
6848000
6836800
7097800
6870900
7170800
6786900
6925000
6876400
6977200
6888700
6940200
7026400
6866400
6908300
6846200
6993300
6972100
7124500
6929200
6939100
7815000
7088000
7253900
7346300
7072500
7294900
7149100
6990000
6876700
6864600
6936400
6847900
6877600
7042600
6857900
6952100
6916200
6852400
6954600
6821600
6978800
6877200
6901600
6817400
6896700
6985800
6878100
6990300
6799800
7111200
6985800
7115100
7022700
7010300
6860300
6788900
6969900
6830000
6960600
6918500
6837300
7185100
6875600
6927800
6857100
7069500
6850000
6911600
6888400
7049700
6836200
7593900
7036600
7124200
6860100
7069000
6971100
6994700
7092900
6855700
6951400
6853700
7028000
6957600
6885900
6851100
6972500
6952800
6832800
7130200
6840400
7201000
6789600
6856300
6886500
6913500
6968000
6892600
7003300
6755100
6857800
7130100
6836900
6919400
6897200
7241400
6820200
7118900
6814600
6859000
6985200
6846200
6917900
6792100
7078900
7096700
7033100
6955200
6904200
7055700
6977300
6993400
6920000
6948800
6995100
6888700
7026700
6882800
7095000
6990700
7066200
6941400
6942200
6797600
6858900
7091700
7098600
6887900
6925100
6956500
6856100
6843500
6919700
6861000
7375300
6918500
7127500
7035100
7110400
7094800
7086600
6848000
7035500
6967800
6899100
7177800
7110600
6896000
6864300
6897200
7028100
6932200
7040600
6982700
6993900
6713700
7197700
6753400
6934000
7028800
6976800
7032600
6927500
6994500
6959100
6896900
6799000
6868100
7557900
6887300
6921100
6846100
6827900
6808900
6940600
6960300
7013400
7522800
6778700
6909900
6892100
6864600
7052500
6897700
6893700
6866600
7287400
6832800
7040500
6869000
6927100
7069400
6922400
7170900
7134100
7027200
6788200
6981800
6945300
6882400
7310400
6815000
6935200
6902700
7173500
7273100
6987200
7267500
7031100
6982400
6845400
6890900
6929400
7210500
6936400
6804100
6905900
6887400
6995900
6933900
7015700
6907600
7065500
6884000
6881000
7001000
6911300
6978900
6894200
7034400
6879900
6870700
6973300
6897400
6999300
7006600
7000500
7112400
6905600
6834600
6905900
7094600
6958400
6943200
6802900
6985300
7015000
7019900
6912200
6883100
7089400
6820800
7148300
6900100
7003700
6921900
6907200
6835500
6934400
6819700
6898700
7039200
6949300
6957700
6925900
6972300
6884600
6865800
6854300
6926100
6926400
6928200
6924600
6947400
7063500
6955600
6941600
7438100
7050000
7108300
6845500
6994600
6970500
7030200
6914400
6880400
6987100
6871400
6919100
6877500
6879400
6800100
6881100
7014600
6913300
7015400
6917800
7248700
6897100
7059900
6839800
6893600
6988700
6931100
6984600
6794700
7026200
7614700
6856100
7115500
6948500
7171000
7121400
7398100
7242800
7609000
7060800
7447400
6908700
6871700
6869500
6845300
6855800
6930000
6878000
6862700
7170100
6898300
6864500
6904800
6899800
6948300
6913000
7067700
6887600
6927600
6743900
6911800
7044600
6897900
7331700
6908400
7007300
6960300
6907500
6990400
6920800
7186500
6991400
7152900
6919500
6989400
6988700
6943000
6921600
6914400
6946600
6913700
6856300
6956700
7022800
6921100
6938700
6968600
6920700
6986100
6857900
7050200
6838500
7069400
7086400
6891300
6918100
6936100
6951000
6905100
7287800
6874100
7063400
6843100
6859100
6972800
6912900
6914700
6829800
6991600
6779700
6988000
7029700
6895200
7008500
6914200
7121000
6802100
6798000
7078200
6887100
7063700
6956000
7010300
6959500
7046900
6773100
6783500
6931500
6965300
7235300
7010600
7033700
6758300
6943400
6915800
6857000
7074400
6890900
7339800
7065100
7102700
6830800
6843500
7134600
6821500
7098700
6930800
7018500
7000700
6874100
7019400
6947000
6846300
7014300
6999600
6827800
6961100
6902400
6898000
6937000
6822200
6957000
6946300
7052900
6934300
6882300
7088100
6831300
6983600
6861800
7028700
6912600
7020100
6886400
6930400
6976900
6886000
6887100
6832400
6965800
6887100
6910900
7004000
6847300
6955700
6850600
7037400
6912800
6973600
6868300
6952300
6999600
6933800
7404600
6935600
6901400
6863700
6883100
7082300
6977500
7005700
6909600
7290100
6834000
7104200
6908400
6989800
6836300
6944400
7012800
6895900
7084200
6877700
6983100
7032800
6878600
7199400
7297700
7230800
6961100
7016300
6914700
7283100
6791200
6895000
7137200
6769400
6853700
6931900
6922600
6881500
6930700
6845700
6866500
6921600
6983600
6943800
6897400
7082400
7004800
6853000
7266200
6978300
6818700
6800700
7033700
6832400
6921800
6978400
6943300
6809400
6987600
6942300
6890000
6990700
6840700
6840400
6884700
6811900
6905500
6860200
7004100
6812100
7002500
7003000
7211400
6830600
6889100
7100500
6911100
6877900
6969200
6912300
6941900
6817400
6909700
6818800
6920700
7431800
6887800
6891400
6896600
6851000
6813300
6949300
6886400
6903700
7188000
6834000
6950700
7157600
7049700
6967500
7086000
6907700
6765400
6902000
6912000
6975500
6782300
7004000
6951800
6812900
7039500
6868400
6911200
6946700
7052500
6838200
6898200
6968200
6820800
6945300
6942400
6996000
6937100
6927200
6893900
6888300
7044100
6880800
6970300
6872100
7128700
6830700
6936200
6787600
6859800
7025700
6933900
6919900
6867100
7072600
6803800
6848800
7018000
6908300
6851400
6928300
6932300
6884700
7119900
6925400
7186800
7059300
7040100
6995800
7058900
7228300
6852400
7003600
6975500
6898000
6955000
6914800
6902100
6859200
7054700
6933700
7090900
6955900
7033200
7312100
6972300
7318800
7126600
6828300
6952600
6926600
6936100
6929800
6837000
6994100
6732500
6896500
7086000
6920900
7161500
7466200
7313200
6920400
7071100
6941700
6948900
6798700
6803200
7039000
6855400
6921100
6863100
6961300
7004300
6936200
6890300
6850000
6935600
6852600
6977600
6882200
6947600
6936000
6940500
6974000
6903700
7158700
6808700
6894400
6920900
6921500
6948800
6887900
6996100
6889500
7038400
6949500
6886200
6974300
6865400
6979100
6929200
6919100
6862500
6959400
7083900
6849200
6994900
6928500
7019400
6904200
6887400
7088900
6822100
7075500
7021200
7044200
6987100
7015100
6917900
6965400
7076200
6933000
7052200
6926700
6970200
6816800
6968800
6889100
6848000
6985700
6845300
6839600
6885000
6973200
6833700
6811600
6881500
6802100
6893100
6909100
6941500
6860200
6857200
6969700
6795500
6893200
6792600
6966300
6924600
6927200
6767900
6832300
6882400
6875800
7021700
6820500
6917000
6920300
6928600
6919800
6777200
6977300
6870600
6901200
6743300
6890600
7019400
6854500
6826100
6862000
6822500
6844100
7041600
6857200
6931400
6947900
6874200
6956200
6920700
6825500
6836100
6768400
7104900
6881400
7000800
6862600
6998100
7013800
7141000
7123100
6872600
6952700
6813400
6895500
6910500
7016300
6891900
7001300
6778000
6879200
7007700
6837500
6880400
6825900
6837900
6960300
6881400
6918800
6934200
6949800
6982100
6799200
7038300
6845700
6928200
6842600
6942600
6804300
7043400
6789200
6832600
7129400
7049800
6967500
6769000
6992000
6706600
6786800
6938900
6931900
7116300
7128500
7112700
6807900
6847400
6975300
6766900
7296000
7315200
7308000
6883400
6837600
6857700
6862000
6823000
6945400
6897100
6916100
6773700
6941700
7386800
7006600
6829600
6908900
7284400
7068500
7051400
7146800
6944100
6962600
6859100
7064400
6949400
6978700
6721800
6837400
6962500
6948500
6975000
6871100
7170900
6865400
6967900
6962900
6919500
6880000
6821900
7006700
6821500
6971500
6898200
6808600
6942000
6949800
6922000
6814600
7028900
6876000
6873400
7067100
6982900
6847700
6816900
6878500
6886700
6822400
6940700
6803100
6879600
6812400
7238200
6962900
7070100
6827700
6845500
6881200
6916000
6849900
6877100
7008200
6816200
6902600
6914600
6893500
6900600
6957400
7004500
7001700
7067200
6947700
6935100
7061400
6858300
7299200
7198800
7201500
7214000
7112300
7020700
6959400
7319100
7489400
7429300
7793900
7239200
7305500
7462300
7151500
7129100
6852800
7060000
6900900
6897900
7161700
6910700
6857500
6853800
6921400
6825400
6922300
6971700
6882800
6969000
6942600
6898800
6779300
7073900
6828400
6969600
6977400
6858400
6892900
6891200
7307400
6923300
6802700
7002800
6901100
6928900
6843200
6983800
6750000
7075500
6867700
6900700
7055400
6916300
7037800
6875000
7035700
6798000
6947900
6964800
6916700
6908800
6901500
6871100
6918400
6971400
6826500
6887300
6873200
6892400
7012900
6853800
7242700
6853800
6864200
7177300
7023600
7191100
7074900
6816000
6893600
6936000
7016800
6931500
7118600
6937800
6982800
6900300
7066200
6971700
7236700
6872100
6887000
6962300
6808600
7246200
6868400
6927600
6915200
6873600
6824700
6868700
7060200
6899100
7030800
6836200
7041100
6939500
6846300
6961900
6885500
7059300
6883500
6921900
6847800
6907300
6898400
6948900
6912100
7007900
6828200
6939900
7158900
6890100
7058100
6882900
7003600
6827000
7117800
6915400
6863800
6908600
6937800
6911000
6819400
7012200
6809500
6969500
7201300
6829900
7096300
6894800
6926200
6850500
6954800
7114100
6954200
7043600
6894300
6963900
6841500
6932200
6903200
6908800
7194100
6896800
6849700
6918900
6971400
6859000
6990400
6968200
6838700
7146900
7043800
7384500
7423100
7028800
6864300
6969900
6721700
6822800
7015800
6847700
6861000
6879900
6956000
6846300
6931900
6968500
6931100
6922900
6961900
6980200
6916200
6961100
6972800
6896000
7004900
6960300
6940300
6985200
7080500
6880900
6797700
7001100
6930300
6905400
6911400
7068000
6905800
7005400
7030500
7004700
6955500
6866400
7024300
6869600
7041300
6869100
6932700
6976100
6934100
7180400
6733600
6932900
6912600
7128200
7162000
7025700
6874400
6862400
7011900
6855900
6885100
6934500
6920100
7048800
6937300
6986300
6838600
7036900
6986600
6991100
6941600
6911100
6951200
6843600
6855000
6889400
7026800
6845300
6854500
7018700
7009900
6936700
6821100
6928700
6837100
6981900
6848800
7009300
6886300
6835800
6887800
6755400
6937600
6749000
6859700
6871800
6846100
7009000
6855600
6900000
6842600
6920900
7029800
6795200
6930200
6777100
6893000
6863200
6873900
6815100
6977500
6924600
6809400
6947500
6893500
6871400
6928900
6857800
7009500
6797100
6937500
6780500
6956100
6869200
6829500
7089900
7078200
7193700
6990200
7130900
6793200
6994700
7039700
7075400
7242200
6779500
6964100
6904700
6956100
6862700
6911800
6986800
6893700
6933500
7041600
6922200
6856200
7259600
6950500
6969000
7049600
7367100
7302600
7333700
7045200
6923900
7272000
6926200
6932700
6858900
6900500
6918000
6874800
6824900
6809100
6870600
6817600
6898800
6803400
6874200
6870900
6785100
6944200
6800300
6929700
6830900
6874700
6730600
6878800
6987600
6925900
6999500
6844600
7093600
6825500
6870300
7000100
6954100
6918500
6896500
6875400
6861300
7037300
6968200
6875000
6912200
6900700
7296800
7020500
7045300
6815100
6896300
7179500
6820700
6985600
6910200
6904800
6945200
7035500
6923000
6908900
6988000
6851900
7001900
6855700
7052500
6886900
6878600
7065800
6890800
6871900
6855800
7071500
6849200
7013200
6954100
6845500
7094400
6907800
7010400
6840300
6982800
6939600
6884100
7032600
6902500
6939100
6747400
6941900
6863300
6909900
7639200
6861200
6995000
6934600
6943400
6862300
6996100
6888300
6915000
6981300
6868800
7121500
6886800
6941900
6896500
6868100
7114000
6901000
6929200
6974800
6964500
6751600
6937300
6897900
6857000
6953000
6906400
8320500
6862400
6930800
6923900
7300000
6806800
6918800
7274400
6918100
7159000
6849300
6997100
6854300
6896800
6871200
6897700
6953400
6864300
7018100
6880100
7027400
6973600
6866300
6988500
6914900
6920700
6972400
7036700
6892500
7051600
6933300
6923400
6931300
6982600
6979600
6975300
7051800
6793000
6819100
6964100
6912300
6908500
6982000
6895900
6966000
7037400
6924400
6922800
7177000
6874000
7264400
6997600
7201100
7151200
6947000
7048700
6894800
6947000
6961800
7050000
6888700
6873700
6879700
6941300
6916100
6824600
6994900
6892400
6996000
6899800
7076800
7954600
7215800
6862100
6913600
6951300
6795700
7250800
6794900
6971400
6911900
6896700
7017000
6883500
6911100
6894900
6929700
6786000
6843200
6956000
6855400
6913300
6851400
6922400
6840900
6961600
6850300
6894600
6976900
6885100
6936200
6903400
6923800
6902800
6986000
6819100
6825300
7123000
6974400
7058900
6829000
7044600
6790100
6924600
6943600
6866900
6933200
6904400
7021000
6828300
6921500
6986900
6903700
6849400
6883500
6905000
6848400
6948000
6847100
6933500
7068300
6952200
6929200
6798800
6984600
6927200
6999700
6835000
6880300
6951300
6800300
6928600
6870200
7104600
7336800
7002000
6991400
6926800
6943700
6958000
6970200
6757700
7250400
6974200
6908700
6994800
6957500
7057700
6968200
7058000
6861100
7073400
6857400
6911500
6955100
6902800
7152800
6877900
6872900
6825600
6910200
6844700
6830400
6979400
6853200
7078800
6880300
6854000
6811200
6914200
7222800
6984700
7075000
7031600
7089000
7072900
7185500
7068300
7099500
6960700
6915900
7074600
6880300
6919500
6839600
6855200
6867700
6861200
6990000
6804400
6904300
6824900
6876800
6905500
6845100
6898800
6865000
6960400
6937900
7075400
6918600
6986000
7082500
6921900
7131100
6981200
7246700
7015700
7062800
7114100
6848500
7305400
7047400
6984900
6841700
7010500
6848300
6965900
6880400
6917000
6959100
6869400
6881000
6879100
6909800
6886200
6877000
6959100
6818600
6994400
6826400
7003900
6836700
6909000
6792800
6856200
6919600
6897700
6995100
6901700
6937300
6878500
6833200
7239700
6881900
7009200
6875800
6973500
6802100
6783600
6881500
6868200
7010400
6938300
7026000
6915900
6990600
6925800
6867200
6832800
6798100
6919400
6931300
7177100
6943400
7041900
6935800
6883500
6970800
6907700
6915700
6909100
7079000
6892000
7022400
6883200
6862500
7483200
7039200
7007600
6868800
7037000
6851600
6873100
6864500
6859600
7221400
6953000
8264500
6806000
7034200
6835800
7048500
6811200
6811900
7148700
7020500
7057500
6869500
6953800
6917700
6951600
7733300
7009100
7143100
6838600
6935100
6884100
6877500
6827500
6952000
6796400
6840500
6980800
6800900
7040500
6823300
7058100
6844700
6879900
6838200
6935100
7058300
6877700
7318800
6934800
6965900
6912700
6894700
7006700
6880600
7035600
6890700
6876600
6954200
6899300
6936900
6942500
7070000
6897300
7069700
7042400
6931800
7269000
7065300
6900300
6780900
7072800
6853300
7400500
7349000
7049900
6860700
6864500
6939500
6992500
7027500
6804800
7011900
6844500
6894400
6925400
6869700
7002600
6853800
6905500
6843700
6960000
6942300
6849000
7169200
6807800
7033800
6811800
6986600
6801900
6942500
7063000
6874500
7009500
6791900
7022500
7017300
7008000
7615700
7527000
7462100
7547200
7434400
7329000
7519200
7370700
7011100
6915500
6928200
6953800
6922800
7054100
6916300
7028700
6875900
7065700
6756300
7051800
6818200
6832100
7034900
6831800
6970400
6893300
7160100
7156200
7132900
7427200
6932100
6963700
6939000
6904000
6783200
7456100
7065300
7129000
6703700
6917900
7116800
6845800
7180600
7309100
6912300
6925300
6881700
7332400
7207800
7609800
6930400
7247300
6882300
6960900
6975800
6901900
6841300
6839700
7178000
6835600
6957000
6882100
7074200
7086200
6878900
6852200
6967600
7012200
6790900
6931400
6807800
7020800
6876900
6844000
6945600
6947600
7063200
6811400
7085900
6985900
6815100
6816600
6990200
6891900
6897600
6967100
6874200
6933500
6832300
7002200
6891800
6975600
7911500
6883900
7443800
7191200
7332500
7076500
7132100
6979300
7161700
6826200
7067200
7219200
6876500
7217200
6885900
7180400
6987200
6911200
6970900
6959100
6888200
6954900
6936800
6916500
6883700
6900000
6922000
7005500
6929300
6950700
6949000
7084100
6837200
7008600
6823900
6912500
7078000
6875100
6920100
6963500
6906800
6852900
6888800
7129000
6866800
7011600
6905100
7140800
7141500
7000300
6904100
6995200
7121600
6929700
6955200
6931700
6951100
6948500
6967800
6900700
6888600
6955400
6872500
6917700
6912200
7012100
6883300
6898900
7014300
6949700
6890400
6801400
6918600
6936400
7135900
6701000
6839800
6965300
6891500
7015100
6852100
6928200
6869800
6836200
6828200
6862100
7435800
7004900
7118300
7150900
7110700
6740500
6784200
6944100
7006900
7202300
6920400
7050900
6911600
6988700
6909700
6992200
8758700
6818900
6950100
6772700
6925300
6863000
6876000
6765800
6909600
6850400
6886800
7108200
6959300
6910000
6941100
7178000
6872900
6873800
7004700
6917000
7050000
6933800
6910800
6881700
6885000
7083000
6862200
6838400
6802300
7042300
6902200
7203400
6766200
6835700
6968400
6934100
6924000
6876800
6965700
6796400
7056000
6753300
6920200
7028800
6847800
7153000
6937200
6940600
6896800
6871100
7198400
6975300
6914200
6924200
6845700
6855400
7138500
7122600
7025600
6855600
6934200
6912200
6965400
6940100
6977100
6913500
6933300
7042800
6994100
8215800
6760300
6937500
6976400
6879600
7068900
6884500
7327900
7969000
7939000
6862800
7084800
7980800
8276100
8206500
8277100
6855500
6953300
7072100
6944500
6979400
6923800
7425500
7946000
8111400
6984900
7099500
6899200
6903400
7041500
6964000
6975100
6916900
7046600
6907100
6878400
7090900
6904000
7813000
8089800
7139800
6918500
7012300
6938500
7066200
6922500
6941200
6981000
6981600
6959800
6944800
7000000
6950700
6920400
7005600
6929300
8111100
8228200
7080500
6887100
7455600
7965000
7701300
6778600
7118300
6815100
6842300
8066600
7996200
6972300
6832000
6971200
6927600
7266300
6979500
6974100
6830600
6858700
7006500
6875900
6877300
6885300
7090600
7998900
7909200
6837000
6861400
6947800
6869700
7056500
6822400
6881000
6849600
6879500
6840500
6775900
7791300
7955200
7146500
6783500
6911400
6826300
7053700
6854000
6832100
6959000
6864000
7111600
6977200
7205400
8163400
7875400
6721300
6833200
7001800
6823000
6959400
6854900
7547600
7949400
8162900
8328700
7641100
6832700
7238100
8059300
8378500
8211300
7937200
6959100
7402200
8473600
7924000
7101400
7423500
7545600
7126200
7116700
6839600
6963500
6964400
6864600
6868300
6851300
6850600
6873700
6801500
6827600
6883900
6757600
6902700
6830600
6905800
6926300
6799200
6877600
6812600
7010500
6894200
6928300
8256300
8057100
6788400
6867800
7792500
8108700
7123700
6849400
7407500
8071300
8387900
8660700
7401100
6796500
6940000
6799300
6880400
6939400
6832500
6928700
6782500
6960700
6854800
6889500
6795200
6862600
7025800
6787400
6991400
8020600
6821500
6823600
7035000
6824800
7797100
8076600
7758300
6861200
7262500
6831200
7108400
8024300
7975400
6736100
6868400
6941600
6884100
6856500
6865800
7034400
6823000
6890500
7150300
6822100
6858700
6925900
7327000
8046500
7743000
6791500
6877400
6912400
6878300
6989800
6843600
6920300
6875600
6882500
6907600
6888700
6944200
6813100
6922600
6822300
6889700
6827200
6810200
6897300
6822700
7026400
6810300
6855200
6894800
6840500
6926300
6860400
7417700
8046500
7405800
6838700
6852200
6848900
6896600
6989000
6891900
6901000
6855000
6977900
6882100
6868700
7972900
8161500
6737700
6839800
6919300
6872800
6905000
6862600
7081500
7281500
6852300
6867900
6842700
6943700
6808900
6846400
6856500
6820500
6878900
6900800
6878500
6819100
7009300
6821200
6867600
6954900
6922700
6969300
6885100
6916300
6856500
6924100
6866700
6893500
6901100
6790200
7658900
7966200
7697900
7019300
7390400
8127500
8162000
8214800
8205600
7614600
7441600
8031300
8150500
7296800
7501800
8182200
7820700
6864700
6955500
6960400
7145500
8428700
8451200
8190600
8493200
7282000
7882900
7066500
7022800
6971000
8057000
8217300
8201600
8163600
8224600
8226800
8240100
8256500
8263100
8150300
9019200
8731300
7405300
7347500
7477000
7433000
8226100
6982000
6907100
6895700
6925500
6841000
6843400
6850300
6826900
7215000
6894500
6921800
6912700
6802300
6869900
6789900
6904300
6857400
7007600
6898900
7001300
7915600
7080700
6925800
6936400
8459400
8096100
8183100
8214100
7333700
6931600
7199700
6955100
7096100
7089000
6888700
6914100
7952500
8012500
8280800
8137700
7051800
6885800
7172200
7707600
8126000
8255000
8248300
8220800
8332300
8176700
8573600
8109200
7349800
7043600
6988800
6846700
6928200
6910500
7343500
8107800
8426300
8437200
7765400
6768700
6873900
6996100
6991700
6953900
6852100
7065300
6934200
7141800
7980900
7921300
6865000
6873900
7994600
8096500
8462700
8404500
8256100
8243800
8329000
8303700
8250300
8179500
8442500
8636300
8368600
7542500
6937400
7132300
6853900
7071900
6849600
6867200
6851800
6835200
6917900
6863600
6897300
6906600
6867800
6955100
6898900
7811200
8032600
8221000
8170300
8365000
8051400
7253600
6959000
6983400
6930800
7107000
6866200
6897100
7055100
6949100
7016800
6883000
6983200
6845400
7071000
6927800
7033500
8176400
7086100
7023000
6853200
6994000
6951600
7103600
7010500
6945700
6862400
6951800
6885100
6844200
6982900
6855600
6891600
8933300
7949300
6811600
6888300
7818200
7033400
7053800
6990400
6961900
6882800
7025600
6979500
6912700
6976000
6966100
7019700
6973300
7269800
8249000
7925900
6833600
7034900
6969600
6933700
7295500
7059100
7714400
8008500
7620200
6842800
7184100
8039000
7964200
6828600
6898400
8159500
8212400
6878900
6865900
7003400
6950100
7039700
6896400
7128700
6989600
6854100
7051100
6907000
7123200
6962900
7047400
6952100
6870600
7232700
7018500
7084400
6946700
6986000
6895100
6893000
6904200
6964900
7088700
6865800
6967700
6848700
7243100
8018100
8102900
7128900
7146000
6845500
6900800
7061500
7957000
6857500
6903400
6945200
6902400
6916800
6877300
7007800
6885200
6897200
6908900
6879800
6939000
6906800
7019100
6938800
7062900
6943500
6936800
6905100
6965300
6965100
6945100
6971100
6988500
6898000
6948700
6952000
6887300
6883600
7102300
6917000
6957200
7091200
6872700
7847700
8014700
7069300
6846500
6969900
6826900
6919800
6857100
6806900
6891600
6836600
7043600
6976700
7003800
7014800
7194400
7161300
6828600
6919800
6887900
7458000
7978400
7751800
6776900
6869700
6856900
6838900
6899200
7867500
7320500
6822300
7188500
6887900
7066000
8320100
7805500
6784900
6894800
6887400
6913400
7734400
8491300
8267900
8033100
9300700
6843200
6924300
6884000
7328200
7358400
7315100
6813000
6913200
6900100
6826100
6907400
6870300
6957600
6781000
7114200
7912500
8131200
8103400
8039700
6798100
6890200
6889400
6927400
7747200
8004400
7277800
6798700
6866500
6835300
6894600
6870500
6789800
7110800
6777100
8765200
7957300
7166500
6840300
7608300
8228100
7612900
6773300
6931700
6884000
6791600
7937900
8032600
6769500
6833700
6902600
6891400
7355100
8026700
8335300
8200200
7406500
6842800
7002400
6840900
6787700
8058300
8025900
6838000
6886700
6923400
6880100
6961300
6839000
6838300
6838800
6868600
6892600
6808600
6919200
6870800
6977000
6919300
6936000
7963500
8095700
7228100
7011300
6932000
6882700
6895900
6858600
7242800
6851100
6829300
6893600
6845700
6943300
6776800
7148100
8005900
7866800
6788100
6821900
6888800
6814100
6864100
6863600
6858000
6884500
6853200
7946800
8241500
7060900
6899400
7881700
8202900
6771300
6880900
8318800
8127500
6806800
6771100
6848100
6810700
6943300
6841800
6991400
8122500
8151200
8152000
8444400
6763900
6823800
6906700
6821100
6953200
6892200
6921200
6825300
6935100
7007800
6820000
6971700
6894100
7182600
7036000
7048400
6761200
6858300
6969500
6841600
7817700
7968800
7510100
6873100
7143300
6816900
6814500
6942300
6889600
7201100
7132700
7383300
7020100
7210500
7072300
7150800
6842900
6866900
6869400
6800800
7074200
6983400
7116500
6954900
6933100
6879100
6771100
6975700
6802000
7331800
8267100
7970200
7043500
7231300
8224500
7904400
6768600
6801300
6931700
6814500
6860800
6804500
6906700
6910900
6862500
7954000
8029800
8354900
8253600
8307100
8248100
6698700
6848800
6864600
6871700
7688000
7952000
7409100
6821100
6999200
6891100
6816900
6937800
6908400
7771300
7970600
8344900
8164800
8306200
8118900
6822200
6845600
6961400
6797800
6931400
6820800
6812400
7136900
6912000
6892500
6857200
7411400
8052400
8240200
8313100
7696300
6804000
7183000
7932000
7845400
6759400
6888800
7962700
8147100
7258900
6730100
6903200
6817400
6906200
6805700
6854400
7329000
6862800
7147200
6826500
6991000
6796700
7316700
7922600
7955000
6836300
6864600
6848900
6805100
7623800
8072400
8154700
8303600
7559200
6813800
6939000
6861200
6943100
6866600
6803200
7944400
8147500
8334100
8257600
8215900
8118000
6722800
6848600
6944600
6850000
7005800
6807500
6940100
6829600
6796500
7262000
6876300
7055900
6864100
7003500
6806900
7024700
6893600
6912300
6964900
6821100
7005300
6958500
6811100
6842600
7009000
6873400
6891200
6781300
7070900
6775300
6906200
7027700
6889100
6980300
6971900
7127700
6866600
6992300
7042300
6864900
8268400
7671800
6959400
7152400
6888700
6873000
6938200
6945900
6885700
6825800
6803300
6969000
6794800
6959500
6902900
6848800
6994500
6883500
6879700
6877500
7037000
6913700
6931800
6831700
6846200
6806800
6902300
7068700
6987300
7028400
7113300
7068600
6924300
6882900
6959200
6930400
6918400
6898000
6956500
6810500
6848800
6976000
6877200
6956200
6846000
6923400
6951300
6878900
6970700
6888700
6987300
6882400
6967500
6893800
6965000
6839100
6872900
7535000
6871400
7237400
7037300
6991900
7018500
7368400
7039300
7271600
7072900
6819000
6833400
6800600
7048900
7016200
7107900
6926000
6945200
7160800
6939500
7150500
6815400
7058200
6879900
7034500
6891500
6890400
6858200
6841800
7047100
6805700
6909200
6877900
6908400
7206500
6884000
6985000
6858700
6946200
6792600
6901100
6886600
6895200
6973900
6849200
6970900
6969900
6974500
6787700
6908700
6905100
6826400
7145700
6884000
7029300
6817000
6847800
6970200
6841100
6907600
6768900
6913000
6799000
6928800
6949100
6876300
6954200
6868900
6929300
6873100
7010200
6839800
6897200
6966700
6888400
7000200
6846800
6930800
6934600
6880500
6883600
6960400
7072700
6833400
7176900
6827300
7164300
6856100
7103300
6862900
7114200
6800000
7005200
6966400
6864300
7123900
6929200
6928600
7004500
6878100
6939800
6915600
6946300
6785800
6970300
7019000
6957900
7090200
6948300
6826000
6950500
6990000
6852800
7087600
7035900
6877600
7218100
6876000
6895700
6826900
6906300
6827700
6956500
6877200
6929500
6828800
6952200
6919900
6806300
7596000
6947100
6982800
6896700
6948500
6800000
6969200
7070000
6805500
7304200
6847300
7072700
6838400
6933400
6766400
6892500
7150300
6967600
6999000
6827700
7075600
6871700
7088800
6902300
6897200
7032800
6855300
7013600
6891500
7108000
7168400
6861400
6996700
6893000
6910000
6945900
6917500
6885400
6937200
6848100
6937800
6986600
6875100
6907400
6924200
7010300
6796000
6891400
6937300
6876000
6957000
6807000
6969900
6851600
6914400
6963400
6856000
6943400
6918500
6888400
7102900
6949900
6831100
6931400
7274600
6798500
6863400
6943500
6994300
6877000
7046600
6822200
6803100
7465200
6830300
6949500
6869700
7074200
6836700
6841300
6971100
6897400
7003800
6916100
6949900
6956300
7020500
6957800
6903300
7025800
6904500
6916800
6898400
6972000
6875800
6955800
7058900
6902000
7065700
7002900
7608100
6711800
7059000
6859600
7091700
6902900
6945700
7019200
6767700
7117500
6956400
7057800
6793200
6875900
6952900
6876700
7002300
6909000
7312700
6867900
6844200
6860200
6915100
6918900
6885700
7003400
6919200
6926300
7000800
6927500
7075900
6962900
6995100
6763300
6967300
6916600
6862100
6990400
6907700
7375900
6870400
6994500
6827300
7033800
6862200
6955800
7052100
6843600
6983700
6943200
6940800
6886300
6994900
7160100
6828700
6980900
6905400
6957300
6867400
7190400
6914500
6943400
6981400
6879500
6949400
6813700
7018200
6796900
6922800
6921300
6869400
7006000
6840400
7295500
6891800
7056300
6949800
6921400
7047400
6951000
7033800
7422300
7326500
7142300
7004100
6832700
7129300
7285600
7009000
6912600
6939800
6903900
6887800
6786400
6806300
7226400
6850200
6852400
6783000
6969400
6810900
6785700
6882600
6814200
6969000
6904300
6905600
6843500
6874700
7090200
6866200
6807100
6854000
7434900
6976100
7077000
6841400
6970600
6974700
6883500
6930400
6860500
6996500
6886500
7006400
6876900
6909200
6974300
6964500
7308700
7079700
7027700
6713400
6925700
6834300
6928800
6977600
6904500
6980400
6936700
6995400
7024600
6824500
6943400
6910700
6951900
6873400
7043100
6908600
6904600
6941900
6892200
6939400
6970800
6964900
6892200
6930000
6806300
6838500
7072100
6856100
6906800
6886800
6977500
7036900
6844800
7134000
6846100
6990400
6807200
6956200
6928800
6868700
6899800
6860800
6912200
6851900
7129400
7140700
7083100
6923900
6893000
7088500
6905300
7022200
6973900
7053500
7041300
7072000
6833500
6885900
7126700
6829400
6982000
6893200
6947600
6892900
6861000
6967600
6840000
7003000
6855000
6819800
6879100
6890700
6821100
6870100
7110900
6863200
6914900
6775400
7035500
7024700
6976000
6898900
6955000
7135100
6865800
6932200
6959200
7082000
6761100
6919800
7503200
6893700
7114600
6923800
6918100
6972100
6948300
6862100
6956500
6903900
6929400
7155800
6846100
7044300
6846000
6922700
7271000
6879100
6890500
6803300
6916300
6721800
6932400
6801800
6792900
6990800
6810200
7762600
6963600
6963900
6804400
6954000
6761700
6818400
6861600
6825900
7003600
6803800
6886700
6802200
6850900
6908500
6823300
6997600
6897600
6840500
6823300
6780200
6854100
6885900
6938100
6826100
6901600
6842500
6806900
6902900
6782900
6925200
6778300
7047900
6983800
6881000
6834900
6985500
6774300
7096700
6845700
6846900
6936000
6910700
7083700
6906500
7320600
6847900
7018400
6850700
6792000
6920300
6811200
6993700
7050900
7248000
7066400
7063500
6998200
6814100
7191500
6909800
6940200
7127400
6971300
6865600
6845200
7100300
7013100
7000800
6924200
6997800
6922700
6992800
6765100
6919900
6960500
6853300
7001200
6833300
7050100
6883700
7019600
7071600
6896400
6910400
6965100
7054800
6964500
7095800
6855800
6941000
7055600
6917800
7050000
6889500
7035900
6920200
7004400
6931800
6998600
7053200
6866100
6959300
6874500
7204900
6908800
6844900
6943800
7007900
7417100
6835200
7143300
7138200
7039600
6880400
6837800
6976400
7032300
6890500
6835000
7091300
6812500
6958900
6973600
6957800
6958800
6824100
7005200
7017400
7095400
6904000
7208000
7239600
7208900
7136900
7062200
7281400
7310800
7030600
7117100
7141000
7085800
7023100
6947000
6919700
7121300
6831000
7007100
6896400
6871200
6987700
6885100
7138000
6815800
6883600
6806400
6982100
7056700
7034300
6926800
6864200
7031100
6833100
7082500
6938300
6920100
7030100
6914300
7020800
6963200
7029500
6916700
6974800
6845900
6942200
6991600
6961000
7035000
6846300
7266100
6691300
6968300
6894300
7063800
7006100
6916700
7193900
7024100
7384000
6949100
6972700
6839900
6884700
7097800
6954400
6870200
6922800
7072600
6662300
6813400
6958400
6958800
7110200
6900200
6927900
6899400
7150000
6979400
6983800
7015400
6909000
7137400
7248200
7007900
7178600
7429800
7032500
6853900
7160200
7240500
7138500
7189600
7309400
7258000
7298800
7254500
7297100
7203800
7224800
7285500
7319700
7343600
7211100
7288200
7154900
7333200
7277100
7253800
7198900
7268900
7257500
7204200
7344800
7230300
6994500
6889600
6989300
6913300
6987300
6860700
6870500
7694000
6761400
7018800
6841900
6833200
6830400
6909400
6823100
6833000
6878100
6860200
7019800
6875700
6898600
6910400
6949400
6992400
6958800
6938200
6823200
7063400
6919200
7001800
6926500
6863000
7211900
6979700
7117100
6964400
7008100
6902300
6953500
6863300
6912000
6984900
6906700
6996500
6882300
7151700
8106100
7005500
6774500
6949100
7460400
6766100
6930400
6746300
6931800
6796500
6945800
6793400
6848100
7493100
6767000
7042900
6857900
6958900
7059600
6976500
6872300
6954400
6940100
6897900
6970200
6893700
7129100
6947100
7070300
7172400
7035700
7150600
6808800
7217600
6770700
7223900
6802000
6941000
7241100
6974800
7197300
6893100
6998900
6872900
6983700
6896700
6901400
6947000
6929200
7495900
6755200
6964700
6867200
6829200
6845900
6978000
7041200
6959500
7178600
6937800
7010000
6920100
6871500
7000300
6904100
6983100
6871400
7134400
6939900
6993400
7049200
6946600
6999200
6960600
6991400
6905700
7016500
6882200
6855100
7026100
6944400
6921100
6847000
7073900
6970500
7002400
6933800
6894600
7090500
6783300
6958400
6818900
9059000
9958800
7416800
6982000
6967900
6912600
6992600
6868500
6886200
7038100
7003000
7308200
7834900
6999300
6946700
7007700
6908200
6856900
6991000
6884100
6999800
6886600
6996500
6936000
7025400
6879000
6956900
7006200
6921900
7081900
6889200
6989700
6881800
7068500
6957700
6858700
6958100
7127300
6915700
6900500
7231100
6867800
6995700
6925300
6935700
6995900
6978500
7504400
6937400
7173400
6961900
7191000
7040800
7098900
7047400
7111300
7037200
7524300
7170800
6884000
6937300
6938000
7027300
6861900
6900000
7013400
6940300
6910800
6893400
7015600
6863700
7100400
6796600
6879300
7148200
6990300
7068200
6967300
7079000
6974300
7079200
6913200
6925000
7413000
7046700
7236900
6917000
7109600
7001800
7011400
7089100
6979800
7051500
6963300
6980000
6947600
6982600
6940400
7255700
6825400
6918700
6838900
7006000
7089100
6873900
7082100
6896400
7043900
6950600
7042100
7011400
7003600
6987100
6857800
7111000
6836400
6905700
6983100
7039800
6889600
6924000
7200400
6832400
6998600
6930900
6906000
6911900
6809900
6938800
6832000
6909700
6946800
6838300
6986300
6939800
6919900
6844700
7042200
6881900
6889000
6944300
6804600
6923100
6870500
6977200
6778300
7111700
6794200
6899800
6967400
6927400
6950200
6901200
7090600
6926800
6989900
6709200
7126700
7025500
7021100
7046000
6922000
7172800
6824400
6994100
6927000
6922400
7024000
6877500
6897700
6818500
7002100
7013600
6892800
6975300
6859400
7014500
7011200
7141300
6900100
7092300
6914900
6928200
7305100
6924700
7022700
6961000
7279800
6844200
7040900
6997900
6919800
7089100
7076900
7057500
6952300
7954100
7407800
7079300
6790400
6986800
7165200
6923200
7082800
6883300
7366200
7072200
7025200
6904500
7179200
6979200
6981100
7001700
6843600
6987000
6959200
7014900
6919000
6981500
6942600
6893600
7086100
6891100
6930200
6922800
7094200
7103700
6875500
7495400
7051100
7132100
6976700
7100500
7122400
7108100
7044700
6910900
7095400
6902800
6936100
6942600
7204300
6909000
7131700
6927900
6952800
6995500
6952500
7035400
6874800
6963400
6971100
6967400
6903500
6990200
6936700
6839400
7148100
6856300
7019900
6910600
6862000
6934800
6925300
7029100
6958800
7186000
6854700
7226400
6907400
7009000
6981500
6844700
6928200
6876800
6989500
6828300
7126300
6878400
6992400
7235900
6993700
6960500
6816000
7030800
6844000
6956700
7012500
6980300
7004200
6875300
7142300
6959500
6967100
6896100
6909500
7633500
7067600
7012500
7104400
7161900
6900100
7013400
6973900
7212200
6911200
6965200
6973600
7002600
7105400
6829100
7033400
6890100
7047100
6808000
7046000
6834900
6968700
6952300
6896900
7096500
6810900
6942900
7001100
6966700
6989500
6914200
7227600
6797100
7155200
6854600
6875900
6900000
6918700
7027500
6878500
7001700
6906000
7118400
6989000
6973800
8234400
7080900
7070300
6938900
9030200
6940600
7434900
7055400
7078200
6822400
7075300
6918700
6908100
7120200
6950100
6991300
7080500
7586700
6809500
7126800
7396500
7422300
7397400
7477200
7286400
6887500
6996600
6911700
6936200
6839700
6915400
6814400
6878500
6960300
7074000
6985100
7033000
7001000
6902600
6893100
6927900
6839700
7227700
6805300
6919900
6892500
6907900
6848800
6829000
6858900
6797100
6906700
6885300
6870000
6793500
6804800
6916600
6798300
7052800
6993200
6982800
6888800
6925400
7050800
6914700
7012600
6922100
7026000
6981400
7022700
6903800
6937200
7406800
6983600
7061200
6997300
7015400
7164600
6987500
7152000
6892800
6912400
7036200
7035700
6747100
6893200
6906300
7125700
6914100
6891800
6982000
6926200
6951200
6938200
6889700
6860300
7052600
6923800
6979800
6858800
6870400
7059400
6850500
6982200
6960900
7251600
6890700
7114900
6900800
6930200
7038900
6920400
7022400
6981200
7012100
6932700
7084200
6980400
6950700
7251100
6880900
7042700
6938400
7089700
6914000
6917900
6968800
6926000
6925900
6889000
7196300
6872800
7093200
6829900
6853000
6925400
6927600
6987400
6912200
6965000
6956100
6934300
6927700
6870000
7085900
6955200
7267000
6865500
6933500
6860800
7208100
7017500
6930000
7324800
6943400
7177500
6924900
6985700
6958800
7023000
7160800
6953400
7096400
6967100
6942100
6863600
6994500
6956100
6881700
7260900
7019300
7124800
6852300
6972300
6884600
6982000
6907000
7163400
6852000
6919000
7030300
6902300
7072000
6935100
6936200
7049200
6946900
7967700
7037600
6904600
6991500
7454400
6853900
6999700
6955600
6906500
7097500
7061300
6986300
7084000
7065200
7073700
6920400
6833700
6885600
7181400
7028200
7068100
6862100
6957200
6911800
6902100
6942100
6980600
7209800
6985000
7024200
6829500
7111100
6828200
6979100
7050100
6924500
6860300
6888000
7057800
6947700
7134000
7023100
7133400
7014300
6919600
7156300
6799400
6987500
6837300
7004700
7160500
6955100
7709400
7118300
7379100
6967800
7180000
6969200
7047800
6842000
6864000
7134300
6822500
7023400
6866700
6900600
6936300
6851100
7022300
6879100
6933600
6871700
7032400
6844700
7114700
6883400
6905800
6902400
6925200
6914300
6868600
7021300
6826600
6903700
6975000
6926300
7043800
6878800
7212300
6945900
7015600
7014000
6938300
6804200
6980200
6840500
6954400
6893600
7370900
6904800
6876900
6975100
6897200
7017900
6886100
7198900
6855800
6868000
7268500
6941600
7147000
6876700
7091000
6840700
6909400
7067800
6845600
7123600
6846100
7092800
6952400
6853200
6814800
7124300
6955600
6930500
7018000
7083800
7074400
6958100
7300700
7283300
7350000
7026900
7075000
7026600
7294000
7362300
6988800
7178000
6905600
6877500
6808100
6937100
6865500
6798200
6890400
6888800
7000300
6807100
7011900
7019700
7032300
7011600
6943200
7026400
6858200
6974900
6923200
7028600
6961400
6868600
7095600
6874200
6931000
7024500
7018300
7003300
7083800
6876800
6908100
6999900
6896300
7010400
6896200
7069200
6866800
6982400
6922900
6901300
6984100
6789500
7123200
6873900
7266000
6847500
6872500
7010400
6861900
7576300
6841000
7287000
6905400
7207700
7190700
7072900
6973600
6965800
7118600
6882400
7255400
6931700
6967200
6966500
6832400
7098800
6893100
7025800
7020100
7132300
6906700
7019600
6922100
6930900
7063600
6991000
6943300
6964100
6939000
6956800
7006000
7016600
6926000
6941700
6923100
6955900
6810600
6999200
6924600
6905200
6875600
6955800
7052700
6868400
7093900
6953000
7003800
7017900
7034200
7273500
7059500
6985100
6959000
7070400
6953400
7296400
6950300
6945400
7107300
6900300
7010100
6958800
7310700
7011100
7146000
6908600
6903900
7247200
6912700
7091200
7045200
7113400
7046200
7014100
7096200
6919800
7119400
7207200
7061400
6971100
7020900
6980100
7103200
7007900
7125000
7126700
6879500
6977100
6938000
7224600
6954900
6944800
6956800
6902000
6884200
6858600
6916300
6863200
6884700
6916800
6831100
6889400
6849400
6859500
6903900
7008900
6849700
7121000
6927400
6891500
7062400
6921700
7004700
6982100
7026000
6911200
7090900
6973400
6942000
6986400
6931300
7042300
6950500
7092900
7040200
7082000
6932200
6940300
7353300
7100700
7138300
6995900
7193800
7002200
7002600
6987700
7089800
6908400
7019400
7066600
6885700
7222600
6939300
7385000
6992100
6972100
7091400
7293300
7352800
6963300
7541400
7040800
7096500
7311100
7002900
7273700
7060500
7266800
7283800
6980200
7247200
7151700
7293600
7175300
7104700
6939400
7022600
6996200
7003500
7418400
7179200
7086200
7157700
7108400
7259700
8072700
7821700
7202300
7806100
7070100
7918200
7411300
7269900
7813500
7094200
7799100
7006700
7679900
7421500
8108700
6995700
7404000
7330500
7007600
7322400
7017300
7312200
7016700
7098700
7178400
6811000
7384400
7636100
7626600
6926100
7356100
6917800
6988900
7081100
6932100
7328500
7197300
7516100
7373200
7483500
7495200
7133300
7600300
7518000
7375900
7186700
7077000
7085700
6874200
7214100
6924500
7369900
7067200
7118600
7445500
7044800
7362600
7248600
7266800
6968700
8081700
7169800
7423400
7527400
7140000
7520100
7281200
7359700
7560900
7577600
6958100
7118900
7148400
7056000
7129700
7054800
7336700
6967200
7094300
7360300
7006900
7336200
6927900
7173300
7159600
7377800
7575200
7438800
7625600
10187100
8885400
9051100
8151100
7422300
7005200
6881500
7177100
6987900
7140000
6888300
7026600
7076000
7053200
7106200
7077200
7248800
7057700
6951500
7074900
7197800
6860700
7188300
6976200
6940500
7356700
7271600
7002400
6862900
7142800
6845900
7311400
7030400
6904400
7155300
6867900
7074200
6801600
6951800
7179600
6908400
7138200
6918000
7076300
6871100
6858100
7155300
7327200
7344700
7582400
7546200
7469700
7118500
7312600
6986200
7548300
7476500
7594700
7400600
7301900
7547400
7267500
7780200
7416900
7807200
7452600
7427400
6836200
7373200
7080600
7155100
7085200
8003800
7479000
7150100
7511900
7209100
7641500
7406100
6957200
7351200
6990600
7246700
7002500
7398400
7521700
7291600
7475900
6933600
7342000
7128300
7797600
7490300
7630400
7228400
7065800
7164800
7052400
7144000
6914400
7305700
6942500
6966700
7368200
7460400
7510100
7097700
7682500
7158700
7880100
7372500
7292300
7595700
7378000
7422200
6951700
7510100
6910400
7634100
7113200
7048100
7470900
7194000
7447100
6937500
7477600
6852700
7025100
7317200
7223700
7338400
7011500
7523200
6928700
7087800
7434500
6984500
7848400
7008900
7377100
7102600
7124900
7595700
7017500
7329000
7241900
7479800
7216400
7122600
7401000
7070900
7484900
7334700
7260600
6911200
7400600
6990700
7062100
7241400
7071300
7381100
7090100
7520600
7103600
7492100
7348500
7286000
7755800
6998500
7086100
6877100
7385500
7050400
7163300
7257500
7062200
7296300
6986000
7193400
7104700
7070300
7627900
7135800
7024300
6960700
7113100
7071300
6932600
7435000
6976400
7241600
7128100
7355500
6906400
7128200
6903400
6979900
7163100
6925300
6944300
7002800
7077500
6893000
7003100
6977400
7112600
7131900
6808700
6989100
6857100
7021900
6855400
7038300
6963400
7035500
6818000
6958800
6970500
7346900
7148200
7110000
7097500
7119700
7188600
6944300
7182700
7320300
7416500
6814800
6894300
7518200
6926400
7319700
6883300
7083100
7123300
7069300
7306700
6954900
6958100
6909800
6956200
6942400
6918000
6964600
7070400
6955700
6900100
7141300
7090800
7153100
6995100
7837700
7073300
7026000
6983300
7388800
6936900
7032600
6846500
7153800
6996500
6982000
7071900
7020600
7022600
6942000
7048000
6971500
7073100
7237100
6955800
6949500
7014800
7301100
7263700
7245000
7080000
7146300
6867600
7128900
7084600
7042100
7123900
7137600
6897100
6891700
7040100
7089100
7171300
7062000
6974700
7075400
6837300
7021100
7117400
7393300
6843300
7202400
6803900
6889300
7378900
6967800
7131500
6877600
7102900
6833200
6957100
7044700
6811700
7096700
6825300
6941400
6922300
6875300
7020800
6913000
7006600
6988200
6942500
6845300
7005300
7028400
6981300
7624600
6969700
6972800
7120600
7022600
7277000
7018900
7205000
6819200
6993200
7084800
7079600
6872700
6935000
7232800
7031100
7103300
6837200
6875700
7126700
7019000
7807400
7119400
7170600
6975500
7109500
6926900
7038800
6991100
6921800
6990500
6966000
7059300
6961600
7028700
6914800
6944700
6955700
6969400
7021200
6955000
6952700
6868900
7055700
7036200
6894400
6913000
6928400
7009900
7045600
7085100
7006700
7101000
7062500
7014100
7009500
6885400
7240900
7031200
7118500
6830500
6914400
7140500
6977900
7094800
7064500
7131600
6847200
7141000
7046000
7057900
7012200
6863500
6927100
7045100
7063900
6870000
6917700
7006100
6927500
6820800
6940500
6869200
6984500
6872700
6910600
6926500
6880500
7003400
6911200
7068100
7087700
7151400
6796900
6842200
6920200
6825800
6990900
6875900
7022100
6956400
6809000
6982700
6834700
7119200
6854300
6977000
6860800
6914200
7237800
7102000
6928400
6830300
6935700
6987600
7115900
7072800
6974300
7131600
6927500
6905400
7017100
6986100
7089300
6804700
6982100
6829700
6888900
6919700
7050300
7109800
7151300
6800100
6844000
7008900
6925300
6923200
6922900
6965800
6858600
6930000
6991200
6929300
6962200
6917900
7215500
6794200
7104400
6847200
6934300
7129500
7025100
7188700
7141500
7280700
6788000
7248700
6916600
6918300
7093200
6912100
6951400
6947900
7677300
6809900
7143900
6890200
6953900
7033100
6938300
6968500
6909500
7028100
7175600
6954400
7180700
6905800
7103700
6903600
7026300
6960700
6965500
6915000
7045900
6919000
6936700
7100000
7041900
7067100
6934200
7215200
6986700
7005500
7125800
6941300
7232800
6886200
7058600
6871400
6897600
7151000
6917500
7078600
6860800
6923300
6949300
7068200
6804600
6875000
7043100
6982000
6959800
6855500
7050800
6817900
6901100
6951200
6842900
6953500
6882000
6994400
6798800
7129500
6973000
6995700
7009600
7002000
6996200
7157100
6885800
6807500
6932200
6988100
6910400
6947300
6885100
7118100
7133800
7054700
6912100
6981700
7165500
7140500
6925600
6878500
6966000
6984800
6906600
6929600
6956200
6998100
6968700
6964900
6878400
6917600
6966700
6879700
7091600
6999600
7503000
7916300
7170200
6892400
7099400
7088500
6987900
6877900
6894400
6918700
6911200
7048000
6776400
7060100
7061300
6976000
6836500
6978000
6978500
6995600
6861800
6939400
7086700
6997100
7244600
6979800
7058800
6886600
6992200
7015500
6948100
7109900
7061700
7028400
6965100
6968900
6953500
7066000
6847600
6859300
7082300
6896100
7027600
6875800
6999400
6938200
6850800
6950400
6860900
7099400
6837900
6975200
6828500
6885600
7118200
6922200
6900500
6868600
7273600
6981800
7044700
6809900
6884800
7127400
6848900
6973000
7027700
7045700
6998600
7005200
7401300
7501600
7440700
7563000
7334200
6965700
6966800
6995200
7197900
7021500
6936900
6951800
6891700
7126300
7201800
7077100
6934700
7071100
6847100
6904100
6994500
6910000
7030300
6826200
6993500
6835000
6855200
6893900
6861000
6989900
6864300
7053800
6947900
7021500
6690800
6769100
6961500
6899100
6968500
6816100
7000700
6751300
6976900
7017400
6870900
6988000
6893900
7017000
6797700
6932500
6988500
6834300
6964100
6830600
6901200
6966700
6902700
7077400
7073300
7151300
6859000
7033100
6910600
7060100
6766600
7032100
7041500
6861700
7096700
6918300
7459100
7088800
7258100
7075400
7032500
7061900
6883400
7157000
7010100
7172800
6818500
6910500
7018600
6989600
7024000
7001100
6983800
6948800
7031200
7098200
7077300
7236900
7094100
7034700
6822500
7024800
6912300
6964900
6949300
6983100
7088700
7017100
7061400
6958200
7034900
6940300
6908500
7267300
7081000
7038000
6870600
7000700
6921000
7268000
6943500
6934500
6946900
6947700
7013900
7013100
6959800
6882000
7200600
6783600
6893200
7146900
6831500
6966300
6893400
6994500
6786700
6951500
7333000
6886700
7116800
6773400
6961500
6956300
6896800
6901500
6958100
6861000
7162400
7221300
6910200
6985300
6874500
7000900
6880400
6934300
6872900
6872900
7348300
6863300
6958000
6841500
7022200
6871700
7018400
6957000
6920700
7780400
6918400
6937200
6839300
7147600
6890300
6836100
6817200
6818700
6943300
6925300
7006400
6793000
7084100
6937100
6935400
7055800
6974900
6913300
6810300
6990400
6883900
6907900
6923000
6970600
6950900
6869700
7072200
6896200
6976300
7009800
6957200
6904300
6931700
6963900
6846900
7106000
6824600
7038200
7134700
7019200
7064200
6821200
6954600
6942700
6978700
6999500
6981500
7000400
6866500
6887900
6918700
6980800
7090600
7132900
6968700
7245700
7014500
6879900
7057100
6986000
7050700
7037700
7232200
7067800
7145300
6987600
6963600
6848800
6881100
6910800
6857200
6875000
6881300
6861100
6805700
6904200
6897700
6866200
6817800
6925400
6896700
6911800
6827000
6956900
6927000
6886000
6960300
6844600
6910000
6812900
6958800
6830500
6851300
7073300
7009800
7211700
6828200
6983200
6836300
6972100
7086200
6937200
7108600
6916700
7060600
6900600
7092000
7037200
6955100
6979400
7027500
7281300
6916200
7034800
6917700
7040300
6896700
6959500
7060500
6905500
6991300
7009600
7045100
6937900
7033400
7155200
6928500
7237200
6920700
7100800
6969700
6922300
7253300
6863500
7244500
6938700
7003100
6974900
7136800
6938000
7037800
7114600
7146000
7255600
6845700
7157100
6947600
7071000
6853700
7089700
6805900
6901500
6979500
7017200
6948100
6852600
6939500
6844400
6945800
6991100
6964300
6984900
7000500
7290700
7090500
7163400
6904400
6961900
7360100
6824900
6972700
6921100
7014200
6897700
7252600
6921200
7040900
6880100
6991900
6977200
6944600
7013300
6897600
6985500
6838300
6903400
6916000
6995100
7293100
6981200
7093900
7059800
7191000
6770100
6996700
7407900
7406100
6922800
7697500
6905700
7161600
6904900
7023200
6774700
6991800
7201500
7000400
7140400
6932800
6892400
6890700
6931100
6853900
6804900
6981200
6932700
7098300
6858300
6953800
6821100
6795600
6967600
6847000
6947500
6938500
6992800
6823100
6977400
6913700
7005500
7013200
6875300
6992300
6825900
7040800
6852200
6854000
6966600
6913400
7442500
6891800
6963800
6904100
6902400
6915100
6866400
6948300
6920500
6975400
7054600
7214200
7037500
7146400
7031400
6999800
7007100
6864200
7077600
6951900
7012800
6903000
6975900
7086100
6990500
7057900
6906000
6966700
6976900
7029600
7034800
6993800
7299600
7147200
7035900
7114500
7061700
7106800
6916400
6938000
6893700
6997000
6942600
7005400
6970800
6962800
7002900
6916500
6988000
6990000
7170400
6944100
7038700
6873400
6963300
6869300
6848900
6961800
6887200
7037300
7046100
7221000
7088100
7023900
6911000
6954700
6941200
6929600
7033300
6938100
7098300
6993200
6886300
7076000
6951700
6932500
6971800
7015900
6869100
6949100
6921600
6863900
7145100
7086100
7122200
6821300
7062600
6933400
6998000
7033200
6950700
6996900
6911000
7085300
7140000
6918400
6916700
6895900
6831900
6969800
7095200
6964100
7142900
7312000
7056300
6875500
6913400
6958700
6947300
7282500
6903300
7326000
6933900
6969200
7137300
6925100
7039300
6904400
6999700
7005300
6903400
6956000
7003500
7352100
6867000
6964400
6867900
7366800
7013200
6883800
7245300
7277000
6842400
7082000
6946200
7075200
7451700
7097600
6999900
6907600
6932300
6881000
7050300
7228100
6909700
6865700
6858300
7004400
6819500
6997200
6888800
6831400
6930000
6923100
7004600
6854500
6952100
6831200
6827500
6947600
6848500
6948200
6903300
6880200
6848600
6999400
6892300
6903900
6960000
6849100
6991400
6878300
6978000
6921000
6814500
7265300
6991600
6898900
7076800
6910900
7044800
6822800
7135700
6890300
6862000
6917300
6857200
6856800
6987800
6897900
6835700
7135100
6999400
6958400
6873700
7028000
6896700
6811900
6956600
6828700
6973400
6847100
7019500
6807200
6928800
6960500
6864900
7013000
6952500
6885400
6884800
6983600
6900000
6872600
6929600
6900000
7327900
6832600
7023800
6778800
6851000
6967400
6857000
7036600
6947600
6988700
6825100
6971500
6988100
6993400
7033100
6955800
7043500
6965100
7093500
6868300
6928400
7156100
7023500
7045200
6791500
6949800
6844700
6885400
7030600
6913200
7196100
7248400
7256900
7061900
6939700
6737500
6904400
7020500
6843300
6951600
7098100
6961000
6792000
6898300
6938200
6855500
6898600
6915700
6842900
6793600
6969500
6952300
7055600
6915300
6796000
7175100
6824900
6866100
6853400
6816100
6833200
7003400
6938800
6832400
7024700
6760800
6880600
6810900
6871400
6979500
6847800
7272200
6949500
6782400
7223200
7094700
6986900
6860100
6954400
6989800
6921000
6906100
6939400
6796400
6916800
6961100
6842700
7211600
7124000
7347200
6957700
6927700
7033200
6943100
7110200
6903600
7001600
6849200
6877700
7021000
6902400
7226200
7122900
7105500
6843100
6990000
6878800
7052400
