1000000 561841 
1000000 614302 
2000000 1.25856e+06 
2000000 1.39386e+06 
3000000 2.34921e+06 
3000000 2.64493e+06 
4000000 3.54277e+06 
4000000 3.98499e+06 
5000000 4.9219e+06 
5000000 5.45932e+06 
6000000 6.61271e+06 
6000000 7.24562e+06 
7000000 8.30305e+06 
7000000 8.96968e+06 
8000000 1.01233e+07 
8000000 1.08301e+07 
9000000 1.19214e+07 
9000000 1.27688e+07 
10000000 1.38596e+07 
10000000 1.48575e+07 
11000000 1.58715e+07 
11000000 1.7094e+07 
12000000 1.79976e+07 
12000000 1.91509e+07 
13000000 1.99995e+07 
13000000 2.12343e+07 
14000000 2.20629e+07 
14000000 2.32725e+07 
15000000 2.40992e+07 
15000000 2.53792e+07 
16000000 2.61819e+07 
16000000 2.75868e+07 
17000000 2.82449e+07 
17000000 2.98453e+07 
18000000 3.04169e+07 
18000000 3.21237e+07 
19000000 3.25644e+07 
19000000 3.44467e+07 
20000000 3.48376e+07 
20000000 3.66714e+07 
21000000 3.70141e+07 
21000000 3.89359e+07 
22000000 3.92725e+07 
22000000 4.12182e+07 
23000000 4.1619e+07 
23000000 4.3652e+07 
24000000 4.40141e+07 
24000000 4.61318e+07 
25000000 4.65063e+07 
25000000 4.85774e+07 
26000000 4.91812e+07 
26000000 5.11792e+07 
27000000 5.17925e+07 
27000000 5.3875e+07 
28000000 5.44995e+07 
28000000 5.65449e+07 