2045900
2082800
1828600
1830500
1903900
1832600
1792300
1777500
1826300
2026300
1947600
1872700
1864800
1844600
1905500
1846700
1820100
1861300
2041400
1891100
1814200
1884100
1862200
1839600
1763200
1825000
1768300
2182700
1907800
1947700
1841700
1828300
1851100
1784000
1833200
1764900
2037700
1914900
1905300
1809200
1810700
1858100
1860400
1834900
1806500
2218100
2208900
1781900
1769200
1776400
1811500
1834300
1771500
1858100
2149500
1947000
1820500
1801600
1876700
1858500
1813600
1798600
1944300
2096400
1888600
1825400
1822800
1875300
1851400
1829400
1863000
2058900
2026800
1807400
1841300
1855500
1807700
1798300
1766200
1765800
2026300
1826300
1764600
1799600
1997200
1946400
1745800
1781600
1772500
1791700
1767700
1774600
1780000
1974900
1984300
1871100
2117000
2103900
2519000
2259300
3533900
2581300
2124700
1970200
2058700
2092800
2001500
2367600
2180100
2189500
2210700
2220600
2029100
2001000
1963300
1944000
1962100
1968800
1947100
1970800
1952100
1986400
2011300
2005900
2007700
2039200
2047000
2023200
1994000
2060900
1979900
1963800
1975700
1959800
1966200
1963000
1965700
1956200
1884800
1949800
1842900
1798300
1881800
1997600
1925700
1806100
1780100
1821200
1825800
1768500
1767600
1960500
1884500
1769800
1795400
1874100
1903100
1830000
1804300
1869600
2253200
1861500
1883000
1815500
1862600
1833100
1773600
1764500
1969800
2202300
1921800
1828700
1770500
1923000
1863300
1810000
2094000
2178200
1874100
2069700
2111100
1983300
1960300
1935500
2009900
2209800
2139700
1981500
1875400
1969100
1903600
1871900
1859700
1913300
2105800
1883800
1845000
1878100
2018600
2159300
1958500
1968600
2101100
2081000
2490100
1836000
1902700
1882900
1956000
1857700
1965300
2030600
1897500
1871700
1795700
1855800
1789100
1877900
1880800
1856200
1871100
1812600
1818500
1808900
1832300
1807700
1968300
1941400
1959800
1838100
1844400
1798600
1788300
1829300
1873400
2002300
1813400
2057700
1836500
1878700
1836900
1847400
1811700
1900700
1777100
1768200
1852300
2148600
1855400
1917700
1931700
1874000
1888300
1754500
1766500
2003400
1873900
1844900
1803500
1844600
1903700
1804200
1808700
1817300
2203600
1884900
1934100
1840500
1834100
1831600
1787700
1786500
1981200
2013300
1884200
1893400
1870200
1881400
1790300
1807900
1805500
1839700
2257800
1789500
1774400
1785000
1881100
1794100
1780100
1791500
1989200
1965500
1800600
1772000
1798100
1943000
1813900
1817100
1804000
1983800
2520900
2126800
1999000
2154500
2430200
1829300
1863200
2114000
1926700
1885900
1890400
2383100
1928500
1992500
1912400
1828400
2101700
1789500
1783400
1919800
1811700
1934700
1814700
1882100
2006700
1880200
1813200
1843500
1819400
1816700
1847200
1837500
1821200
2070800
1845300
1807200
1808900
1890400
1898200
1932000
2067800
1984300
2058900
2058400
2038900
2245200
2204900
2059700
2063400
1960500
2187200
1914900
3320500
3433300
4631800
3492000
4411200
2158500
2107800
2172000
2313100
2188400
2170800
2221400
2341900
2258300
2555600
2309700
2499200
2215400
2202300
2176000
2140600
2078400
2031300
1970600
2031100
1951300
1955500
1908400
1874700
1868000
1952000
1781600
1769100
1977700
1915900
1905500
1826000
1846500
1818500
1879100
1843200
1896600
1946300
1879800
1771200
1829800
1864200
1781100
1882700
1805900
1951600
2164300
2070600
1917700
1918000
1905700
1799600
1830200
1893900
2039700
1881900
1895100
1939800
1867500
1805300
1832300
1853800
1833000
2056700
1846400
1854600
1850800
1810900
1839900
1853600
1917200
1856200
1991000
1864600
1860300
1810500
1845200
1935900
1924700
1934700
1923900
1975500
1770800
1819200
1780800
1853700
1956000
1936900
1895000
1930000
2006300
1878700
2026100
1947100
1895100
1942500
1883200
1862100
1890000
1869000
1787500
1782900
1784100
1784200
1979200
1819500
1864900
1896400
1783200
1749500
1758100
1782000
1800100
1872700
1828000
1827200
1892800
1856400
1729900
1756600
1757400
1890300
1882200
1906700
1800600
1889400
2011700
1862600
1834300
1847100
1943400
1774200
1866400
1783500
2061600
1910900
1812100
1845000
1865800
1819600
1859700
1754100
1743800
2168700
1819800
1810800
1833000
1974600
1806300
1807900
1803300
1857500
1911700
1813600
1765200
1768200
1809500
1762200
1772600
1762600
1863800
1816400
1894700
1806900
1850300
1813200
1811300
1798200
1798700
2005800
1897000
1874700
1817000
1834400
1748900
1756900
1764700
1782100
2028700
1845000
1802700
1760200
1796100
1764900
1778700
1768900
1789900
1785700
1766900
1928800
1805600
1839400
1816700
1807900
1930600
1866100
1742100
1777000
1853800
1779900
1762900
1766400
1787500
1765100
1762400
1909300
1776200
1943200
1771200
1776800
1771300
1762600
1815700
1796600
1795800
1794700
1971400
1800100
1751800
1748000
1807000
1792600
1792200
1782300
1783800
1964400
1756700
1794400
1771800
1792300
1789300
1781800
1832100
1786300
1980300
2062400
1886400
1844400
1840400
1836000
1825300
1875800
1858500
1892600
2013200
1800900
1903300
1832000
1812800
1856600
1887500
2108100
2098800
1966200
1890600
1901900
1893000
1815500
1862400
1886000
1864400
2195600
1881600
2089500
2008400
2053600
1805200
1839100
1921500
1958700
2067500
1887500
1899600
1852000
1914200
1888400
1867200
1832500
2056400
2025800
2060900
1912300
1846400
1932500
1871500
1867900
1800100
2123800
2226400
1931400
1817100
1850900
1825000
1913600
1770800
1818300
1974900
2027400
1885200
1841000
1876300
1837200
1825300
1821300
1906200
2127900
2028600
1827700
1819200
1920500
1943100
1834200
1820000
1970300
1888400
1959200
1864200
1878300
1887800
1846700
1819000
1839600
1996400
1877900
1826100
1844300
1831200
1830600
1766900
1766400
1910200
1977900
1836200
1774200
1764000
1787200
1794100
1760600
1793500
1976600
1982500
1781900
1758400
1765600
1824200
1809500
1777700
1863500
1839000
2146500
1762400
1774900
1773000
1777900
1788900
1769300
1796400
1836000
2135000
1882600
1769500
1758200
1833300
1844100
1808400
1806900
2021100
1873700
1829600
1806400
1832000
1807400
1821600
1800100
1808000
1849500
2121500
1833200
1801000
1797800
1809700
1936100
1801700
1889000
2071200
1981100
1869100
1822100
1829200
1846900
1815900
1777600
1761200
1824500
2048000
1809100
1805900
1806100
1830400
1833100
1797100
1901300
1931800
1995200
1817100
1806600
1800200
1818000
1834100
1800800
1837100
1931800
2064300
1860400
1820400
1800100
1810200
1844000
1996100
1846000
1911200
1950400
1733900
1750700
1786200
1777000
1792800
1763900
1765400
1809900
2069400
1815200
1796700
1793500
1813600
1842700
1925300
1905100
1848000
1890900
1850400
1829400
1820000
1828600
1840300
1821300
1828600
1914300
1957300
1808000
2053900
1838300
1870400
1964000
1783300
1749900
1756400
1989600
1854900
1799100
1804600
1847800
1806200
1803600
1803700
1937100
2001600
1814000
1822900
1808400
1843400
1944000
1794800
1746300
2019300
2306600
1856600
1786700
1841800
1836800
1744800
1772800
1792200
1921400
1948400
1789700
1796100
1778800
1829200
1797000
1790100
1779500
1911300
2045200
1793400
1785100
1785700
1791000
1801200
1786400
1837200
2038100
1977100
1855400
1812900
1788500
1836300
1786100
1824400
1803400
1766700
2118600
1991100
1780800
1778700
1793400
1780400
1823400
1765600
1771200
2216800
1977400
1841100
1828500
2062900
1952900
1824100
1815900
2055600
1947500
1841700
1817200
1859700
1860600
1864400
1814700
1820400
2087600
2065400
1814000
1794800
1841200
1878100
1818700
1753700
1787400
2488400
1800600
1809400
1801700
1832200
1806100
1799800
1800800
1913800
2062700
1832000
1828200
1823600
1960200
1943400
1762100
1776600
2117700
1914400
2327400
1823600
1797300
1783900
1820600
1785100
1794000
1953200
2075700
1856500
1850300
1850800
1798800
1770300
1782400
1787500
1984900
1985600
1824900
1862200
1873500
1824500
1824500
1875700
1794600
2112700
1934000
1849800
1916400
1818100
1858000
1809600
1805800
1787600
1885200
1824900
1825700
1760000
1781700
1792700
1770700
1762800
1764100
1907300
1900800
1769900
1765900
1756800
1789700
1803400
1811200
1781400
1812900
1918000
1828900
1772400
1781400
1837800
1811000
1799600
1802900
1893400
2099800
1821400
1938200
1782600
1836700
1816900
1816300
1797900
1926400
1900900
1835300
1776500
1783900
1868500
1824300
1802400
1795200
1842100
2026300
1824400
1929800
1759600
1813200
1760000
1800600
1781400
2141500
2002700
1844500
1891700
1840500
1857100
1814200
1821000
1809200
1949500
1889200
1949300
1861100
1749900
1904300
1782200
1841200
1778600
2058100
2125700
1894900
1872900
1938100
1853900
1841100
1804700
1833900
2034200
2060100
1971400
1809400
1868200
1929700
1784900
1791600
1803200
1867200
1753000
1779800
1755000
1913000
2058200
1846800
1824200
1938700
1829800
1815200
1820700
2051000
1917400
1939900
1829000
1833100
1848000
1809300
1823600
1820100
1928300
1823100
1912200
1869100
1828800
1732300
1733500
1755200
1777400
1865300
1755500
1933900
1815100
1922200
1812600
1797900
1808000
1845100
1908700
1798100
1917200
1774600
1844100
1781800
1923700
1730900
1747000
1759200
1769700
1964000
1841200
1806000
1770200
1793100
1760900
1862500
1804100
1754100
1780200
1970500
1766400
1758700
1758100
1767100
1988400
1826500
1833000
1827000
2065800
1765500
1773700
1764200
1893000
1779500
1761200
1784000
1782200
2067600
1808500
1805100
1804600
1889500
1761500
1732200
1766800
1761800
1956500
1812100
1814500
1834000
1849700
1815300
1799800
1804500
1891300
2010000
1778100
1756700
1784100
1892100
1747600
1742500
1761400
1792500
1858400
1798000
1753000
1811300
1959800
1769700
1780000
1801900
1815800
1874200
1870600
1804100
1873200
1901300
1755500
1771400
1783900
1904400
1846900
1859900
1793000
1816800
1743700
1729500
1771400
1796600
1864600
1769100
1883800
1925500
1843400
1843900
1754300
1796100
1860300
1769300
1767600
1937900
2291800
1894100
1803700
1947600
1811100
1837500
1808400
1867200
1948800
1828700
1853600
1766100
1793500
1905400
1745700
1772800
1843000
1898600
1808100
1804800
1807200
1797600
1872300
1838300
1817200
1838700
2007700
1825600
1787000
1759400
1889500
1818100
1870200
1953000
1849400
1788900
1723500
1751800
1764800
1776800
1760800
1766500
1773500
1869600
1847400
1799900
1750800
1781000
1781500
1790100
1778500
1777200
1781700
2044200
1988200
2250700
1890600
1827100
1843300
1822000
1820200
1820800
2376000
1935000
1742600
1765100
1786400
1781700
1762700
1768800
1760000
1884900
1798700
1808000
1787900
1778400
1782900
1845700
1793400
1788200
1998100
1771700
1773000
1870700
1876500
1752700
1766200
1795600
1782100
1869600
1841000
1943800
1840700
1806300
1809000
1794900
1786000
1785700
1937100
2008600
1825600
1840700
1825100
1821400
1823500
1829500
1834600
1907400
1844200
1823400
1893200
1804400
1804400
1802400
1806600
1808600
1864600
1892200
1753100
1745800
1769700
1796200
1929300
1898700
1871900
1889500
1872500
1824000
1785100
1789100
1780900
1849000
1802600
1786800
1826000
1959000
1808000
1783600
1793700
1792400
1835700
1787800
1785300
1983300
1960200
1787100
1789200
1783900
1915100
1817200
1804600
1816100
2000200
2020600
1910800
1769600
1795000
1973500
1815600
1835600
1809300
1985200
1775200
1765000
1779900
1876300
1869300
1796600
1805600
1901500
1955600
1798700
1756700
1784000
1993300
1843200
1815300
1803400
1848900
2003900
1856000
1819800
1819300
1765600
1772000
1767400
1775500
1781900
2105700
1790200
1785300
1789200
1809400
1784200
1792800
1787700
1787000
1947900
1863400
1751600
1763000
1790100
1784000
1781100
1789700
2056400
2009200
1940900
2356500
1805500
1817500
1786900
1786800
1938100
1838700
1873300
1894800
1830400
1831700
1843100
1818900
1825400
1891500
1764500
1897600
1789500
1784500
1767700
1766900
1771200
1771000
1769100
1777000
2211400
2175100
1995900
1893100
1887500
1873700
1931600
1927600
1784900
1873800
1817600
1828500
1802400
1800700
1843500
1874000
1809200
1870900
1923000
1912100
1837100
1895200
1916700
1881900
1954800
1943400
1855400
1839300
1785600
1858100
1844100
1771400
1783300
1792300
1784500
1783300
1973100
1921200
1828800
1898200
1827200
1807100
1837800
1827900
1956100
1841700
1795000
1810500
1785300
1974600
1766500
1762300
1765900
2129600
1836100
1784000
1786200
1787000
1793700
1782700
1783800
1785400
1796100
1925100
1819600
1807000
1804000
1813700
1803700
1805900
1796800
1807200
2068700
1766100
1736200
1760100
1765400
1759400
1769300
1779000
1816300
1935500
2103800
1843800
1844300
1822900
1846000
1908400
1865300
1800900
1967300
1736500
1872400
1911700
1902300
1861800
1787300
1822200
1785100
1927500
1838000
1824900
1743600
1765100
1787200
1832000
1779900
1842700
1772600
1906900
1862800
1791400
1784900
1786800
2000200
1863500
1800300
1839600
1994800
1815300
1843400
1781400
1747800
1929500
1834800
1837900
1821800
2038100
1755000
1768400
1787400
1915400
1795400
1791500
1785000
1796700
2085700
1849400
1826900
1802200
1913200
1807900
1813100
1811400
1860900
1903800
1762100
1748600
1760500
1999600
1811700
1802500
1809700
1967100
1875400
1731900
1754100
1833000
1868500
1786400
1783200
1780100
1870000
1904900
1786200
1780000
1884600
1787200
1786500
1803200
1787400
1924900
1841800
1792300
1778600
1895600
1788000
1786400
1786100
1899400
1790500
1860000
1769000
1753900
1865200
1766600
1802600
1766700
2043700
1830500
1897400
1781400
1824900
1792700
1764500
1764700
1760600
1933200
1770900
1804300
1806100
1912900
1856000
1798300
1819500
1801200
1879700
1762900
1773700
1832500
1844300
1783800
1759500
1760500
1807600
2073300
1808800
1808600
1898200
1834000
1776800
1768000
1766000
1919600
1819600
1801800
1823400
1881300
1807300
1765600
1763300
1759000
1920800
1831400
1801000
1828100
2025000
1834300
1811400
1798200
1805700
1925000
1831200
1834600
1834500
2178700
2009900
1830600
1774000
1810500
1772700
1782600
1772700
1777700
2254200
1827100
1824200
1813100
1877500
1842100
1804100
1824200
1886500
1978000
1811400
1809700
1895300
1783400
1731600
1760400
1779500
1890100
2004800
1804400
1799600
1847900
1795600
1801500
1795200
1886000
1881300
2028800
1734500
1792800
1818800
1774900
1758100
1767200
1810200
1763500
1947800
1910000
1866700
1829200
1821600
1869400
1832300
1924500
1843300
2042700
1861400
1909600
1837100
1854200
1914300
1968000
2055900
1949900
1888000
1901600
1848700
1816600
1831900
1856300
1954300
1828100
1885400
1934300
1786900
1763600
1762400
1783600
1765400
1773800
1799800
1830200
1899700
1877100
1806200
1819700
1812600
1834500
1820000
1826200
1859200
1991900
1835600
1783100
1778700
1789600
1785000
1815100
1782900
1863600
1928600
1820700
1834700
1812500
1841400
1799100
1809600
1821000
1855400
1949100
1945700
1816900
1822700
1812800
1911700
1943600
1824300
1821600
1979800
1812300
1782700
1779300
1827200
2050300
1816500
1805600
1796100
1899600
1806200
1817200
1799300
1987700
1967200
1925700
1738200
1790400
1783600
1766400
1765900
1772400
1865400
1889800
1897900
1774300
1863700
1767100
1751800
1778200
1777800
1789500
2018500
1837900
1790900
1953300
1808800
1811700
1812300
1822100
1805600
1906700
1766400
1751400
1773500
1783100
1792900
1784200
1804900
1791900
1952400
1841300
1822300
1818000
1817400
1821100
1828700
1845400
1799800
2068200
1834500
1822400
1829200
1819700
1817100
1813100
1812700
2065700
1787100
1727400
1727700
1765500
1764500
1784600
1774600
1763900
1854900
1768200
1761700
1763200
1780100
1761800
1767100
1763400
1758000
1952300
1781600
1750000
1758600
1781300
1779600
1784400
1779700
1778600
1992600
1802500
1797700
1797000
1794300
1797200
1798600
1806800
1799600
2003300
2224000
1847500
1802300
1801300
1796700
1792100
1804900
1884700
1814200
1753100
1760100
1769100
1769300
1763500
1758700
1766300
1899400
1793100
1764200
1772100
1769100
1769200
1761100
1759300
1760300
1812900
1790200
1766500
1892000
1931200
1758300
1758500
1793100
1766900
1780100
1781900
1781900
1895900
1808100
1838200
1781800
1811100
1816300
1802600
1787800
1822100
1869700
1801200
1798500
1886100
1946800
1827700
1828600
1813900
1794600
1797100
1792300
1854300
1831100
1781700
1826100
1780900
1782900
1777200
1805000
1787000
2117100
1891800
1822000
1918100
1766700
1779000
1779800
1778600
1791800
1935800
1830500
1813900
1825700
1816800
1828300
1819300
1816900
1817600
1915700
1821200
1836300
1918700
1748300
1727900
1749000
1767300
1759900
1896700
1762400
1758500
1753000
1790800
1760700
1761900
1755900
1757400
1849800
1764500
1764100
1767700
1763600
1771400
1778300
1767200
1763700
1840900
1752600
1752100
1746700
1784600
1811200
1785700
1803100
1785100
2034100
1795000
1904200
1761300
1750400
1782200
1781400
1784900
1918500
1839000
1833700
1816200
1817700
1816700
1812600
1819200
1812400
1911200
1753600
1748300
1773200
1787700
1783900
1783000
1780000
1780500
1884800
1785100
1777400
1781000
1782400
1814300
1784500
1785300
1780500
1865900
1781600
1791200
1774900
1782400
1782100
1778400
1784600
1782700
2030100
1733000
1731600
1737600
1784600
1760700
1759700
1758500
1874000
1780400
1761000
1775200
1763300
1761700
1762000
1759600
1762500
1849400
1812700
1758000
1774100
1756300
1778100
1762000
1773700
1759900
1850600
2109200
1848700
1763400
1761500
1869700
1773300
1769000
1773300
1756400
1759700
1786000
1822100
1796500
2017600
1768400
1768900
1763900
1767700
1764900
1783600
1797400
1872900
1781000
1782800
1799500
1788200
1792600
1774800
1770100
1803200
1797200
1796800
1938100
1792500
1762400
1758000
1780100
1788500
1781400
1778400
1786500
1872900
1783100
1803400
1784100
1787100
1787200
1784500
1778500
1784800
2085000
1811700
1798000
1798300
1800200
1794200
1798800
1825100
1788100
1759300
1768000
1761300
1757600
1762200
1756200
1768200
1760000
1759600
1848500
1756100
1744500
1778600
1797800
1779000
1785600
1779800
1915600
1762800
1733000
1748000
1759900
1759500
1762900
1760400
1782700
1880800
2013600
1835600
1811900
1817000
1822600
1823200
1814500
1918000
1820800
1769300
1781200
1780600
1782000
1784200
1775800
1776900
1778300
1852600
1797700
1782700
1788200
1790400
1773900
1780800
1779400
1794600
1898500
1791100
1780700
1780500
1783100
1786000
1811800
1826200
1812800
1896500
1781200
1797300
1817400
1829700
1809800
1814900
1812100
1893900
1801400
1810700
1805100
1828000
1826300
1806100
1817900
1829000
1997900
1927100
1864900
1784500
1833600
1922500
1798700
1817200
1840700
1768300
1764500
1764500
1765400
1949500
1911900
1760800
1770600
1777900
1785300
1757400
1786400
1800800
1844800
1806300
1799700
1790600
1799500
1794500
1798600
1795800
1790200
1798000
1839700
1799600
1802000
1794400
1800200
1802800
1803400
1790300
1806000
1880000
1777300
1787700
1823000
1796800
1798100
1796600
1792200
1794700
1924100
1794500
1796300
1777700
1779200
1795200
1801800
1791100
1792200
1896300
1805800
1851800
1755200
1762900
1759200
1759400
1768400
1839300
1764700
1770100
1757100
1755900
1798100
1830700
1811700
1797300
1844600
1791800
1802400
1804800
1800900
1800900
1795400
1792700
1795700
1858300
1794400
1771600
1791300
1794100
1790300
1797300
1789700
1800800
1859700
1800400
1799000
1793200
1790500
1787500
1786600
1791700
1797400
1913600
1747000
1751000
1767300
1774900
1794300
1790700
1788900
1831500
1791500
1804600
1809400
1778600
1784000
1781100
1780000
1774500
1984500
1813500
1797700
1795100
1801700
1824700
1797100
1792000
1796700
1878600
1850500
1789600
1909100
1805900
1743500
1760300
1781600
1850600
1795200
1781000
1775300
1777400
1791200
1776900
1776700
1782200
2003500
2029300
1937100
1823500
1933400
1741500
1800500
1773800
1787800
1908300
1800500
1783300
1788100
1790100
1781100
1900000
2010400
2132800
1776000
1753900
1754800
1763300
1762000
1805800
1790600
1761800
1757700
1757700
1760200
1772000
1756800
1760000
1771100
1772400
1928200
1757200
1723700
1753100
1760300
1769500
1758000
1762900
1848100
1773200
1757600
1775100
1753300
1759500
1753600
1762000
1783400
1969400
1781700
1735100
1733900
1768100
1770700
1762400
1749000
1773100
1839500
1765700
1769300
1760100
1758100
1761200
1767800
1757900
1769600
1858500
1765700
1779700
1766700
1773700
1805900
1776700
1796000
1787300
2389300
1953600
1862400
1858300
1815100
1817700
1836600
1818400
2149300
1750000
1748400
1773200
1769300
1764800
1760100
1756200
1754500
1808700
1759300
1776400
1762400
1762900
1755800
1779900
1766100
1789200
1879200
1757000
1748800
1747000
1801100
1784400
1783300
1782900
1798200
1876500
1725600
1754000
1766000
1756100
1776000
1760200
1780200
1758400
1854600
1781700
1762500
1784000
1778300
1780700
1779100
1784800
1792600
1958500
1906500
1850900
1849200
1879000
1764300
1753000
1769000
1757000
1853200
1775000
1763400
1758200
1772900
1907700
1830500
1884300
1754700
1762800
1781600
1760900
1751700
1842100
1817200
1776600
1769400
1765500
1756000
1762700
1757200
1767200
1770000
1809300
1869400
1784200
1777100
1787000
1798300
1797400
1795700
1797600
1803600
1884200
1754900
1749000
1770300
1779500
1784700
1785800
1790400
1885000
1789100
1780300
1805500
1795700
1790500
1786800
1789300
1789300
2023100
1743000
1727100
1761700
1757900
1763900
1758800
1780800
1757500
1904800
1759900
1764000
1765600
1793400
1778200
1756700
1759300
1767100
1891200
1770700
1773400
1813500
1797300
1779200
1794000
1797500
1798400
1946800
1811100
1870100
1746400
1760500
1751200
1760100
1754200
1765800
1828700
1755000
1744600
1764500
1778200
1781600
1785500
1779600
1807000
1875700
1788500
1793400
1777400
1788000
1778200
1794200
1775100
1779700
1868900
1723400
1740400
1766600
1762400
1762100
1767500
1760400
1760600
1900900
1762500
1762900
1758500
1762900
1764500
1763500
1763400
1765100
1898000
1754000
1745800
1775100
1779500
1777600
1801300
1789800
1776400
1845500
1780800
1775400
1775800
1782500
1784800
1777700
1803000
1906400
1838300
1728500
1744500
1799400
1766000
1764900
1758200
1764200
1797900
1915400
1796200
1796200
1804500
1740200
1763500
1751800
1772300
1916800
1920200
1832800
1764500
1752800
1771800
1829300
1774900
1772500
1917900
1842200
1818800
1937100
1729000
1754900
1919500
1756900
1744800
1799400
1790200
1814300
1784000
1780600
1889700
1804300
1788900
1743300
1744700
1767000
1767000
1771100
1759300
1766400
1758900
1814500
1756900
1770000
1754600
1765100
1762200
1771900
1753000
1760400
1838200
1781700
1802600
1792800
1796000
1802900
1773300
1763500
1757200
1864500
1799400
1800300
1799000
1798100
1794700
1799000
1805200
1780200
1996500
1809500
1806300
1804400
1796800
1844300
1736600
1756100
1765400
1821200
1759200
1754400
1767900
1753200
1769400
1756800
1768800
1784200
1853100
1784200
1777900
1806400
1785200
1790200
1809800
1791800
1884100
1813000
1794900
1791700
1798600
1787900
1791700
1792000
1795300
1839500
1803900
1789500
1805900
1794800
1798500
1788700
1798500
1792400
1885400
1827600
1801600
1791000
1789900
1793600
1818400
1801900
1795800
2019900
1930400
1815200
1866300
1830200
2058600
2132500
1861400
1852000
1884300
1824500
1974800
1768900
1747200
1765900
1799300
1779100
1791200
1789400
1784300
1854000
1735700
1748400
1759500
1775200
1773100
1762900
1762300
1766100
1758200
1881800
1763700
1768600
1766900
1769400
1756800
1759700
1762900
1767400
1817200
1765500
1765800
1820800
1797800
1802900
1795900
1791400
1791000
1874700
1802200
1774500
1786600
1794800
1791600
1804500
1796100
1831300
1908000
1759900
1751400
1773100
1784400
1790900
1783500
1784400
1932400
1793900
1779300
1783100
1777300
1787400
1784500
1792400
1819800
1867100
1728000
1722200
1760900
1754900
1764800
1767400
1763600
1757900
1854000
1762600
1759800
1783100
1798500
1783700
1780300
1810400
1843100
1769300
1735500
1757300
1758400
1777600
1754500
1758200
1761000
1796000
1858700
1752900
1764300
1787800
1759800
1764700
1762100
1761800
1761200
1844100
1782300
1784000
1790900
1792300
1794100
1788900
1797900
1939400
1811600
1748800
1758100
1804400
1803800
1809000
1791900
1792500
1937500
1787900
1788100
1805700
1778600
1775700
1774000
1779300
1789900
1809300
1783300
1779000
1778000
1801700
1786300
1759600
1780200
1767900
1825100
1778200
1769600
1789300
1789800
1776900
1769600
1776800
1816700
1768400
1763500
1775500
1793800
1792600
1931200
1921000
2687500
2108300
1859900
1857700
1916300
1898300
1810800
1759400
1768900
1830100
1781600
1797800
1799100
1804000
1830200
1834000
1925900
1933600
2264200
1947700
1941900
1837300
1878200
1794500
1767500
1825200
1851000
1837100
1821900
1792700
1833100
1839600
1807500
1798700
1897100
1811000
1748800
1780600
1779900
1785200
1778400
1785200
1809500
1787100
1894100
1781300
1782200
1786400
1783800
1791400
1799400
1783300
1793500
1826600
1779800
1782700
1785800
1815900
1822100
1829300
1805100
1809800
1935800
1806300
1789100
1780600
1809100
1824300
1816100
1802500
1828700
2113800
1759900
1769500
1764500
1853300
1792300
1798900
1794800
1887800
1850800
1808200
1793400
1806900
1797300
1811900
1805300
1797200
1915800
1757000
1754700
1755600
1764800
1757500
1780000
1758100
1767600
1817200
1784600
1759800
1784300
1770500
1765100
1762200
1784300
1802100
1907900
1798800
1806400
1783600
1811500
1794200
1794400
1782500
1783800
2093100
2002900
1943500
1851800
1839800
1846000
1833400
1840400
1866000
1827400
1828800
1970500
1828400
1881500
1944900
1952400
1773500
1741000
1768400
1839300
1770600
1768700
1756500
1782800
1754700
1764500
1757600
1774900
1757700
1772300
1905100
1756900
1779600
1785300
1788100
1782300
1779200
1781000
1845200
1795000
1779800
1777300
1776500
1781100
1802400
1786500
1778100
1844700
1784200
1799600
1780600
1784600
1782400
1779600
1777500
1780200
1827300
1781700
1778900
1787100
1784500
1808300
1779400
1786500
1774800
1936800
1739200
1735200
1757000
1769900
1756400
1756100
1764100
1754800
1869300
1783400
1782900
1775200
1784200
1782400
1782600
1784300
1780000
1967500
1769600
1756900
1763100
1758800
1766100
1766700
1767700
1842500
1765800
1757600
1768300
1806000
1800500
1790200
1797900
1752400
1832100
1799900
1808400
1790700
1791000
1767400
1782900
1793500
1771100
1824200
1809000
1772300
1784700
1795100
1793500
1762000
1767400
1760500
1863500
1822400
1797800
1792200
1760200
1773200
1776200
1804300
1791000
1841200
1868200
1759000
1766900
1756700
1798200
1809500
1799000
1798400
1852400
1764400
1777800
1794300
1792600
1802000
1786000
1797100
1811500
1850900
1757800
1753500
1780500
1778900
1805800
1774400
1788800
1777400
1843700
1777000
1778700
1784800
1778700
1780000
1781300
1788300
1893500
1802400
1764800
1798000
1762000
1763300
1768700
1775600
1783700
1991600
1830200
1809700
1795700
1795300
1791300
1830700
1730800
1757100
1864100
1753700
1746200
1786600
1784900
1777800
1776800
1786600
1783500
1888200
1791500
1779200
1780300
1783100
1782700
1799200
1782000
1786100
2182800
2070200
1848300
1823800
1819000
1814600
1842600
1820300
1907100
1732500
1725800
1768000
1764500
1786900
1762800
1760900
1826700
1864700
1782400
1795800
1777700
1777600
1782100
1783700
1777200
1856200
1922200
1769200
1754800
1765800
1774700
1770900
1764900
1761800
1761800
1771900
1954700
1762000
1756600
1754300
1911100
1788600
1803000
1783800
1776600
1783400
1782600
1776800
1784400
1826500
1783900
1783600
1779500
1800100
1782100
1779300
1795000
1781500
1947100
1757400
1740200
1751100
1761600
1761400
1760700
1757300
1757600
1939500
1974400
1943900
1787100
1763500
1803200
1999600
1847500
1818100
1866000
1926300
1738400
1738000
1758700
1774600
1783300
1754800
1764100
1809400
1825600
1774200
1763500
1765400
1783000
1765800
1760200
1781200
1765200
1755600
1902800
1765100
1758100
1752700
1763900
1787200
1795300
1786800
1771300
1832700
1798900
1787900
1765400
1781600
1802900
1799100
1777600
1784600
2189100
1833100
1801100
1808200
1801000
1793500
1796500
1802400
1793000
1922700
1745200
1757400
1778500
1785100
1781300
1799700
1788300
1922900
1750300
1758900
1781600
1781900
1783700
1781000
1782000
1792100
1853500
1754400
1770200
1771200
1778200
1778200
1780400
1773100
1786300
1915600
1779200
1782600
1775000
1782500
1780400
1784600
1774800
1784600
1990800
1898100
1784400
1780400
1782800
1780900
1783600
1776900
1900800
1788000
1821300
1785100
1787000
1777900
1777100
1777900
1779300
1906300
1967300
1776200
1781700
1777300
1780200
1780600
1779400
1784900
1890600
1792300
1782900
1778600
1788900
1778700
1782200
1780100
1800300
1841000
1781200
1784800
1784300
1782100
1787500
1778600
1776300
1784700
2606300
1738200
1739600
1746800
1752000
1774200
1758800
1761100
1813900
1833800
1766800
1770500
1759700
1776500
1760000
1762400
1751700
1826100
1765100
1755700
1755300
1769500
1777000
1766800
1757600
1788100
1890700
1764100
1756100
1774700
1754900
1763000
1758100
1784600
1788600
1805200
1759100
1771800
1793900
1786500
1756700
1787400
1789000
1782400
1841600
1790900
1788500
1784200
1757200
1761000
1788200
1793600
1785900
2053700
1796100
1795700
1796000
1795200
1807200
1814000
1790000
1866000
1782300
1728100
1742400
1734000
1764500
1769500
1763500
1756500
1880800
1764600
1769600
1757300
1779800
1760700
1756700
1756700
1757000
2079000
1738800
1726100
1738000
1761200
1758900
1756100
1753500
1772600
2087900
2033800
1788200
1753700
1767000
1769900
1787400
1752000
1769100
2210800
1928100
1775900
1776600
1790100
1780800
1794200
1778700
1924100
1881500
1814300
1835900
1723700
1756300
1760100
1769900
2128100
1787400
1770100
1778000
1773700
1762100
1754200
1767900
1759800
1774800
1756200
1758300
1968600
1766100
1762700
1765200
1753300
1769000
1758800
1770100
1759700
1849000
1800100
1813400
1769700
1766500
1780300
1797400
1814500
1793600
2058100
1961600
1802400
1807100
1809700
1807700
1804600
1797200
1872700
1776700
1970000
1876900
1738000
1764700
1779700
1761800
1767900
1758900
1764200
2078300
1785200
1778000
1780900
1775800
1780600
1776100
1783300
1849200
1911200
1785300
1814200
1786800
1791000
1817900
1821200
1784600
1809900
1861100
1793900
1780300
1781500
1798300
1824000
1776500
1811700
1807600
1990500
2100700
2603200
1745700
1755100
1785000
1783300
1776100
1788000
1838800
1730900
1768700
1769600
1757800
1765700
1761000
1766000
1764200
2098300
1796200
1802600
1797800
1794200
1795700
1804700
1790800
1883600
1755100
1734500
1771400
1756100
1769400
1763200
1757900
1756600
1840700
1764200
1759200
1757300
1754700
1782800
1806500
1779200
1761100
1816100
1804500
1759300
1800000
1791100
1797200
1792800
1796000
1807300
1908800
1792300
1795300
1790800
1793800
1786900
1786500
1788000
1792800
1942700
1801800
1765000
1789200
1784500
1778100
1793800
1804700
1778600
1998400
1761000
1741000
1776400
1768900
1778000
1780100
1778800
1780400
1907200
1738000
1759100
1766100
1761600
1770100
1755900
1763200
1762100
2246300
1751900
1746800
1781100
1782100
1785100
1777600
1777900
1906300
1734600
1740300
1769700
1759700
1763500
1766000
1757900
1757100
1835300
1764300
1764800
1755900
1756700
1779400
1778400
1771600
1760900
1821400
1764300
1754600
1770100
1759100
1761700
1788000
1807600
1792800
1944200
1780700
1775800
1797300
1784200
1791200
1771200
1795200
1797200
1853800
1764400
1759400
1803500
1808500
1797100
1755500
1797400
1804500
1804200
1753900
1765900
1790100
1786600
1778300
1792900
1789400
1851200
1803500
1794300
1801000
1809100
1789000
1797800
1793600
1795400
1885100
1897100
1772100
1767500
1774400
1794600
1787100
1788600
1800500
1989500
1790800
1757800
1752000
1773800
1796700
1790100
1777900
1784500
1853000
1731200
1741900
1759000
1779000
1752000
1763800
1756200
1763200
1995500
1855600
1815300
1831000
1815300
1823500
1879500
1806800
1849300
2208400
1961800
1821700
1822300
1812200
1856300
1846100
1821200
2054000
1845300
1809400
1813000
1813700
1819600
1821500
1813600
1807200
1990100
1757600
1736300
1769500
1785000
1772800
1762200
1760600
1758300
1828200
1764400
1767300
1761400
1777100
1761500
1781200
1761900
1796600
1795700
1912600
2067500
1912200
1781300
1824900
1777400
1782700
1783300
1801700
1835200
1873200
1817100
1793800
1848300
1825200
1818400
1827400
1809400
1944000
1787600
1783500
1791300
1782900
1820800
1821600
1820800
1864800
2013000
1809700
1796900
1799000
1798500
1796000
1799900
1801900
1807300
2117400
1827700
1828100
1789800
1796600
1794100
1799800
1796300
1799300
1837300
1753300
1724100
1760800
1766000
1767100
1760500
1768000
1759000
1887300
1771800
1795400
1744400
1761200
1755700
1764400
1760500
1771700
1857200
1771100
1759900
1762100
1757500
1771400
1760700
1759200
1754100
2092000
1876100
1813100
1806700
1807200
1807900
1814500
1801600
1819700
1840500
1801700
1849000
1811900
1836600
1847300
1888200
1883100
2170400
1834400
1816300
1847300
1886100
1898900
1849700
1868700
1886900
1948300
1889400
1896300
1896300
1889400
1870500
1876900
1888600
2137200
1860400
1858200
1855700
1855000
1851600
1891900
1889300
1887000
1868100
1850500
1886900
1893400
1894900
1850800
1859700
1853800
2008600
1766400
1741900
1755300
1763900
1760200
1765200
1754600
1759800
1813900
1776400
1758900
1773600
1760500
1763800
1755800
1760500
1751800
1916100
1754800
1744500
1755400
1783300
1792400
1782400
1777200
1782100
1890500
1747600
1753800
1788100
1777500
1814500
1777700
1780000
1777500
1991500
1757000
1850800
1754900
1878700
1813800
1793200
1796600
1845500
1789700
1796500
1793600
1789400
1836500
1780000
1749400
1742100
1768500
1778700
1797600
1780000
1781800
1996400
1750900
1743600
1767700
1780700
1779100
1781500
1781600
1850800
1862300
1782200
1778400
1779600
1778600
1781400
1788700
1782600
1791800
1864700
1737500
1727100
1740300
1758500
1761400
1760700
1774300
1766200
1871500
1761700
1793300
1793100
1797400
1771600
1779700
1779200
1777300
1861800
1746900
1751900
1760400
1778100
1764300
1846500
1777800
1789700
1995000
1800400
1767100
1797200
1768200
1776100
1780500
1799400
2118700
2012100
1883100
1746600
1883600
1830900
1820600
1860000
1951700
2201700
1952000
1794400
1938900
1859200
1791700
1785400
1782100
1844900
2313700
1790100
1792800
1937100
2072300
1889100
1914200
1996500
1879300
1959500
1884400
1857500
1852400
1880500
1855700
1845000
1736400
1825600
1991500
1962000
1824300
1855600
1816400
1868400
1859000
1836200
1883600
1911000
1732200
1750100
1759300
1757900
1765500
1772300
1761300
2083000
2209000
1826700
1824200
1830700
1820300
1878400
1825900
1823700
1878200
1845300
1826100
1822800
1817500
1946500
1779600
1749400
1791400
1857900
1779100
1785400
1776100
1802100
1818200
1782000
1804600
1787400
1916300
1788500
1791000
1781900
1780900
1784500
1782600
1779700
1779100
2111400
2730400
2337400
1763600
1781000
1786200
1782600
1845400
1910700
1797700
1801900
1785600
1781800
1785900
1785400
1792400
1796100
1952000
1842900
1836400
1819400
1818300
1833800
1816700
1817100
1813400
1854400
1757100
1820500
1782400
1776400
1783600
1781000
1777000
1784600
1916400
1791600
1779600
1787900
1780600
1785700
1778600
1781200
1817900
1815200
1788800
1784400
1777300
1780800
1789900
1786900
1785600
1955300
1804200
1799100
1794700
1793200
1794700
1802400
1798500
1796600
1876400
1773600
1763000
1764100
1764100
1769100
1755000
1763900
1780700
1945500
2422000
2836800
1940800
1748900
1779700
1786200
1776100
1889300
1785500
1794500
1781100
1779200
1791900
1838700
1784500
1858400
1811800
1778600
1775900
1782300
1792200
1783800
1779500
1792300
1903200
1787700
1782200
1791400
1778400
1798900
1782600
1782800
1778700
1878100
1789400
1843800
1776500
1781400
1777900
1785100
1779300
1787000
1856800
1782400
1776500
1779400
1824600
1805400
1794300
1822000
1793700
1851700
1783500
1777300
1797500
1821500
1787200
1855100
1816600
1829100
1942700
1743100
1734000
1765000
1756300
1757500
1766200
1760500
1773500
1914200
1774500
1761600
1773600
1756000
1766300
1757000
1768000
1858300
1784200
1774100
1761800
1756300
1770900
1762600
1768000
1758000
2058800
1835300
1816700
1823900
1825500
1834500
1810800
1826300
1822600
2094800
1752600
1779800
1791700
1781400
1780800
1802500
1783600
2002000
1835900
1955500
1744600
1766800
1786600
1780000
1788000
1778300
1950900
1777100
1755300
1782400
1775700
1779500
1773200
1780400
1779300
2027700
1826400
1823600
1820100
1818900
1813900
1824300
1816400
1818900
1953200
1750100
1776500
1778900
1779200
1813900
1789900
1782300
1779300
1958900
1959900
1745400
1763600
1773400
1786400
1783400
1831200
1980400
2243900
2134700
1999300
1761000
1791300
1785300
1784400
1788800
1780100
1966200
2021200
1809300
1782700
1826900
1826100
1795100
1792200
1783800
1828100
2109200
1757000
1750700
1789300
1784200
1773900
1796400
1780700
1781900
1912800
1781200
1778400
1835900
1780800
1780000
1785900
1805200
1782700
1980100
1858500
1780600
1785400
1787000
1835200
1786800
1788500
1779500
1809700
1783000
1777900
1780500
1786400
1774600
1775200
1839700
1778600
1820500
1793500
1915200
1795800
1779400
1783800
1789200
1785100
1778900
1865900
1761600
1757800
1756000
1765500
1761000
1763100
1752500
1804800
1849900
1781800
1806500
1767100
1765400
1760900
1770000
1815200
1793400
1820400
1757300
1764600
1770700
1813600
1798700
1797500
1782600
1764300
1841400
1779000
1760400
1745800
1760300
1785000
1802800
1781700
1777600
1895200
1759700
1767800
1790600
1777800
1782200
1780300
1777800
1789500
1942500
1752100
1754900
1766400
1786500
1803900
1783200
1784000
1780400
1886600
1754500
1807900
1776800
1796800
1781600
1778900
1777600
1776500
1865200
1785200
1780900
1783800
1831100
1787900
1781600
1778800
1909200
1789700
1781400
1808300
1783600
1783500
1777800
1830000
1780700
1842800
1793600
1786400
1788800
1783700
1784300
1777300
1819900
1783200
1904100
1780400
1776600
1795700
1824400
1812900
1780600
1788400
1782200
1839700
1814800
1861600
1790300
1777500
1793500
1819800
1809600
1786700
1967600
1789100
1781200
1803400
1870200
1794400
1776500
1777000
1874300
1805300
1752900
1749000
1775200
1784100
1774100
1781600
1786600
1909900
1793600
1781700
1783700
1788600
1781700
1779000
1778100
1798200
1862000
1790300
1776900
1779800
1783200
1779100
1775800
1783600
1781100
1911600
1764600
1765600
1764300
1768200
1757800
1762900
1773800
1761200
1952400
1750600
1751200
1774200
1789300
1845500
1798100
1778000
1782300
1820000
1766000
1755300
1778500
1757600
1755500
1753300
1812100
1757500
2129800
1832400
1815300
1819400
1824100
1836000
1817000
1928300
1979200
1810900
1773400
1782100
1784200
1781100
1782000
1784100
1784100
2058300
1790900
1780200
1838300
1784800
1777900
1776800
1785500
1779700
2181700
1788100
1775300
1785100
1776900
1832000
1778300
1776400
1924400
1979700
1778400
1777000
1775100
1783900
1775200
1777300
1830600
2008400
2115200
2124400
1804600
1789600
1813500
1924600
1893200
1852000
1863600
1977300
1773000
1784400
1782600
1949100
1791900
1889900
1780200
1885900
1870200
1834700
1783600
1783400
1786200
1781300
1779900
1775000
1783400
1988700
1776700
1782700
1837800
1788900
1781100
1782100
1782500
1815800
2006200
1797900
1782100
1785600
1787800
1835000
1787800
1800500
1814700
2006800
1877900
1758300
1763000
1788500
1788000
1785800
1807900
1778200
1966300
1798300
1808700
1763000
1753000
1791200
1781800
1779900
1782500
2080200
1856000
1825700
1816400
1817100
1818500
1934700
1786700
1753400
1986500
1826900
1829800
1848400
1825400
1825900
1823300
1830700
1870400
1907900
1745800
1752000
1851100
1769900
1753900
1765600
1778400
1778900
1798100
1776500
1780100
1927800
1827000
1816500
1821300
1814100
1834100
1814900
1822600
1811100
1847900
1748500
1749100
1767500
1783400
1782400
1789700
1789300
1782000
1881700
1785800
1799100
1784000
1781100
1781300
1777700
1778300
1782500
1906100
1783800
1780700
1777400
1779300
1791200
1780000
1789900
1788500
1946500
1749200
1749900
1760300
1797400
1777500
1787700
1839200
1898000
1798300
1784100
1785700
1778600
1783700
1809300
1790900
1778500
1826200
1761200
1753000
1769800
1777300
1790600
1779900
1785600
1781100
1894000
1789300
1797400
1785400
1783000
1780000
1781200
1777000
1800800
1968000
1790800
1774700
1782300
1784400
1780400
1774800
1788400
1786100
1886700
1798600
1789000
1775700
1779100
1776200
1806600
1778700
1780600
1888000
1751500
1755600
1768400
1779000
1785400
1783300
1786700
1801200
1922700
1850100
1795900
1780800
1787600
1777200
1810200
1777200
1871500
1781100
1779700
1781100
1839200
1779000
1786500
1779000
1789500
1870300
1784900
1784800
1784000
1784400
1778400
1777300
1832400
1775700
1899800
1784600
1820800
1780100
1783600
1776600
1776300
1779000
1776400
2062800
1786500
1775000
1781800
1781700
1784400
1781100
1774300
1778400
2081400
1796300
1849200
1781700
1777900
1774700
1797000
1776300
1827000
1991100
1776000
1782100
1777700
1831000
1780300
1777400
1781700
1873200
1981000
1778600
1776400
1782400
1809400
1810300
1824700
1782300
1857300
1787900
1745900
1753000
1783700
1784400
1783600
1780500
1781600
2063100
1825900
1816400
1819200
1822000
1823800
1819400
1821200
1985200
1933800
2174900
1856000
1758200
1779900
1791200
1894500
1783400
1775600
1875100
2007100
1818600
1773200
1756800
1783500
1784600
1818500
1779500
1789900
2100500
2017000
1761900
1779000
1879500
1915800
1784700
1893700
1786100
2074900
1796200
1779500
1778800
1815900
1784600
1831200
1785700
1802000
2243300
1827600
1823900
1819100
1942900
1757000
1757900
1750700
1804500
2139400
1766700
1813300
1785400
1780700
1784400
1780700
1787900
1778600
2083100
1831100
1787000
1778100
1782100
1783200
1785600
1778600
1836800
1800100
1788400
1777900
1836300
1781500
1774800
1789900
1787300
1838300
1780800
1745400
1752500
1771800
1792300
1784000
1781300
1782800
1877300
1768700
1766800
1789000
1782400
1780500
1780100
1781100
1832500
1879500
1789700
1790400
1779900
1780500
1782100
1779600
1776500
1787900
1873900
1769900
1750400
1778800
1781400
1786200
1776800
1788300
1779600
1879900
1794100
1776900
1799900
1784200
1779300
1791600
1809900
1935300
1797800
1746000
1775700
1794500
1794300
1772800
1835000
1780300
1889200
1797900
1790900
1779100
1792300
1778700
1779400
1777500
1783700
1945200
1784300
1750200
1761300
1781100
1787700
1783700
1784300
1787700
1850700
1763400
1803800
1785400
1777900
1809900
1777500
1788100
1780400
1869800
1782100
1782200
1778800
1832100
1793800
1789700
1773100
1788500
1893600
1784800
1778000
1780200
1780800
1781600
1830500
1781800
1795400
1956800
1777200
1781400
1780600
1787000
1800000
1810900
1782900
1932000
1813100
2089900
1764800
1772200
1780700
1778100
1778900
1780400
1868800
1752300
1823900
1784900
1777200
1779100
1784800
1786500
1775500
1886600
1815800
1792800
1781100
1839300
1779800
1780600
1780300
1782600
1826500
1725600
1728500
1759700
1773200
1759800
1763100
1772700
1934600
2012400
1791300
1782800
1783400
1779200
1782700
1775400
1780800
2254900
1892200
1827500
1825700
1817900
1816000
1835300
1812000
1826000
2038600
1828200
1832100
1824200
1823600
1825200
1817700
1829800
1862300
1979500
1748600
1761100
1779300
1835500
1778500
1776700
1781900
1844600
1758500
1747600
1780200
1790000
1825100
1795100
1781700
1784000
2219100
1895100
1758100
1782400
1783300
1790300
1794000
1787500
1778400
1978100
1781400
1800400
1782600
1784600
1778400
1785400
1783300
1983200
1996500
2144700
1954000
1878500
1809700
2053100
1886300
1791500
2250900
1974400
1883000
1782000
1880100
1779800
1802300
1817500
1795100
1801300
1842900
1884400
1768100
1884800
1782400
1859400
1945900
1878300
1814200
1852100
2165600
1780200
1855200
1761700
1907500
1864700
1856200
1770300
1851800
1894700
1842000
1808400
1824100
1906900
1840000
1915300
1803100
1930400
1990400
1893100
1793700
1825000
1861300
1917800
1858700
1736300
1838000
1885200
1830700
1763000
1767800
1791200
1760600
1767100
1760700
1767800
1906200
1770500
1772800
1829100
1775500
1794200
1767300
1782500
1824800
2047400
1772200
1763000
1773400
1824700
1839100
1772300
1769600
1755300
2032700
1797600
1758200
1771700
1778300
1760100
1776500
1852200
1824500
1855500
1778000
1758900
1774100
1781100
1781500
1786500
1778400
1782100
1825900
1786900
1804700
1811400
1776500
1787400
1780400
1779900
1787900
1850000
1730000
1782600
1759300
1759100
1761200
1779200
1768800
1766500
1926700
1772900
1755500
1762400
1817500
1769800
1763700
1761600
1753600
1889100
1758800
1780600
1763700
1764500
1753500
1772400
1850400
1783400
1826300
1784600
1752500
1776900
1783200
1784000
1785800
1784000
1844000
1867700
1734800
1759700
1759300
1763200
1784300
1754100
1767200
1862000
1774900
1759800
1814900
1761200
1764300
1764000
1767900
1769000
1765000
1857700
1730300
1739200
1751400
1771500
1755800
1761300
1780100
1825700
1834500
1731400
1753300
1769700
1750200
1770700
1760200
1818500
1831200
1830800
1748700
1768700
1785700
1786700
1787100
1805300
1785700
1865500
1793700
1784500
1775700
1787600
2041100
1781100
1784400
1812800
1875100
1785200
1779600
1781200
1780000
1797400
1785700
1797700
1778200
1917600
1744900
1752200
1778900
1779300
1839700
1780800
1782000
1836100
1782900
1778600
1794300
1779800
1790700
1783700
1778300
1835800
1902500
1774800
1783100
1781500
1781800
1779700
1790500
1871200
1786800
1904600
1835700
1796000
1783800
1785500
1781600
1782600
1973600
1851700
1780400
1743400
1748100
1788300
1780400
1790900
1789600
1777800
1875300
1789600
1790200
1806600
1783300
1781000
1777500
1775800
1787000
1858500
1788900
1779800
1781500
1777900
1783000
1774600
1788200
1780000
1940700
1991400
1812900
1800100
1795500
1834400
1898400
1864000
1771400
2149400
1766200
1752300
1774700
2107000
1777200
1780200
1837700
1786200
1778800
1784500
1788400
1878800
2075000
1803400
1747000
1757300
1775400
1784000
1784400
1778800
1796700
1904600
1800900
1747200
1763200
1777700
1783500
1785300
1784000
1833900
1903600
1785400
1791200
1806500
1778000
1784800
1801200
1784200
1783000
1874200
1842600
1829500
1781300
1780600
1789400
1785000
1790500
2190100
2028900
2132700
1844700
1782600
1805500
1891900
1780300
1897100
1791100
1797000
2165200
1821800
1825600
1887200
1781900
1780600
1810400
1780700
2068000
1803400
1750600
1747700
1763000
1783600
1780200
1778700
1783000
1784100
1825700
1752600
1753300
1778900
1778000
1775900
1785300
1838900
1779600
1968800
1807200
1790000
1787200
1781100
1780000
1779600
1788100
1856100
1841800
1778900
1780400
1776500
1781900
1777800
1779800
1780700
1874600
1789500
1781800
1832800
1780500
1784200
1790000
1773600
1782200
1995300
1810200
2120000
2058600
1738600
1796500
1783800
1764200
1759300
1946700
1772300
1763200
1763200
1767700
1769100
1791400
1756000
1880800
1759400
1723000
1762500
1762700
1767800
1760000
1787200
1795200
1870900
1763500
1823600
1760600
1765600
1758100
1780000
1755100
1777200
1867500
1783500
1757600
1771400
1808600
1770200
1772900
1762500
1758000
1845000
1771500
1767000
1761300
1837100
1777400
1810900
1782100
1803500
1857200
1772600
1788500
1798900
1787000
1801300
1779400
1767900
1811400
1909000
1767000
1747000
1778200
1786700
1777600
1776100
1783300
1778600
1860600
1778700
1780200
1771700
1777900
1783800
1790300
1792700
1890900
1756100
1734700
1747100
1756800
1815200
1769100
1758500
1765400
1858600
1778200
1758500
1782200
1755700
1762700
1754000
1822900
1755200
1918800
1776500
1766500
1758600
1761800
1763200
1763000
1761300
1760800
2007800
1909800
1825000
1825200
1823900
1873300
1875100
2003900
1792700
1750000
1747900
1815500
1766500
1764000
1766300
1766600
1957200
1884100
1782100
1768100
1760800
1761200
1808100
1763900
1754600
1958500
1989700
1768300
1756700
1759500
1764500
1763500
1755500
1839400
1845700
2012300
1772200
1762600
1760100
1765700
1755100
1781600
1765900
1934500
2067500
1781400
1749100
1749700
1772300
1781100
1792800
1779600
1825200
2282200
1761300
1792400
1760600
1975900
1769600
1757800
1875700
1884600
2049700
1755000
1770700
1783600
1786000
1805000
1782800
1786800
1858600
1897200
1786900
1786700
1779400
1776200
1793000
1783500
1780700
1777500
2075200
1790500
1784400
1791000
1788400
1781000
1786100
1777600
1785000
1912300
1768400
1748500
1751800
1812200
1795900
1782700
1786400
1776100
2380300
1851100
1750400
1762100
1782200
1788700
1791400
1784400
1781900
2003900
1776600
1755100
1847500
1781200
1783000
1780500
1788400
1787200
1878900
1789900
1775100
1784200
1776500
1840300
1790300
1787800
1913000
1950200
2033700
1771000
1755400
1789100
1784100
1783400
1793200
1778300
1814100
2146000
1788600
1785700
1787100
1786400
1788400
1784000
1803700
1940200
1786400
1788300
1788600
1775400
1807200
1784800
1784600
1787600
1782200
1785200
1902000
1761500
1745600
1780600
1782600
1780900
1781800
1787700
1782100
2048600
1781100
1838800
1805700
1782200
1781700
1786500
1784700
1862700
1796800
1782700
1783100
1785200
1837600
1777900
1782600
1786200
1940500
1800400
1812200
1798000
1790300
1777600
1786200
1833000
1786200
1893800
1789900
1781200
1780500
1795900
1835600
1820500
1792200
1865200
1872300
1794500
1779000
1783000
1800700
1824800
1796600
1790100
1883800
1790300
1781300
1831300
1802600
1778900
1800800
1805700
1804500
1912800
1803500
1792900
1778000
1778000
1829300
1786300
1810400
1932000
1848100
2898200
2020700
1735400
1738400
1767600
1762100
1763400
1797900
1752900
1755400
1753300
1784600
1759600
1767200
1755600
1759600
1796000
1838500
1758400
1800700
1795000
1767900
1766100
1771600
1785600
1828700
1756200
1763000
1823500
1763900
1763100
1759500
1775000
1838300
1803300
1768000
1759100
1787100
1798500
1824200
1793600
1796900
1816400
1816000
1768600
1769100
1772200
1792500
1791200
1806400
1766600
2012400
1766300
1782400
1780300
1786300
1792800
1805100
1792100
1941100
1769300
1745000
1811500
1760000
1757800
1767900
1961400
1769000
2115700
1986600
1757300
1920700
1908500
1936700
1933400
1813200
2138400
1806400
1793900
1797200
1802600
1797400
1796500
1804400
1793900
1804600
1803300
1793500
1793900
1796700
1788100
1790600
1792200
1788100
1918200
1974500
1835800
1846200
1831500
1800900
1788900
1800000
1803600
1824100
1794400
1788300
1799300
1799300
1797000
1783400
1789000
1785400
1962700
1829600
1828600
1839800
1864100
1863600
1828200
1831500
1827800
1977000
1776400
1753000
1787400
1784300
1792000
1797400
1787000
1786900
1790600
1850200
1820400
1826300
1787200
1813700
1805800
1780700
1823300
1826800
1831700
1781500
1877200
2048100
1765300
1746100
1780500
1787400
1873900
1907400
1871700
1781000
1782800
1777400
1799900
1834500
1906600
1804600
1779600
1791500
1859000
1786000
1844600
1785100
1785900
1829600
1786300
1784000
1782100
1777100
1782600
1832300
1808200
1782600
1927800
1805600
1787500
1781300
1796500
1807800
1805800
1781500
1834800
1876200
1789700
1789400
1783000
1780500
1777500
1805400
1803700
2049300
2171900
2051600
1991500
1838600
1819700
1827400
1831300
1837300
1822200
1838600
2446100
1784700
1785000
1767200
1785600
1776500
1782800
1781200
1785600
1872100
1988600
1756900
1775900
1840400
1782900
1776600
1784000
1824100
1791700
1995100
1794600
1813900
1787200
1782800
1842400
1793800
1786800
1838500
1795100
1780700
1787000
1797900
1787900
1787700
1796400
1836000
1871900
1786200
1793800
1782600
1785500
1782400
1953700
1795900
1838000
1782400
1851200
1785100
1785400
1794600
1807400
1816200
1822000
1878700
1786900
1814100
1813700
1852100
1802400
1801600
1779900
1794800
1968000
1781100
1795500
1813600
1787500
1800700
1864200
1796800
1839300
1795300
1807500
1788000
1802500
1846000
1816800
1803300
1786600
1887400
1784400
1797500
1814000
1797300
1831500
1845700
1803200
1784400
1839800
1795500
1852900
1820900
1779400
1814200
1786800
1804400
1855300
1814700
1747400
1744700
1811600
1845400
1748400
1793200
1788000
1782200
1784100
1831100
1782000
1901200
1803000
1794800
1779700
1799300
1785200
1781300
1786400
1782800
2215200
1854100
1817100
1822900
1814100
1853400
1985300
1892400
1823600
1796900
1752500
1832400
1915000
1781800
1781300
1992000
1782100
1881300
1794100
1798400
1778600
1817100
1836000
1782800
1969500
1782100
1938200
1789200
1805000
1784300
1781800
1778000
1778900
1898600
1792000
1951400
1785500
1791900
1835800
1853500
1816700
1819600
1818100
2044800
2119600
1842500
1989900
1839000
1781800
1782300
1778200
2095300
1837700
1794000
1831200
1780400
1810500
1783300
1779100
1891100
2130300
1774400
1752300
1745400
1773200
1783900
1798000
1781200
1784000
1838800
1780900
1782500
1796700
1788900
1783300
1783300
1790700
1783400
1785900
1873700
1747700
1741300
1762000
1757200
1761800
1758000
1756300
1761200
1920300
1760100
1769300
1755700
1762200
1753700
1783500
1761500
1758400
1891800
1815800
1850900
1768300
1758600
1758700
1767700
1767900
1874600
1776700
1787700
1808200
1778500
1853800
1776400
1782400
1779300
2068600
1795200
1769600
1784800
1762800
1786200
1816100
1855600
1783100
2155700
1798800
1788000
1790200
1778100
1786200
1833600
1808300
1799500
1896600
1814600
1808900
1766000
1808100
1816000
1813500
1796900
1830400
1764500
1822600
1860200
1796400
1780700
1824100
1804500
1846700
2164900
2016200
1983700
2089300
1868800
2036200
1908800
1868900
1844700
1839700
1847600
1942200
2264000
2645200
1886600
1882700
1901700
1863800
1924300
1951600
1914400
1918200
1896800
1822800
1832000
1819800
1859500
2176500
1826900
1964600
1747100
1764500
1768500
1770500
1758700
1760000
1863900
1786500
1787500
1798700
1773200
1761300
1766000
1759400
1763600
1760700
1819600
1823300
1761800
1766800
1770600
1762300
1794000
1776900
1839600
1858900
1801100
1793500
1871700
1802500
1776800
1768300
1791800
1837000
1764500
1788800
1801700
1793000
1795300
1803000
1805900
1760700
1892800
1807200
1751300
1782100
1784300
1781100
1785000
1777700
1788900
1914200
1798500
1784500
1787700
1783100
1781200
1783400
1776400
1777900
2046300
1744300
1796200
1751200
1789200
2167200
1779000
1767100
1763200
1761900
1761600
1771500
1785800
2009600
1753300
1763100
1785600
1781700
1816200
1791800
1782600
1857600
2057200
1788600
1859600
1735900
1745200
1777300
1780400
1815300
1827400
2040200
1764400
1775500
1770400
1840700
1760400
1900700
1773500
1764000
2075500
1763500
1759800
1761600
1788100
1768400
1934300
1769700
1771800
2042000
1783200
1783800
1763400
1754500
1765800
1908000
1768400
1811000
1991100
1829100
1764300
1765100
1760700
1761100
1789400
1761300
1818100
1859300
1892100
1756000
1774500
1757800
1772000
1760100
1774300
1757400
2031400
2260100
1766100
1812200
1765900
1965100
1876800
1755600
1798400
1861800
2041300
1760700
1772400
1879200
1799500
1804900
1802000
1800900
1780300
1988300
1761800
1775900
1799700
1792900
1849500
1792900
1762700
1794900
2047500
1759100
1762700
1789300
1795600
1783000
1760500
1785000
1852400
1857600
1980800
1747500
1754400
1803800
1795700
1784300
1779600
1776300
1949500
1782100
1779200
1773000
1814100
1787600
1788600
1780100
1883400
1752300
1733900
1797700
1818500
1756400
1769200
1754600
1761100
1843900
1759000
1760900
1784500
1793100
1767700
1814700
1764400
1754200
1909900
1765100
1761700
1758200
2088000
1763900
1763300
1757300
1920100
1764900
1762400
2115100
1960800
1777400
1757800
1759700
1765000
1832700
1782000
1839300
2043300
1928000
1769000
1762000
1769800
1811900
1893600
1758200
1771300
1879800
2379200
1822000
1812500
1815100
1918700
1785700
1756500
1767700
1955400
2019000
1794300
1763000
1770600
1876700
1762100
1767900
1770000
2019400
1808300
1771000
1765200
1858300
1866300
1758400
1750100
1784700
2032900
2019900
1930700
1765000
2075500
1833200
1827400
1853100
1913900
2229500
1770500
1807200
1823700
1806000
1780100
1780200
1788200
1952700
2158700
1743500
1767500
1807600
1778200
1763500
1766800
1770600
1904800
1923100
1817900
1767800
1812400
1772700
1755800
1758700
1859500
1765400
1987100
1986000
2245000
1848800
1767900
1930100
1771200
1794600
1881600
2050700
2564700
2380600
1812800
1765200
1952700
2120000
1776900
1906600
2179700
1942500
1763300
1770100
1757800
1958100
1938100
1876300
2306700
1878800
1760100
1821600
1959100
1853400
1764600
1821700
1830500
2353700
1775200
1767200
1771700
1939400
1823400
1762400
1761100
1847700
2364200
1768200
1756300
1795100
1993100
1757600
1756600
1781900
2081600
2004200
1766200
1819400
1774800
2023600
1878300
1764700
1766200
2267300
1972800
1836800
1820800
1955300
1878600
1844800
1820300
1878900
2373200
1738400
1761400
1762900
1848500
1938100
1817200
1896700
1884700
1941800
1797400
1751500
1917100
1868600
1730500
1766900
1758100
1876100
2184400
1772300
1758500
1927100
1846300
1764500
1748000
1863100
1749600
2143700
1866800
1868100
1857600
1918200
1769400
1755000
1833500
1809100
2193500
2159700
2102300
1763100
1762100
1763000
1992700
1774000
1785100
2416200
1895000
1772200
1844000
1793300
1985000
1881500
1757100
2136000
1983500
1801300
1766000
1965200
1773500
2137100
1850900
1820900
2383000
2164000
1761000
1764800
1934800
1828800
1764700
1826200
2046400
2085800
2150000
1834900
1837500
1881600
1827200
1814900
1817400
2109500
2002400
1744100
1783900
1953400
1861100
1774200
1777400
1764300
2200500
1906300
1835300
1847300
1947300
1889000
1864900
1769300
1777200
2540800
1959100
1779300
1770300
1901000
1814100
1951700
1888200
2215900
2067700
1769300
1767800
1795100
1778700
1932000
1801900
1785000
1996500
1934300
1750300
1762000
1825200
1890400
1762400
1763700
1821300
2009600
1826400
1750500
1768900
1838600
1879100
1790700
1780300
1794300
1927000
1900700
1738400
1762100
1825200
1886200
1768800
1794300
1854700
1898200
2008400
1748500
1914100
1792600
1950400
1871500
1827400
1770000
2103500
2038900
1826300
1768000
1930700
1808000
1780800
1825800
1849300
2864200
2052800
1778000
1765300
1894700
2200500
1828200
1831000
1915900
1776200
1745200
1721800
1835100
2044700
1907900
1750400
1792800
1807000
1865600
1744500
1758800
1755100
2074100
1969800
1838400
1822400
1897800
1820500
1771300
1772100
1789000
1997300
1875800
1783600
1791200
1799400
1901400
1847200
1831900
1838800
2271600
1801200
1730300
1740100
1762200
1997900
1876800
1781500
1765500
2505700
1775600
1764800
1777600
1753600
1933900
1929400
1779100
1908000
2272700
1816700
1755900
1793300
1857800
1792800
1789600
1781300
1858000
2081600
1792800
1782600
1825700
1867400
1792500
1781000
1781300
1873400
2143100
1784900
1733500
1786400
1934400
1761700
1762500
1761600
1770900
2335500
1765900
1758500
1830300
1933400
1879300
1762300
1757300
1899900
2154400
1801000
1933800
2003800
2081400
2157200
2347300
2296600
3040400
2566100
1971400
2072200
2331000
1932400
2001700
2210200
1899700
2104800
1918300
1969200
2680200
2062300
2146300
1963900
1980700
2012500
3341700
2292800
2275800
2696700
3001900
5922900
3994500
2719800
2690000
2778400
3014300
2612700
2703100
2522300
2578900
2371500
2273600
2238500
2194900
2167700
2086500
2044500
2081000
2004600
1959400
1961400
1981500
2074000
1909100
1998000
2040900
1952100
1861700
1813000
1796400
1951700
1761700
1883900
1894200
2020300
2034000
1875100
1892600
1822400
1910000
1782300
1882700
1842100
2277000
2327200
2510100
2004300
1950300
2029300
1925500
1836100
1998800
1952500
2155200
1857600
1831300
1982500
1874700
1763300
2052800
2026300
1888300
1889600
1859800
1835900
1903000
1865700
1777400
2188300
2149100
1949400
1919800
1935400
1959800
2102200
1969000
2212500
1965300
2139300
1907600
1891100
1906000
1835000
1825800
1934900
1974600
1941600
1797300
1863100
1754300
2041500
1769600
1767700
1758300
2606400
2010000
1872700
1875300
1890900
1892400
1833300
1815100
2039500
1918300
1778400
1808500
1921200
1737200
1772700
1769300
1768800
2023600
1959100
1826200
1834800
1937400
1878500
1829400
1822800
1871600
2312500
1930800
1745600
1788500
1845900
1777000
1965400
1938500
1853900
2126000
1888600
1765100
1855500
1847600
1785800
1789500
1852700
1874300
2061500
1919000
1868400
1931100
1847800
1788200
1786700
1864300
1813500
2153500
1797800
1882600
1796000
1949900
1786600
1835400
1782000
2068100
2072200
1837100
1966600
1826000
1751700
1916900
1865000
1770200
2036100
1883400
1851200
1770900
1793200
1944500
1891100
1781300
1764200
2192200
1865200
1769200
1759000
1762700
1769800
2037000
1931200
1762500
2605500
1939500
1926000
1899700
1765300
1803200
1763200
1758200
2003200
2276400
2024100
1826400
2007300
1813900
1827700
1764200
1768700
2044100
2159000
1842500
1851800
1840300
1877000
1823500
1828700
1826400
2120600
1898400
1753700
1762000
1911700
1783700
2052500
1761300
1859400
2495200
1880200
1860800
1866400
1851300
1862700
1867600
1823900
1993500
1907500
1852500
1793300
1807400
1956500
1763200
1767300
1946300
2001500
2054000
1883200
1798000
2000900
1861900
1912600
2339300
2217400
2373600
3216900
2098700
1919500
1924900
2026400
1976700
2037700
1940800
1934500
2122000
1986400
1975200
2001200
1985800
1870000
1882900
1905800
2070000
2558500
1975300
1921000
1897100
1887700
1900600
1920200
1936900
1878000
1811000
1877800
1833400
1851700
1811900
1901500
1897100
1850000
1945600
1825300
1845400
1833200
1785500
1762500
2034100
1902600
1914000
1836500
1758900
1770400
1760800
2036400
2173600
1994800
1916400
1783100
1768600
1809500
1907700
1774800
1836400
1913700
2384600
1980900
1868200
1812200
1814200
1869300
1760400
1769500
1953600
2090100
1944900
1809700
1803200
1828300
1783400
1781100
1788600
1797700
1895400
1792200
1786700
1808100
1799100
1804700
1779500
1808700
1920800
1828200
1757900
1744300
1758600
1754600
1766800
1762700
1823700
1981900
1942900
1825300
1821000
1852400
1815100
1815500
1815400
1831200
1880900
1803300
1770400
1769800
1783800
1790500
1779400
1789300
1921700
1868800
1770400
1726900
1895700
2100400
1862500
1864100
1879100
1822000
2075800
1839900
1797200
1841600
1782400
1849600
1809200
1918800
1775500
1996800
2047600
1848100
1752100
1800800
1766200
1760600
1852300
1770400
1783800
1860500
1815200
1764200
1765100
1762800
1763000
1879300
1756100
1786800
1893400
2061500
1897400
1828900
1833100
1872600
1821500
1817700
1846600
2079400
1891000
1846700
1835000
1848700
1891100
1837200
1829000
1836400
1985300
1829400
1816500
1773300
1832200
1837200
1773100
1790900
1793000
2081100
1862100
1816900
1824200
1893800
1858600
1829800
1837000
1888600
1915000
1738300
1751600
1775000
1943900
1800900
1792300
1771700
1842400
2013600
1819800
1846300
1971000
1802800
1893200
1902900
1922800
1927900
1925100
1831500
1892000
1906000
1922000
1851000
1932200
1878100
1930300
1867900
1885600
1895000
1848600
1845500
1808200
1859900
1880600
1982200
1822100
1805400
1909400
1763000
1777200
1766100
1881300
1795200
1866200
1778600
1819900
1808800
1761100
1842300
1773800
1968200
1813300
1956400
1757800
1833800
1766500
1778000
1767800
1772700
1933900
1769700
2085500
1827800
1841000
1769800
1770500
1770800
1852700
1820600
1759100
2094200
1882300
1829800
1772500
1816600
1795200
1877800
1808800
1824900
1934500
1990700
1846300
1758800
1780000
1781100
1772500
1819600
1853200
1928000
1905900
2045900
1775100
1780800
1792300
1907100
1782900
1791200
1851100
1977500
1825100
1736800
1761600
1810000
1992100
1770300
1776500
1990300
1843400
2090500
1753100
1950000
1764400
1764700
1939100
1764600
2150400
1942100
1770300
1775100
1789900
1756300
1942400
1881300
1774100
2226200
1877500
1761100
1762300
1926800
1790800
1759700
1759500
1754800
2187800
1867800
1820500
1765300
1932300
1761500
1767800
1755700
1767000
2173000
1930700
1829400
1858000
1920500
1767900
1764600
1761700
1764600
2370700
1790700
2017000
1771800
1758700
2210700
1832400
1766500
1763100
1789700
1904200
1880300
1815900
1768900
2232900
1754100
1762400
1765100
1760900
1922700
1765400
1876100
1920700
2423600
1764800
1764800
1763800
1921900
1759600
1768900
1765500
1763500
2134500
1891800
1774600
1760800
1933600
1758600
1765700
1758600
1766200
2377600
1835700
1824300
1928000
1871600
1819100
1813600
1813800
2108000
2057800
1818000
1773300
1792200
1795500
1811600
1926500
1736400
2148100
1968500
1795600
1770200
1827700
1811500
1900800
1938600
1761900
2188200
2054700
1766700
1755600
2059600
1768600
1765500
1883100
1835600
1993300
1950700
1766000
1782900
1835400
1748600
1794100
1833300
1895000
1958000
2002700
1929800
1884600
1945600
1761900
1763100
1827000
1787700
2307200
1820100
1783900
1921400
1945000
1763000
1759600
1853800
1824000
2069500
1880700
1832800
1774400
1810100
1991100
1946800
1771700
1790000
2226400
1887600
1812700
1759100
1811700
1918900
1922600
1819900
2056100
2104400
1789000
1770500
1937700
1777900
1795500
1899800
1762900
2009300
2188100
1816500
1770100
1783800
1785600
1946800
1842600
1799700
2151400
1972200
1852500
1799200
1782800
1852300
1959500
1749200
1771700
2166800
1926500
1748700
1796100
1793500
1912100
1894500
1746400
1756900
2055900
1887900
1904700
1784000
2058800
1855500
1759800
1774200
1832100
2684600
1909500
1757300
1798200
2043500
1890700
1763800
1818500
2161900
1855300
1993700
1873400
1845200
1953800
1766800
1775100
1932600
2221600
1891100
1778700
1822100
1859400
1758900
1771300
1940800
1970800
1929800
1890600
1846000
1813200
1763500
1787300
1908900
1821800
1789200
2096600
1901600
1853000
1834000
1888500
1825600
1821000
1886100
1924400
2262400
1829000
1878300
1774300
1768400
1950700
2018100
1775600
2095600
1997600
1940800
1765000
1853800
1815200
1815400
1835000
1802300
1848100
2032000
1815100
1764900
1759100
1776000
1890300
2049000
1826700
2141600
2008800
2021400
1861800
1821000
1836000
1849400
1848700
1838300
1999600
1842800
1803000
1782700
1928700
1762800
1765100
1761600
1772800
1951800
1810900
1755700
1786600
1820400
1853300
1830800
1785300
1842800
2010100
1867800
1760800
1763800
1772700
1943100
1929900
1768100
1766100
2297100
1797200
1752700
1819200
1839100
1866500
1878900
1808200
1786000
2258100
1991000
1824100
1824100
1840000
1869400
1842600
1815400
1893600
2115300
1769100
1769300
1774500
1950600
1761600
1782300
1763900
1819900
2237100
1880700
1832800
1854700
1842700
1837600
1817000
1820600
1964400
2125000
1750700
1760300
1837100
1955800
1763600
1786000
1874400
2049200
2021500
1768200
1840300
1771400
1834500
1966800
2035700
1763400
2134300
2084100
1782300
1757000
1762700
1764600
2112400
1777100
1821100
2058700
1929700
1770400
1767500
1764200
1756700
1900400
1872100
1764600
2138200
1880200
1819300
1846200
1882400
1827000
1818500
1817000
2022200
2241000
1745700
1818800
1759300
1930100
1764100
1767100
1765100
1768800
2144100
1966700
1823800
1772100
1813000
1767800
1938500
1779100
1759100
2087500
1855500
1824500
1827200
1948700
1832200
1830800
1820800
1917000
2092900
1736400
1757000
1760900
1933700
1879900
1767700
1808000
1769700
2193300
1886900
1780000
1763200
1771800
1838900
1863000
1790400
1845300
2206600
1838400
1822800
1839200
1852000
1826300
1819300
1924700
1854700
2095500
1746000
1792800
1769900
1764300
1780000
1923700
1762500
1839100
2035700
1788200
1854800
2072100
1818300
1873100
1787800
1773400
2119900
2161200
1773800
1752700
1777000
1784200
1868800
1873200
1740700
2078500
1908000
1881200
1760000
1766700
1951200
1904300
1825600
1815800
2231800
1963400
1771400
1758800
1764800
1767000
1969300
1890800
1764600
2112900
2062300
1773300
1765600
1769400
1781200
2017400
1776200
1760500
2152900
2028800
1774200
1747700
1773000
1796900
1951100
1760300
1767800
2370200
1945700
1919100
1842400
1924100
1787200
1964000
1768600
1869500
2164300
1758400
1757100
1797500
1847400
1743000
1999300
1768500
1991600
1944100
2039000
1942400
1918300
1759900
1879400
2031100
1894300
2503500
1947300
1769000
1783200
1819000
1778100
2077100
1768400
1867000
2011900
1895600
1908800
2084400
1883000
1826600
1815800
2005100
2079600
2063600
1828100
1931700
1740900
1773100
1774700
1966300
1807400
2078300
1875800
1748300
1901700
1808100
1781400
1773300
2000900
1763500
2148300
2000200
1978000
1922500
1833800
1846200
2030500
1755700
1793500
2302400
1850600
1771300
1755900
1765700
1794500
2162300
1815600
2056300
1869600
2167700
1762800
1768000
1760600
1844200
1905800
1764300
2226100
1839600
1770600
1759800
1763400
1761200
1824700
1760200
1777500
2096500
1764500
1746900
1821500
1760400
1772700
1764700
1760900
1860000
1975700
1809300
1772500
1759300
1761600
1808000
1765600
1759200
1931800
1769800
1802100
1767500
1772900
1766400
1754100
1759200
1823900
1764800
1936500
2081000
1754500
1749100
1759400
1780800
1791900
1784400
1782100
1789400
2426000
2385600
1850000
1754500
1765800
1797900
1943100
1882000
1764500
2667700
2064700
1864200
1866300
1823300
1881600
1920600
1793800
1857200
1785800
1784900
1799300
1783800
1788100
1784300
1781200
1781200
2219600
1826700
1786900
1895000
1854800
1807600
1771000
1763800
1777900
1812100
1857800
1862800
1809900
1784500
1788600
1790300
1886600
1805200
1761200
1960100
1860600
1777600
1764200
1768500
1767900
1771900
1754700
1800300
1820900
1800900
1876800
1768400
1755900
1764100
1934800
1855800
1758300
2039100
1942600
1765900
1769700
1761300
1789400
1831300
1763000
1757600
1897300
1822400
1753700
1841000
1810100
1820900
1745200
1732600
1757900
1947900
1851900
1751400
1772300
1780400
1904900
1736300
1743100
1760200
1797300
1883700
1757000
1806400
1780400
1948800
1825000
1850200
1792000
2027700
2126400
1751000
1749100
1787200
1839100
1915100
1791300
1790700
2103600
1895500
1788600
1789000
1833700
1792600
1788500
1782800
1788000
1805400
1935600
1842700
1781600
1858300
1797000
1783300
1789200
1916400
2165200
1900500
1877600
1979300
1818600
2005700
2087700
1985600
2009100
1834000
1783100
1857300
1792400
1839000
1830700
2420000
1875200
1905400
1782600
1789200
1792000
1943600
1804700
2326600
2130300
2255300
1934200
1864000
1918600
1891100
1785300
2040900
2361000
1880000
1783100
1786700
1787700
1812700
2011700
1910800
2114600
2110500
1936200
1791800
1792100
1780800
1855300
1970100
1839800
2189500
2022700
1784500
2035700
1787100
2396800
1899800
1822500
2039200
2114000
1926200
1821800
1795400
1952500
1798800
1976400
1785100
2039600
2138500
1921400
1768700
1813500
1870000
1845400
2030500
1772500
2269500
1922400
1769200
1794400
1975600
1779100
1964100
1775100
2013200
1988700
1848400
1818100
1913400
1854700
1836900
1880000
1828400
2149100
1964600
1807400
1776000
1872100
1768200
1781000
1969300
1827200
1927500
2003700
1751900
1822500
1843800
1778600
1784700
1802200
1798500
1847900
1927200
1830700
1880600
1832000
1827300
1865900
2023200
1848600
1942400
1899300
1844200
1897700
1829600
1816300
1897100
1919300
1814500
2043200
1908700
1875600
1854300
1822700
1843500
1932200
1739500
1733400
1954200
1930100
1957600
1835200
1819700
1822800
2136000
1982500
1822800
2139300
1888300
1759200
1772700
1788200
1820000
1832000
1762500
1832900
2285400
2094400
1863000
1856000
1828600
2271100
1861000
1816500
2139600
2203800
1801100
1784300
1782700
2045600
2023400
1772900
1870100
2261800
1889300
1829000
1834300
1928300
1855500
1929100
1772800
2074200
2122500
1798400
1783700
1922400
1805900
2115900
1792800
1796900
2642600
1857900
1828300
1896900
1865200
1854100
1975600
1929500
2180300
2082500
1861800
1757300
1787300
1770700
1866100
1784800
1925400
2330600
2005600
1773500
1887800
1921100
1794700
2001700
1868400
1901800
2036200
1803100
1763200
1790300
1785000
1831500
1815800
1853300
1877700
2022200
1784200
1903400
1792600
1779600
1783000
1997900
1966000
1942900
2166300
1839700
1788100
1848200
1774200
1825700
2172900
1793800
2222100
2053600
1825300
1828700
1812800
1814800
2061500
1852700
1843800
1979100
1960700
1861000
1845000
1811400
1849800
2173400
1770200
1892700
2176200
2020500
1896400
1882600
1840000
1917700
1880700
1926000
2069500
1955900
1905300
1800300
1959400
1846000
2376300
1839900
1796200
2152400
1879900
1876700
1838700
1819800
1879800
1889700
1866500
2044200
1948700
1865000
1753000
1767200
1790700
1931000
1919700
1761300
2253000
1972600
1755000
1760800
1836000
1948600
2086500
2248600
2225300
2357700
2294300
2684300
2072100
2092800
3290800
2168400
3866800
2519500
1982200
1940100
2689100
3758800
3338800
2613100
2520500
2785500
2537800
2492800
2537200
2519300
2458500
2443700
2445900
2518200
2448700
2413600
2376800
2322000
2304300
2183100
2137800
2082200
2041800
2044900
2029000
2021000
1985500
1983600
1955200
1938900
1958300
1988300
1846300
1845900
1820500
1852000
1881000
1817700
1785300
1964800
1874400
1803200
1767500
1773400
1816100
1787300
1806600
1769800
1913400
2415100
1938100
1869700
1847700
1869200
1888400
1921400
1982600
1955800
2081000
1886200
1849000
1880200
1811400
1819400
2160300
2505200
1873600
2060700
1907900
2008500
1801000
1798400
1806400
2123900
1945100
2071600
2016700
1924200
1732800
1853700
1776300
1897700
2015200
2354300
1910500
1970600
1779700
1851100
1852300
1850300
1826000
2237500
2342400
2230300
2005000
1909400
1976700
2236000
2039400
2017000
1819400
1898200
1852300
1767300
1874100
1861400
1929500
1815700
1914300
1876900
2080400
1902100
1839100
1890600
1902500
1860800
1938300
1923500
1869900
1832900
1848200
1751600
1847000
1803500
1768200
1884300
1886300
1899100
1821600
1810800
1782000
1876700
1775600
1763200
2007600
1954800
1794300
1842100
1767100
1775300
1905400
1765800
1768600
1841000
2110400
1904600
1901500
1870900
1980600
2048400
1824700
1798200
2035300
1875100
1826200
1917900
1833600
1867400
1849700
1768500
1837000
2001300
1842300
1821400
1826300
1795400
1832100
1852100
1762100
1850500
2201400
1874700
1862600
1773700
1838400
1833800
1815500
1781400
1905200
2104700
2012700
1949100
1930400
1837500
1890600
2054700
2040100
2185000
1978500
1802000
2027000
1821600
1847200
2600200
2001100
2232600
2405800
2064200
1863200
1830500
1852500
1824100
1870200
1841400
2207900
1931900
2110800
1776300
1760700
1800400
2134900
1787300
2121600
2022500
1900100
2037200
1784600
1914500
1804300
2033600
1844800
2077200
1921600
1852600
1850700
1901000
1797100
2090800
1791400
2078100
2159200
2049600
1753700
1808800
1792100
1880100
1804900
1911300
2781900
1970400
1773500
1845400
1785500
1802300
2110800
1800900
2191300
1903100
1989200
1774800
1811600
1810200
1876000
2002300
1788900
1935000
2112900
1754800
1779000
1797200
1911600
1777900
2040600
1785700
2206000
2079500
1833800
1780000
1852200
1861600
1832400
1934900
1849500
2297200
1903000
1910100
1770100
1856400
1765200
1844800
1931300
1848700
2128800
2080100
1826200
1939300
1782400
1801700
2147300
1894100
2137100
1912700
2143200
1999700
1789200
1845600
1835500
2128200
2037200
2140800
1863600
1842100
1831300
1853300
1870700
1855100
1811000
2082600
1879700
1790000
1778800
1786200
1782000
1824800
2015900
1785300
2101500
1810500
1757800
1797900
1785700
1795300
1791500
1818800
1782400
1972000
1909700
1786900
1783200
1788400
1784600
1807100
1807900
1791900
2118100
1951000
1840000
1814800
1832200
1814500
1932300
1989800
1767600
1980100
1842100
1766200
1889500
1795100
1784200
1786500
1936600
1783200
2156500
1947800
1965600
1988800
2147800
2346200
2343100
2367500
2727500
2032500
1936700
2117600
1960200
1933700
1928500
1968300
2596800
2136600
1971500
1948300
1987900
2141400
1844900
2209800
2111000
1952400
1923600
1913900
1826400
1798000
1793600
1819500
1768200
2174700
1832900
1821400
1826100
1796900
1947700
1939000
1797600
1835900
1786800
1805900
1816100
1873300
1814000
1996300
1925900
1963100
1824900
1794300
1855500
1823700
1852400
1871000
1976400
1926300
1925900
1908300
1912500
1911600
1938300
1913100
1997900
1983700
1910800
1925700
1898700
1936100
2091200
2127400
2000400
1934800
1919600
1917900
1898200
1903500
2048800
1925700
1890000
2002000
1919000
1926700
1941600
1915000
1968000
1931300
1952200
1955100
2148900
1907400
1890700
1879500
1826100
1976800
1904600
1921400
2117900
1898800
1876900
1880600
1893000
1891800
1917600
1914500
1912700
2074700
1851800
1819200
1824700
1826900
1986500
1983600
1931700
1795000
2054900
1865200
1885100
1878800
1944600
1919800
1766000
1743900
2105700
1896300
1817700
1840500
1894300
2005500
1878900
1758600
1915600
2000000
1832500
1817600
1825300
1883000
1789800
1918100
1766500
1935100
1935500
1875800
1820400
1887600
2090000
1793600
1794000
1784300
1873400
2181600
1845700
1949600
1905700
1755800
1844800
1820600
1846100
1797800
2341400
1832600
1890200
1824300
1916400
2154600
1843500
1841800
2398500
1878200
1851400
1822400
1824700
1826400
1847900
1882200
1786700
2187000
1746700
1863300
1761600
1784300
1934600
2034900
1787400
1859200
2320600
1951900
1786800
1784700
1788800
2181100
1828600
1751900
1794600
2259800
1880000
1785500
1845700
1789200
1903100
1933300
1788600
2318400
2135000
1908300
1862200
1825000
1877700
1864900
1797200
1791100
2213100
2223000
1868400
1826200
1815200
1865900
1912900
1844100
1958600
1863700
1927800
1777400
1782300
1784900
1796800
1958300
1794300
2245100
2135200
1840000
1849500
1840800
1859300
1860800
1858000
1763400
2178700
1971800
1763300
1791900
1779500
1819100
1802500
1810800
1898400
1950300
1901700
1820100
1830000
1846200
1831600
2052600
1801400
1766200
2176000
1853700
1818900
1824200
1816300
1824900
1840000
1866800
1874800
1958100
1856000
1881000
1841500
1828800
1879800
1818000
2097700
1952700
1965600
1842100
1923700
1830500
1833300
1890700
1890400
1816100
1844200
1979900
1884100
1859900
1899000
1986600
2007500
1817800
1803400
2069200
1870300
1870500
1829200
1829300
1826000
1936300
1824000
1813900
1960400
1914000
1827700
1819400
1851300
1833600
2055800
1758000
1757700
2250600
1829600
1901600
1798400
1781800
1881200
1864000
1758200
1774200
2256700
1849500
1822900
2051600
1829600
1821800
1969000
1842900
2019700
2036600
1842400
1844100
1823500
1920300
1885200
1825100
1830700
2519000
2067700
1761100
1757600
1962800
1900000
1944000
1787800
1878200
2263100
1785900
1849200
1912400
1811400
2130600
1835900
1839500
2164500
1846700
1751500
1771300
1789300
1808500
1791500
1804300
1860600
1853600
1957900
1751100
1894600
1815500
1789300
1838200
1976900
1968800
2031300
1935900
2019900
1840600
1837900
1926600
2034600
1787900
1858700
1983600
2019100
1831800
1789700
1783600
1797400
1835800
1929600
1796800
2122200
1809800
1755000
1775100
1786300
1792000
1787700
1842700
1791800
2257400
2054800
1888900
1833600
1837000
1872200
1834000
1857500
1829600
2044600
1818900
1755300
1768300
1780700
1920400
1855600
1781300
1786600
1920800
1852400
1789300
1803400
1778800
1850900
1812500
1791400
1791500
1920900
1853400
1790900
1780500
1810000
1791200
1804200
1791600
1786800
1885700
1800400
1779300
1759400
1757000
1776200
1790800
1771100
1759100
1896100
1900200
1758000
1795800
1770800
1756200
1817500
1782600
1945400
1940600
1995700
1822900
1837600
1823400
1825800
1948700
1771200
1903700
2077900
2147100
1786800
1771700
1778900
1794900
1980000
1917100
1795100
2018200
1859500
1829000
1836000
1818400
1890700
2031200
1893100
1828000
2079400
1752400
1775000
1797500
1780500
1900500
1835600
1767900
1744100
1909000
1914400
1760900
1794900
1784000
1887600
1798500
1785500
1778800
2056600
1793300
1920100
1841700
1752700
2336200
2030100
1784200
1968400
2220800
2020400
1780800
1806000
1763400
2177100
1790100
1788000
2332000
1944600
1828500
1827700
1823800
1875300
1957400
1830100
1820500
2201000
1985700
1893300
1767900
1823100
1887000
1842800
1786200
1881300
2268500
1767400
1768700
1798900
1857000
1872400
1886800
1781700
2259800
1982300
1973800
1823400
1779100
1839200
1964200
1794200
1840000
2232700
1911900
1780100
1785800
1850900
1909600
1970300
1785000
1900900
2129400
1817100
1787400
1785100
1782300
1881400
2089200
1771300
1833900
2215700
1766100
1784400
1796300
1778800
1798100
1854800
1964500
1892300
2048500
1786000
1897100
1786000
1781200
1780000
2135100
1788500
1956500
2107000
1798700
1790000
1779500
1785500
2147500
1794400
1777600
2217000
1907700
1841500
1823200
1819600
1827100
1857500
1834100
1823500
2317400
1865800
1754700
1782800
1863800
1913700
1959100
1789200
1948200
2172900
1834000
1819200
1833200
1824500
1846000
1856500
2008200
1767700
1944600
1781100
1817400
1812000
1786100
1799600
1978000
1903800
1784300
1988600
1936700
1831600
1819100
1821000
1901700
2053600
1770400
1771200
2459200
1893100
1796400
1905300
1866400
1927200
1773000
1800800
2228200
1932500
1990900
1793600
1803400
2301900
2063200
1789700
1926300
2188300
2119100
1887900
1846300
1845300
1907500
1806200
1836200
1937800
1963000
1932000
1941200
2092700
1932000
1888100
1875300
1938600
2258900
1905700
1878300
1864900
1801800
1876600
1855300
1888000
1828800
2037100
1862700
1840300
1844100
1822200
1877600
1824400
1922000
2046300
1896100
1823600
1908900
1821500
1852000
1843300
1897600
1860900
1986700
1937700
1884900
1861700
1933500
1894900
1837900
1888600
1789300
1919200
1797100
1955500
1870000
2050700
1853600
2090200
1847500
2086100
1804700
1835600
1766200
1781600
1778200
1841200
1874500
1799600
1803800
1846200
1822500
1763000
1768800
1786800
1835200
1799100
1819400
1783300
1878100
1881000
1810500
1784100
1796000
1852500
1778500
1765300
1770600
1839300
1832000
1766100
1766300
1757600
1866400
1823500
1866600
1811500
1918000
1811400
1761800
1766100
1766000
2271800
1786300
1785400
1801400
2014800
1760800
1752800
1767800
1900100
2078800
1774700
1776500
1828200
1858900
1784100
1847500
1785700
1846100
2152800
1872900
1899200
1904200
1762800
1754900
1757100
1823100
2034100
1968300
1826500
1829500
1881000
1762800
1784100
1797300
1871500
1997400
2054400
1789900
1822200
1796100
1777600
1784600
1793800
1986100
2011900
1890000
1779100
1933500
1791300
1785300
1783900
1910200
1812300
1779100
1934900
1927200
2005800
2013400
1844300
1838700
2020200
1763300
2050300
1793200
1878400
1802200
1769200
1771400
2012500
1812300
1754900
1941100
1821100
1840400
1797400
1780500
1786300
1874700
1789500
1844600
2112500
1878800
1790300
1781100
1811600
1823300
1811900
1783800
1782200
2147900
1948800
1781300
1793700
1781700
1919300
1870500
1791900
1784500
2147300
1790900
1807800
1858100
1797800
1835400
1784100
1918100
1985100
1971400
1874300
1783100
1785800
1940800
1882100
1770100
1762800
1780100
2185600
1764300
1773200
1776700
1897700
1780700
1833300
1781200
1868600
1882100
1895600
1767600
1750400
1870300
1798300
1784600
1782700
1894300
2009900
1750000
1760000
1872100
1769000
1772000
1754700
1762000
1808800
2165200
1824600
1758700
1812500
1776100
1766400
1801700
1793100
1821700
1855600
1819600
1762300
1836800
1768800
1759600
